-7.24, -7.68, -7.977, -8.266, -8.625, -8.92, -9.13, -9.3, -9.34, -9.18, -8.69, -8.04, -7.414, -7.086, -7.098, -7.285, -7.637, -7.996, -8.31, -8.47, -8.46, -8.37, -8.21, -8.06, -7.98, -8.02, -8.266, -8.62, -8.81, -8.62, -7.984, -7.25, -6.754, -6.562, -6.547, -6.67, -6.758, -6.99, -7.19, -7.465, -7.75, -8.04, -8.36, -8.71, -9.125, -9.555, -9.87, -10.016, -9.77, -9.2, -8.57, -8.19, -8.32, -9.03, -10.12, -11.336, -12.33, -12.97, -13.016, -12.49, -11.445, -10.125, -8.99, -8.24, -7.79, -7.566, -7.457, -7.44, -7.566, -7.816, -8.07, -8.36, -8.58, -8.734, -8.84, -8.99, -9.11, -9.27, -9.4, -9.52, -9.61, -9.664, -9.65, -9.59, -9.46, -9.32, -9.19, -9.086, -9.04, -8.98, -8.84, -8.62, -8.27, -7.93, -7.625, -7.24, -6.723, -6.32, -6.258, -6.65
-2.703, -4.062, -5.105, -6.23, -7.363, -8.31, -9.01, -9.55, -9.805, -9.414, -7.99, -5.793, -3.613, -2.295, -2.084, -2.707, -3.842, -5.11, -6.176, -6.812, -6.91, -6.57, -6.0, -5.418, -5.1, -5.312, -6.234, -7.53, -8.37, -7.836, -5.83, -3.283, -1.415, -0.577, -0.4604, -0.687, -1.154, -1.902, -2.857, -3.914, -4.98, -6.1, -7.316, -8.62, -10.01, -11.305, -12.23, -12.34, -11.37, -9.4, -7.277, -6.082, -6.582, -8.734, -11.805, -15.07, -17.78, -19.52, -19.9, -18.75, -15.945, -12.11, -8.23, -5.207, -3.365, -2.33, -1.783, -1.763, -2.254, -3.158, -4.19, -5.098, -5.848, -6.36, -6.72, -7.016, -7.348, -7.715, -8.08, -8.38, -8.54, -8.5, -8.25, -7.86, -7.348, -6.887, -6.535, -6.33, -6.266, -6.188, -5.848, -5.156, -4.234, -3.36, -2.602, -1.722, -0.5645, 0.372, 0.3296, -0.947
2.672, 0.3633, -1.831, -4.117, -6.164, -7.69, -8.73, -9.55, -10.15, -9.805, -7.74, -3.986, 0.2258, 3.145, 4.035, 3.178, 1.18, -1.284, -3.541, -5.07, -5.58, -5.094, -4.043, -2.842, -2.088, -2.354, -3.908, -6.293, -8.016, -7.395, -3.992, 0.7075, 4.555, 6.633, 7.26, 7.055, 6.094, 4.504, 2.39, 0.06836, -2.352, -4.75, -7.145, -9.516, -11.76, -13.63, -14.69, -14.36, -12.23, -8.51, -4.824, -2.938, -3.965, -7.457, -12.12, -16.81, -20.77, -23.55, -24.81, -23.98, -20.6, -14.94, -8.195, -2.266, 1.826, 4.25, 5.438, 5.46, 4.51, 2.725, 0.734, -1.112, -2.586, -3.572, -4.23, -4.69, -5.19, -5.695, -6.223, -6.637, -6.754, -6.53, -6.016, -5.28, -4.52, -3.912, -3.623, -3.645, -3.84, -3.889, -3.383, -2.166, -0.533, 0.9595, 2.146, 3.36, 4.91, 6.34, 6.598, 5.062
7.516, 4.527, 1.205, -2.16, -4.91, -6.637, -7.61, -8.52, -9.52, -9.695, -7.63, -2.86, 3.178, 8.01, 10.11, 9.53, 7.01, 3.371, -0.277, -3.04, -4.285, -3.936, -2.45, -0.56, 0.831, 0.817, -1.07, -4.266, -6.883, -6.605, -2.486, 3.973, 9.875, 13.49, 14.945, 14.875, 13.414, 10.766, 7.246, 3.395, -0.5254, -4.254, -7.72, -10.88, -13.56, -15.48, -16.05, -14.73, -11.12, -5.992, -1.369, 0.4358, -1.493, -6.066, -11.586, -16.86, -21.19, -24.34, -26.1, -26.03, -23.23, -17.23, -8.8, -0.2864, 6.383, 10.58, 12.68, 12.92, 11.58, 9.1, 6.1, 3.236, 0.8716, -0.7812, -1.832, -2.453, -2.938, -3.441, -3.957, -4.33, -4.344, -3.95, -3.262, -2.404, -1.691, -1.317, -1.414, -1.886, -2.443, -2.648, -1.979, -0.2766, 2.05, 4.223, 5.793, 7.1, 8.7, 10.4, 11.07, 9.945
11.2, 8.01, 3.953, -0.201, -3.365, -5.086, -5.83, -6.652, -7.957, -8.766, -7.223, -2.24, 5.043, 11.77, 15.625, 16.02, 13.53, 9.14, 4.195, 0.05542, -2.254, -2.379, -0.7524, 1.646, 3.672, 4.1, 2.285, -1.224, -4.445, -4.812, -0.815, 6.46, 13.9, 19.05, 21.44, 21.52, 19.53, 15.81, 10.98, 5.688, 0.514, -4.297, -8.56, -12.22, -15.05, -16.66, -16.47, -13.96, -9.14, -3.146, 1.544, 2.691, -0.0841, -5.234, -11.01, -16.4, -20.72, -23.69, -25.47, -25.78, -23.8, -18.44, -9.7, 0.4, 9.4, 15.67, 19.11, 20.0, 18.67, 15.78, 12.0, 8.12, 4.758, 2.25, 0.6353, -0.2294, -0.692, -1.051, -1.391, -1.582, -1.483, -1.04, -0.3728, 0.2776, 0.635, 0.522, -0.08575, -1.002, -1.892, -2.227, -1.506, 0.4773, 3.268, 5.96, 7.902, 9.266, 10.7, 12.36, 13.47, 13.125
13.336, 10.55, 6.27, 1.69, -1.755, -3.459, -3.99, -4.63, -6.035, -7.37, -6.61, -2.0, 5.79, 14.086, 19.89, 21.83, 20.08, 15.555, 9.71, 4.3, 0.7827, -0.1737, 1.16, 3.727, 6.117, 6.945, 5.562, 2.357, -0.9644, -1.983, 1.233, 8.25, 16.27, 22.44, 25.61, 25.77, 23.28, 18.67, 12.82, 6.543, 0.5312, -4.918, -9.6, -13.51, -16.36, -17.69, -16.9, -13.6, -8.08, -1.878, 2.46, 3.08, 0.1181, -4.855, -10.45, -15.77, -20.12, -23.0, -24.5, -24.72, -23.22, -18.81, -10.86, -0.271, 10.336, 18.73, 23.97, 26.03, 25.31, 22.39, 18.17, 13.51, 9.164, 5.715, 3.396, 2.137, 1.609, 1.421, 1.336, 1.3545, 1.524, 1.875, 2.26, 2.5, 2.316, 1.664, 0.6035, -0.666, -1.815, -2.332, -1.743, 0.1271, 2.955, 5.848, 8.04, 9.484, 10.74, 12.29, 13.75, 14.33
13.88, 11.945, 7.94, 3.273, -0.3342, -2.08, -2.488, -2.87, -4.1, -5.656, -5.617, -1.924, 5.535, 14.63, 22.12, 25.9, 25.4, 21.38, 15.25, 9.016, 4.38, 2.379, 2.953, 5.152, 7.496, 8.64, 7.914, 5.57, 2.822, 1.521, 3.627, 9.414, 16.92, 23.23, 26.66, 26.78, 23.9, 18.81, 12.46, 5.8, -0.5127, -6.14, -10.984, -14.93, -17.78, -19.0, -18.02, -14.5, -8.88, -2.883, 1.198, 1.947, -0.3965, -4.63, -9.83, -15.086, -19.53, -22.47, -23.83, -23.81, -22.45, -18.81, -12.01, -2.168, 9.0, 19.02, 26.23, 29.92, 30.33, 28.0, 23.81, 18.77, 13.805, 9.57, 6.523, 4.746, 3.988, 3.895, 4.035, 4.22, 4.402, 4.543, 4.48, 4.164, 3.45, 2.31, 0.888, -0.6733, -2.018, -2.758, -2.436, -0.9062, 1.58, 4.29, 6.51, 8.016, 9.19, 10.58, 12.25, 13.69
13.164, 12.22, 8.82, 4.38, 0.738, -1.097, -1.44, -1.482, -2.262, -3.672, -4.21, -1.727, 4.652, 13.52, 21.9, 27.27, 28.27, 25.3, 19.61, 13.13, 7.78, 4.766, 4.33, 5.72, 7.59, 8.77, 8.7, 7.53, 5.9, 4.91, 6.15, 10.3, 16.3, 21.78, 24.89, 24.88, 21.86, 16.72, 10.414, 3.885, -2.328, -7.867, -12.63, -16.48, -19.31, -20.6, -19.7, -16.45, -11.125, -5.363, -1.197, 0.2598, -1.039, -4.465, -9.27, -14.45, -18.98, -22.08, -23.45, -23.33, -21.89, -18.83, -13.32, -4.863, 5.746, 16.5, 25.25, 30.81, 32.78, 31.58, 28.0, 23.23, 18.11, 13.5, 9.9, 7.58, 6.523, 6.297, 6.48, 6.74, 6.87, 6.74, 6.273, 5.42, 4.18, 2.645, 0.901, -0.909, -2.426, -3.334, -3.281, -2.082, 0.05966, 2.498, 4.594, 6.05, 7.09, 8.22, 9.9, 11.945
11.77, 11.66, 8.95, 4.92, 1.386, -0.5327, -0.885, -0.5957, -0.7275, -1.609, -2.338, -1.014, 3.69, 11.31, 19.53, 25.72, 28.11, 26.55, 21.88, 15.89, 10.336, 6.61, 5.207, 5.582, 6.676, 7.58, 7.848, 7.61, 7.266, 7.246, 8.33, 11.18, 15.4, 19.44, 21.77, 21.45, 18.53, 13.66, 7.727, 1.51, -4.43, -9.74, -14.37, -18.16, -20.84, -22.08, -21.39, -18.38, -13.39, -7.72, -3.139, -0.833, -1.275, -4.21, -8.81, -13.984, -18.45, -21.66, -23.23, -23.22, -21.8, -19.05, -14.53, -7.664, 1.557, 11.875, 21.34, 28.34, 32.06, 32.47, 30.28, 26.39, 21.77, 17.2, 13.28, 10.516, 9.05, 8.57, 8.64, 8.836, 8.82, 8.414, 7.566, 6.31, 4.684, 2.8, 0.789, -1.234, -2.934, -3.977, -3.98, -2.861, -0.8267, 1.551, 3.564, 4.88, 5.574, 6.266, 7.633, 9.87
10.2, 10.59, 8.516, 4.984, 1.666, -0.294, -0.747, -0.2917, 0.2021, 0.145, -0.2532, 0.3396, 3.332, 9.016, 16.03, 22.11, 25.34, 25.08, 21.84, 16.84, 11.74, 7.8, 5.68, 5.12, 5.36, 5.65, 5.77, 5.98, 6.613, 7.75, 9.445, 11.87, 14.836, 17.58, 19.0, 18.34, 15.53, 10.914, 5.266, -0.6943, -6.438, -11.65, -16.14, -19.81, -22.36, -23.38, -22.44, -19.38, -14.41, -8.61, -3.629, -0.8013, -0.9346, -3.89, -8.53, -13.55, -17.94, -21.23, -23.11, -23.38, -22.16, -19.58, -15.664, -10.04, -2.523, 6.5, 15.72, 23.47, 28.7, 30.92, 30.47, 28.03, 24.45, 20.34, 16.52, 13.49, 11.57, 10.71, 10.484, 10.53, 10.305, 9.664, 8.5, 6.918, 5.023, 2.883, 0.6147, -1.628, -3.502, -4.566, -4.457, -3.1, -0.8076, 1.753, 3.795, 4.9, 5.133, 5.234, 6.066, 8.09
8.67, 9.27, 7.66, 4.656, 1.649, -0.3208, -0.969, -0.544, 0.3928, 1.204, 1.558, 2.06, 3.81, 7.53, 12.734, 17.81, 21.22, 21.92, 19.94, 16.22, 11.875, 8.2, 5.82, 4.605, 4.04, 3.588, 3.209, 3.27, 4.26, 6.258, 8.87, 11.695, 14.41, 16.52, 17.36, 16.42, 13.55, 9.04, 3.479, -2.516, -8.29, -13.51, -17.98, -21.48, -23.72, -24.19, -22.64, -19.02, -13.66, -7.625, -2.549, 0.11096, -0.4128, -3.705, -8.375, -13.164, -17.34, -20.72, -22.95, -23.73, -22.81, -20.4, -16.78, -12.016, -5.855, 1.66, 9.94, 17.66, 23.78, 27.64, 29.03, 28.33, 26.05, 22.83, 19.36, 16.28, 14.02, 12.73, 12.14, 11.85, 11.41, 10.52, 9.15, 7.367, 5.254, 2.877, 0.3804, -2.092, -4.094, -5.11, -4.73, -2.924, -0.1635, 2.727, 4.824, 5.64, 5.39, 4.887, 5.16, 6.742
7.254, 7.863, 6.625, 4.1, 1.426, -0.538, -1.436, -1.212, -0.1142, 1.366, 2.62, 3.613, 4.934, 7.254, 10.7, 14.43, 17.27, 18.27, 17.2, 14.516, 11.125, 7.99, 5.676, 4.07, 2.846, 1.71, 0.726, 0.3242, 1.097, 3.291, 6.516, 10.04, 13.2, 15.44, 16.27, 15.305, 12.43, 7.89, 2.2, -3.945, -9.9, -15.234, -19.7, -23.05, -24.8, -24.55, -22.06, -17.42, -11.48, -5.31, -0.6294, 1.214, -0.1097, -3.758, -8.33, -12.73, -16.69, -20.11, -22.72, -23.98, -23.61, -21.6, -18.08, -13.64, -8.25, -1.941, 5.207, 12.46, 18.98, 23.88, 26.81, 27.75, 26.89, 24.69, 21.73, 18.72, 16.28, 14.61, 13.61, 12.91, 12.19, 11.055, 9.555, 7.645, 5.426, 2.857, 0.0855, -2.582, -4.68, -5.61, -4.9, -2.602, 0.6846, 3.895, 6.008, 6.535, 5.84, 4.81, 4.574, 5.65
5.93, 6.484, 5.54, 3.45, 1.078, -0.898, -2.027, -2.064, -1.038, 0.7515, 2.717, 4.44, 5.973, 7.688, 9.89, 12.31, 14.25, 15.04, 14.375, 12.44, 9.88, 7.395, 5.277, 3.494, 1.798, 0.1187, -1.365, -2.223, -1.928, -0.1116, 3.074, 6.96, 10.66, 13.47, 14.734, 14.09, 11.41, 6.945, 1.205, -5.08, -11.24, -16.8, -21.33, -24.42, -25.66, -24.47, -20.88, -15.26, -8.73, -2.73, 1.134, 1.941, -0.1632, -3.957, -8.17, -12.2, -15.92, -19.39, -22.38, -24.25, -24.47, -22.88, -19.64, -15.23, -10.086, -4.324, 2.023, 8.69, 15.055, 20.56, 24.56, 26.83, 27.25, 26.02, 23.66, 20.88, 18.34, 16.31, 14.836, 13.71, 12.68, 11.44, 9.82, 7.867, 5.555, 2.842, -0.1555, -3.031, -5.23, -6.05, -5.03, -2.283, 1.457, 4.9, 6.95, 7.188, 6.094, 4.67, 4.027, 4.66
4.742, 5.215, 4.5, 2.74, 0.605, -1.345, -2.627, -2.906, -2.088, -0.312, 1.978, 4.277, 6.293, 8.04, 9.63, 11.11, 12.16, 12.484, 11.84, 10.4, 8.52, 6.594, 4.723, 2.83, 0.8184, -1.197, -2.924, -4.023, -4.14, -2.959, -0.3962, 3.18, 7.05, 10.34, 12.25, 12.234, 10.055, 5.91, 0.3237, -6.047, -12.45, -18.19, -22.8, -25.66, -26.23, -24.1, -19.42, -12.94, -6.145, -0.6167, 2.3, 2.139, -0.4219, -4.094, -7.824, -11.375, -14.945, -18.58, -21.9, -24.38, -25.25, -24.23, -21.36, -17.03, -11.85, -6.1, -0.0891, 6.2, 12.42, 18.19, 22.81, 26.0, 27.39, 27.0, 25.25, 22.77, 20.19, 17.84, 15.914, 14.375, 13.016, 11.62, 10.03, 8.086, 5.7, 2.854, -0.3699, -3.477, -5.777, -6.504, -5.19, -2.002, 2.08, 5.652, 7.59, 7.555, 6.117, 4.387, 3.453, 3.756
3.764, 4.168, 3.576, 2.027, 0.02153, -1.87, -3.172, -3.559, -2.945, -1.396, 0.8413, 3.363, 5.76, 7.742, 9.234, 10.21, 10.664, 10.54, 9.805, 8.65, 7.246, 5.766, 4.07, 2.088, -0.1082, -2.209, -3.89, -4.945, -5.25, -4.66, -2.963, -0.1656, 3.283, 6.652, 9.06, 9.73, 8.24, 4.67, -0.6416, -6.97, -13.555, -19.5, -24.14, -26.66, -26.6, -23.53, -17.92, -10.85, -4.05, 0.8647, 2.89, 2.043, -0.665, -3.967, -7.22, -10.445, -13.914, -17.64, -21.33, -24.3, -25.81, -25.52, -23.19, -19.12, -13.86, -7.883, -1.724, 4.52, 10.74, 16.58, 21.61, 25.36, 27.45, 27.8, 26.53, 24.38, 21.73, 19.14, 16.8, 14.86, 13.2, 11.72, 10.12, 8.26, 5.84, 2.816, -0.644, -3.984, -6.38, -6.945, -5.277, -1.656, 2.75, 6.395, 8.13, 7.766, 5.977, 4.01, 2.9, 2.98
3.02, 3.367, 2.791, 1.321, -0.615, -2.4, -3.582, -3.906, -3.398, -2.133, -0.1792, 2.203, 4.703, 6.895, 8.48, 9.32, 9.48, 9.08, 8.305, 7.32, 6.24, 4.98, 3.33, 1.277, -0.9565, -2.92, -4.312, -5.07, -5.33, -5.15, -4.277, -2.486, 0.1783, 3.225, 5.8, 6.977, 6.17, 3.213, -1.71, -7.934, -14.57, -20.67, -25.25, -27.44, -26.6, -22.72, -16.33, -8.94, -2.355, 1.937, 3.242, 1.992, -0.622, -3.533, -6.37, -9.33, -12.74, -16.56, -20.56, -24.0, -26.2, -26.62, -25.0, -21.4, -16.22, -10.12, -3.572, 2.97, 9.32, 15.37, 20.69, 24.86, 27.47, 28.34, 27.66, 25.72, 23.03, 20.17, 17.48, 15.125, 13.2, 11.64, 10.13, 8.35, 5.914, 2.719, -0.995, -4.547, -6.945, -7.277, -5.184, -1.079, 3.629, 7.28, 8.74, 7.953, 5.766, 3.59, 2.389, 2.38
2.502, 2.785, 2.158, 0.6587, -1.234, -2.86, -3.775, -3.898, -3.387, -2.389, -0.859, 1.168, 3.53, 5.8, 7.53, 8.48, 8.59, 8.125, 7.312, 6.42, 5.465, 4.25, 2.555, 0.4514, -1.691, -3.371, -4.33, -4.652, -4.742, -4.805, -4.61, -3.744, -1.966, 0.5054, 2.953, 4.41, 4.152, 1.737, -2.787, -8.836, -15.54, -21.72, -26.16, -27.88, -26.33, -21.55, -14.555, -6.965, -0.697, 2.926, 3.64, 2.225, -0.2534, -2.873, -5.363, -8.086, -11.41, -15.375, -19.56, -23.44, -26.31, -27.47, -26.61, -23.66, -18.83, -12.73, -5.9, 1.057, 7.824, 14.14, 19.73, 24.31, 27.34, 28.72, 28.45, 26.73, 24.1, 21.02, 17.92, 15.22, 13.055, 11.45, 10.02, 8.32, 5.89, 2.553, -1.389, -5.11, -7.453, -7.465, -4.832, -0.2185, 4.81, 8.43, 9.48, 8.164, 5.582, 3.186, 1.919, 1.908
2.205, 2.422, 1.6875, 0.1016, -1.743, -3.129, -3.688, -3.535, -2.973, -2.229, -1.1875, 0.3545, 2.434, 4.695, 6.6, 7.727, 7.992, 7.562, 6.76, 5.875, 4.863, 3.57, 1.779, -0.3538, -2.303, -3.57, -4.004, -3.91, -3.877, -4.17, -4.52, -4.387, -3.367, -1.497, 0.662, 2.215, 2.318, 0.3308, -3.8, -9.695, -16.38, -22.55, -26.84, -28.06, -25.7, -20.06, -12.48, -4.855, 1.029, 4.06, 4.27, 2.668, 0.323, -1.988, -4.21, -6.734, -9.945, -13.96, -18.39, -22.69, -26.08, -27.98, -27.95, -25.8, -21.56, -15.71, -8.836, -1.534, 5.668, 12.484, 18.55, 23.47, 27.0, 28.8, 28.89, 27.42, 24.83, 21.6, 18.2, 15.13, 12.78, 11.164, 9.84, 8.234, 5.8, 2.352, -1.793, -5.586, -7.824, -7.473, -4.266, 0.9097, 6.203, 9.7, 10.3, 8.41, 5.37, 2.771, 1.512, 1.581
2.014, 2.207, 1.348, -0.3186, -2.057, -3.133, -3.275, -2.832, -2.29, -1.855, -1.315, -0.2625, 1.48, 3.658, 5.727, 7.117, 7.617, 7.293, 6.53, 5.55, 4.39, 2.914, 1.015, -1.076, -2.752, -3.527, -3.436, -3.02, -2.982, -3.562, -4.414, -4.89, -4.48, -3.121, -1.239, 0.3113, 0.6323, -1.014, -4.84, -10.54, -17.16, -23.3, -27.31, -27.97, -24.81, -18.38, -10.27, -2.707, 2.717, 5.145, 4.92, 3.197, 0.998, -1.035, -2.984, -5.277, -8.34, -12.35, -16.95, -21.61, -25.58, -28.22, -29.0, -27.64, -24.27, -18.9, -12.234, -4.77, 2.82, 10.13, 16.67, 22.11, 26.11, 28.44, 28.89, 27.77, 25.31, 21.92, 18.25, 14.96, 12.484, 10.836, 9.6, 8.04, 5.59, 2.014, -2.254, -6.094, -8.13, -7.305, -3.494, 2.232, 7.75, 11.04, 11.18, 8.67, 5.195, 2.375, 1.132, 1.315
1.852, 2.062, 1.116, -0.575, -2.13, -2.826, -2.553, -1.873, -1.421, -1.386, -1.388, -0.846, 0.575, 2.686, 4.914, 6.598, 7.355, 7.227, 6.457, 5.336, 3.947, 2.268, 0.2722, -1.6875, -3.006, -3.268, -2.688, -2.04, -2.084, -3.023, -4.406, -5.465, -5.59, -4.664, -3.025, -1.525, -1.077, -2.457, -5.965, -11.414, -17.88, -23.81, -27.56, -27.58, -23.62, -16.48, -8.07, -0.6187, 4.28, 6.133, 5.516, 3.693, 1.66, -0.07794, -1.7, -3.727, -6.64, -10.555, -15.3, -20.23, -24.69, -28.02, -29.62, -29.25, -26.66, -22.02, -15.81, -8.49, -0.6855, 7.02, 14.1, 20.03, 24.64, 27.4, 28.4, 27.64, 25.36, 21.97, 18.12, 14.64, 12.09, 10.44, 9.24, 7.742, 5.21, 1.512, -2.863, -6.64, -8.4, -7.082, -2.637, 3.627, 9.36, 12.42, 12.06, 9.016, 5.09, 2.025, 0.7495, 1.042
1.675, 1.964, 1.009, -0.649, -1.974, -2.25, -1.569, -0.694, -0.4016, -0.824, -1.414, -1.4, -0.3281, 1.712, 4.094, 6.07, 7.133, 7.19, 6.42, 5.137, 3.506, 1.6, -0.4622, -2.227, -3.104, -2.812, -1.7705, -0.932, -1.1, -2.432, -4.35, -5.992, -6.684, -6.22, -4.914, -3.523, -2.97, -4.1, -7.285, -12.42, -18.6, -24.33, -27.62, -27.05, -22.3, -14.59, -5.934, 1.296, 5.61, 6.902, 5.99, 4.15, 2.346, 0.912, -0.386, -2.135, -4.86, -8.65, -13.41, -18.58, -23.45, -27.4, -29.84, -30.34, -28.7, -24.92, -19.34, -12.35, -4.613, 3.275, 10.77, 17.34, 22.45, 25.81, 27.38, 27.02, 24.92, 21.62, 17.77, 14.18, 11.586, 9.95, 8.84, 7.285, 4.668, 0.8384, -3.56, -7.227, -8.68, -6.844, -1.769, 4.965, 10.84, 13.71, 12.91, 9.37, 4.984, 1.632, 0.2812, 0.6914
1.415, 1.862, 0.97, -0.588, -1.634, -1.476, -0.387, 0.656, 0.784, -0.0775, -1.251, -1.786, -1.122, 0.7793, 3.256, 5.49, 6.832, 7.074, 6.324, 4.895, 3.021, 0.887, -1.196, -2.707, -3.09, -2.217, -0.712, 0.313, 0.03275, -1.66, -4.074, -6.29, -7.61, -7.684, -6.79, -5.6, -5.023, -5.914, -8.766, -13.516, -19.39, -24.73, -27.6, -26.38, -20.92, -12.695, -3.979, 2.924, 6.676, 7.44, 6.316, 4.574, 3.084, 1.981, 0.953, -0.5312, -2.994, -6.617, -11.33, -16.62, -21.9, -26.4, -29.6, -30.97, -30.25, -27.4, -22.61, -16.22, -8.75, -0.8076, 6.97, 13.96, 19.69, 23.62, 25.75, 25.86, 24.17, 21.02, 17.22, 13.65, 11.02, 9.44, 8.29, 6.652, 3.88, -0.0363, -4.434, -7.914, -8.984, -6.605, -0.9434, 6.2, 12.15, 14.82, 13.61, 9.62, 4.82, 1.142, -0.3374, 0.1951
1.021, 1.704, 0.9595, -0.4146, -1.134, -0.5356, 0.9355, 2.137, 2.127, 0.885, -0.795, -1.873, -1.6455, -0.01755, 2.412, 4.805, 6.387, 6.824, 6.117, 4.566, 2.473, 0.1646, -1.886, -3.104, -2.994, -1.569, 0.368, 1.581, 1.23, -0.704, -3.496, -6.234, -8.14, -8.836, -8.47, -7.652, -7.19, -7.938, -10.46, -14.81, -20.25, -25.16, -27.44, -25.44, -19.39, -10.71, -2.104, 4.305, 7.473, 7.82, 6.586, 5.03, 3.861, 3.1, 2.342, 1.107, -1.156, -4.65, -9.2, -14.46, -19.94, -24.92, -28.8, -31.0, -31.27, -29.38, -25.45, -19.77, -12.734, -4.953, 2.943, 10.27, 16.45, 21.02, 23.69, 24.34, 23.03, 20.17, 16.5, 13.03, 10.46, 8.83, 7.55, 5.742, 2.857, -1.136, -5.44, -8.664, -9.29, -6.348, -0.1857, 7.25, 13.25, 15.69, 14.08, 9.68, 4.47, 0.4841, -1.117, -0.471
0.503, 1.521, 1.017, -0.1206, -0.518, 0.4556, 2.283, 3.664, 3.602, 2.104, 0.01489, -1.554, -1.841, -0.6445, 1.585, 3.986, 5.74, 6.375, 5.75, 4.152, 1.898, -0.5244, -2.518, -3.441, -2.865, -0.952, 1.33, 2.71, 2.367, 0.3325, -2.672, -5.773, -8.23, -9.6, -9.914, -9.59, -9.37, -10.05, -12.29, -16.23, -21.17, -25.55, -27.06, -24.36, -17.62, -8.695, -0.2769, 5.56, 8.164, 8.125, 6.88, 5.6, 4.785, 4.35, 3.805, 2.682, 0.567, -2.674, -7.027, -12.2, -17.72, -23.02, -27.47, -30.52, -31.67, -30.78, -27.75, -22.81, -16.39, -8.945, -1.138, 6.41, 13.02, 18.06, 21.3, 22.53, 21.67, 19.17, 15.766, 12.44, 9.875, 8.16, 6.66, 4.62, 1.559, -2.492, -6.617, -9.53, -9.7, -6.227, 0.3762, 8.055, 14.0, 16.12, 14.164, 9.37, 3.818, -0.4253, -2.115, -1.316
-0.1707, 1.27, 1.097, 0.2284, 0.1075, 1.394, 3.512, 5.098, 5.09, 3.482, 1.111, -0.888, -1.723, -1.066, 0.7793, 3.041, 4.87, 5.664, 5.18, 3.576, 1.255, -1.22, -3.123, -3.76, -2.76, -0.4548, 2.082, 3.6, 3.312, 1.303, -1.77, -5.094, -8.0, -10.016, -11.05, -11.32, -11.42, -12.18, -14.234, -17.75, -22.17, -25.83, -26.6, -23.03, -15.62, -6.492, 1.59, 6.77, 8.78, 8.484, 7.355, 6.402, 5.91, 5.695, 5.24, 4.137, 2.129, -0.8965, -4.96, -9.9, -15.33, -20.83, -25.77, -29.48, -31.47, -31.47, -29.4, -25.33, -19.58, -12.586, -4.965, 2.576, 9.46, 15.02, 18.75, 20.52, 20.16, 18.1, 14.95, 11.836, 9.305, 7.4, 5.598, 3.229, -0.0512, -4.09, -8.0, -10.52, -10.18, -6.227, 0.7427, 8.516, 14.26, 16.08, 13.72, 8.56, 2.748, -1.676, -3.365, -2.361
-0.973, 0.893, 1.066, 0.4749, 0.6177, 2.176, 4.555, 6.33, 6.44, 4.85, 2.375, 0.03824, -1.302, -1.241, 0.07684, 2.033, 3.809, 4.707, 4.37, 2.834, 0.4907, -1.967, -3.729, -4.066, -2.695, -0.097, 2.582, 4.17, 3.95, 2.05, -0.9556, -4.36, -7.58, -10.19, -11.914, -12.85, -13.43, -14.336, -16.22, -19.42, -23.3, -26.19, -25.9, -21.39, -13.28, -3.986, 3.643, 8.15, 9.59, 9.14, 8.195, 7.566, 7.277, 7.094, 6.605, 5.445, 3.482, 0.6826, -3.037, -7.637, -12.88, -18.44, -23.64, -27.92, -30.7, -31.58, -30.34, -27.17, -22.12, -15.72, -8.47, -0.972, 6.016, 11.92, 16.19, 18.42, 18.58, 16.92, 14.164, 11.23, 8.67, 6.5, 4.316, 1.56, -1.951, -5.957, -9.59, -11.63, -10.77, -6.34, 0.863, 8.61, 14.06, 15.445, 12.64, 7.184, 1.213, -3.234, -4.83, -3.553
-1.895, 0.3672, 0.8926, 0.5957, 0.986, 2.744, 5.293, 7.26, 7.566, 6.125, 3.674, 1.142, -0.635, -1.177, -0.4802, 1.04, 2.63, 3.557, 3.342, 1.899, -0.3748, -2.758, -4.32, -4.348, -2.68, 0.1053, 2.844, 4.414, 4.27, 2.537, -0.2942, -3.664, -7.08, -10.13, -12.51, -14.11, -15.22, -16.42, -18.27, -21.12, -24.39, -26.3, -24.88, -19.19, -10.36, -1.11, 6.008, 9.836, 10.82, 10.32, 9.55, 9.08, 8.82, 8.48, 7.78, 6.492, 4.56, 1.987, -1.354, -5.52, -10.46, -15.88, -21.23, -25.97, -29.34, -30.98, -30.58, -28.27, -24.02, -18.27, -11.44, -4.184, 2.84, 8.93, 13.58, 16.33, 16.95, 15.78, 13.39, 10.63, 7.996, 5.555, 2.912, -0.2482, -3.969, -7.945, -11.27, -12.79, -11.336, -6.434, 0.97, 8.49, 13.516, 14.36, 11.04, 5.297, -0.7446, -5.086, -6.46, -4.87
-2.889, -0.3118, 0.5522, 0.5654, 1.18, 3.088, 5.746, 7.863, 8.39, 7.207, 4.902, 2.314, 0.1985, -0.9023, -0.8193, 0.1726, 1.448, 2.3, 2.154, 0.838, -1.305, -3.518, -4.836, -4.574, -2.68, 0.181, 2.887, 4.402, 4.31, 2.781, 0.2031, -3.02, -6.53, -9.945, -12.875, -15.15, -16.81, -18.34, -20.27, -22.83, -25.36, -26.11, -23.31, -16.38, -6.934, 2.217, 8.7, 11.9, 12.555, 12.086, 11.45, 10.94, 10.484, 9.81, 8.78, 7.305, 5.38, 2.998, 0.0639, -3.596, -8.09, -13.29, -18.62, -23.62, -27.48, -29.81, -30.19, -28.61, -25.16, -20.1, -13.89, -6.98, -0.05475, 6.176, 11.15, 14.305, 15.414, 14.695, 12.695, 10.11, 7.43, 4.656, 1.561, -1.949, -5.883, -9.82, -12.86, -13.81, -11.734, -6.355, 1.123, 8.36, 12.78, 12.94, 9.055, 2.986, -3.076, -7.16, -8.18, -6.215
-3.885, -1.047, 0.0739, 0.3547, 1.182, 3.2, 5.9, 8.086, 8.82, 7.96, 5.945, 3.45, 1.133, -0.4402, -0.963, -0.55, 0.3213, 0.9995, 0.8716, -0.312, -2.24, -4.19, -5.215, -4.7, -2.66, 0.1624, 2.719, 4.133, 4.09, 2.781, 0.5093, -2.486, -5.977, -9.66, -13.1, -15.914, -18.19, -20.12, -22.12, -24.34, -26.05, -25.52, -21.14, -12.914, -2.959, 5.953, 11.81, 14.45, 14.96, 14.5, 13.77, 12.94, 11.99, 10.85, 9.48, 7.844, 5.94, 3.809, 1.269, -1.884, -5.855, -10.66, -15.86, -20.94, -25.23, -28.1, -29.17, -28.39, -25.7, -21.36, -15.7, -9.25, -2.56, 3.709, 8.91, 12.414, 13.96, 13.71, 12.11, 9.734, 6.99, 3.936, 0.4805, -3.387, -7.54, -11.43, -14.15, -14.61, -11.94, -6.09, 1.461, 8.33, 12.016, 11.33, 6.797, 0.385, -5.613, -9.32, -9.84, -7.496
-4.832, -1.841, -0.5264, 0.002768, 1.025, 3.115, 5.773, 7.953, 8.84, 8.31, 6.676, 4.42, 2.066, 0.1425, -0.953, -1.157, -0.7627, -0.346, -0.4773, -1.487, -3.14, -4.734, -5.44, -4.707, -2.633, 0.05496, 2.395, 3.672, 3.701, 2.63, 0.657, -2.088, -5.54, -9.38, -13.18, -16.55, -19.34, -21.7, -23.78, -25.61, -26.36, -24.38, -18.36, -8.96, 1.396, 9.94, 15.2, 17.52, 17.92, 17.31, 16.2, 14.8, 13.21, 11.55, 9.85, 8.125, 6.33, 4.42, 2.268, -0.4058, -3.826, -8.09, -13.02, -18.1, -22.62, -25.97, -27.62, -27.53, -25.56, -21.95, -17.0, -11.04, -4.633, 1.526, 6.805, 10.59, 12.555, 12.77, 11.555, 9.414, 6.65, 3.375, -0.3928, -4.57, -8.85, -12.68, -15.14, -15.13, -11.83, -5.516, 2.086, 8.48, 11.34, 9.69, 4.445, -2.29, -8.14, -11.39, -11.38, -8.65
-5.688, -2.648, -1.191, -0.4407, 0.778, 2.908, 5.49, 7.59, 8.59, 8.33, 7.062, 5.13, 2.879, 0.7534, -0.838, -1.641, -1.756, -1.65, -1.834, -2.662, -3.982, -5.195, -5.543, -4.625, -2.578, -0.1046, 1.984, 3.137, 3.223, 2.363, 0.6777, -1.836, -5.195, -9.09, -13.19, -17.0, -20.31, -23.05, -25.28, -26.61, -26.23, -22.61, -14.95, -4.516, 6.055, 14.164, 18.95, 20.98, 21.25, 20.28, 18.56, 16.39, 14.055, 11.89, 9.96, 8.2, 6.523, 4.87, 3.035, 0.845, -2.02, -5.723, -10.234, -15.13, -19.83, -23.48, -25.67, -26.17, -24.88, -22.03, -17.72, -12.31, -6.355, -0.3906, 4.867, 8.836, 11.15, 11.75, 10.945, 9.04, 6.258, 2.762, -1.286, -5.71, -10.1, -13.8, -15.88, -15.29, -11.35, -4.613, 3.059, 8.94, 10.875, 8.234, 2.27, -4.72, -10.35, -13.12, -12.625, -9.586
-6.38, -3.412, -1.851, -0.9043, 0.488, 2.645, 5.117, 7.11, 8.16, 8.11, 7.168, 5.57, 3.52, 1.317, -0.629, -1.948, -2.574, -2.809, -3.088, -3.758, -4.75, -5.55, -5.566, -4.484, -2.523, -0.2747, 1.5625, 2.59, 2.725, 2.059, 0.6426, -1.661, -4.895, -8.82, -13.12, -17.31, -21.1, -24.22, -26.44, -27.17, -25.53, -20.2, -10.97, 0.2812, 10.9, 18.56, 22.94, 24.69, 24.61, 23.1, 20.61, 17.72, 14.75, 12.13, 9.97, 8.22, 6.664, 5.223, 3.678, 1.901, -0.4365, -3.582, -7.61, -12.21, -16.84, -20.77, -23.38, -24.39, -23.72, -21.44, -17.86, -13.086, -7.66, -2.066, 3.066, 7.125, 9.69, 10.65, 10.16, 8.37, 5.504, 1.793, -2.549, -7.13, -11.44, -14.87, -16.42, -15.164, -10.48, -3.197, 4.562, 9.92, 10.88, 7.285, 0.636, -6.586, -12.03, -14.414, -13.5, -10.26
-6.92, -4.086, -2.48, -1.325, 0.2136, 2.37, 4.723, 6.598, 7.605, 7.727, 7.08, 5.8, 3.98, 1.797, -0.3748, -2.107, -3.197, -3.764, -4.17, -4.715, -5.375, -5.81, -5.527, -4.344, -2.494, -0.474, 1.162, 2.113, 2.303, 1.792, 0.536, -1.627, -4.723, -8.57, -12.96, -17.44, -21.69, -25.12, -27.2, -27.2, -24.12, -17.16, -6.535, 5.4, 15.76, 22.9, 26.88, 28.22, 27.66, 25.6, 22.5, 19.05, 15.586, 12.62, 10.24, 8.39, 6.9, 5.59, 4.3, 2.83, 0.961, -1.629, -5.117, -9.336, -13.805, -17.88, -20.81, -22.23, -22.08, -20.39, -17.4, -13.32, -8.46, -3.312, 1.556, 5.562, 8.266, 9.44, 9.086, 7.293, 4.266, 0.2847, -4.28, -8.9, -13.05, -16.0, -16.89, -14.72, -9.16, -1.215, 6.66, 11.52, 11.6, 7.113, -0.1251, -7.63, -13.08, -15.22, -14.06, -10.71
-7.43, -4.67, -3.053, -1.756, -0.0627, 2.094, 4.32, 6.08, 7.043, 7.273, 6.848, 5.85, 4.246, 2.164, -0.1083, -2.152, -3.633, -4.508, -5.016, -5.438, -5.816, -5.93, -5.44, -4.246, -2.518, -0.686, 0.796, 1.713, 1.949, 1.486, 0.2776, -1.797, -4.72, -8.36, -12.66, -17.34, -21.97, -25.66, -27.53, -26.69, -22.2, -13.58, -1.804, 10.44, 20.5, 27.1, 30.45, 31.28, 30.11, 27.55, 24.2, 20.5, 16.84, 13.586, 10.9, 8.875, 7.31, 6.05, 4.88, 3.66, 2.152, 0.065, -2.832, -6.566, -10.78, -14.875, -18.05, -19.88, -20.14, -18.94, -16.45, -12.9, -8.63, -3.99, 0.499, 4.3, 6.96, 8.16, 7.77, 5.805, 2.568, -1.625, -6.3, -10.89, -14.81, -17.31, -17.34, -14.05, -7.344, 1.3955, 9.42, 13.82, 13.12, 7.867, 0.0607, -7.867, -13.56, -15.75, -14.51, -11.1
-7.887, -5.2, -3.545, -2.143, -0.3445, 1.836, 3.979, 5.625, 6.53, 6.805, 6.508, 5.684, 4.297, 2.365, 0.1041, -2.14, -3.96, -5.13, -5.73, -6.016, -6.13, -5.965, -5.344, -4.17, -2.57, -0.865, 0.561, 1.454, 1.657, 1.06, -0.3306, -2.434, -5.1, -8.336, -12.37, -17.12, -22.0, -25.88, -27.4, -25.61, -19.7, -9.66, 2.941, 15.234, 24.78, 30.66, 33.25, 33.3, 31.56, 28.81, 25.5, 22.0, 18.42, 15.0, 12.03, 9.664, 7.887, 6.56, 5.438, 4.35, 3.129, 1.491, -0.8555, -4.047, -7.88, -11.836, -15.23, -17.38, -18.05, -17.23, -15.1, -12.01, -8.26, -4.11, -0.069, 3.424, 5.867, 6.88, 6.29, 4.137, 0.723, -3.506, -8.2, -12.805, -16.61, -18.6, -17.66, -13.05, -5.043, 4.555, 12.77, 16.73, 15.4, 9.55, 1.071, -7.5, -13.79, -16.2, -14.93, -11.49
-8.23, -5.56, -3.92, -2.46, -0.6045, 1.592, 3.705, 5.293, 6.14, 6.344, 6.016, 5.234, 4.004, 2.322, 0.207, -2.129, -4.246, -5.727, -6.457, -6.633, -6.47, -6.043, -5.293, -4.11, -2.537, -0.84, 0.6147, 1.456, 1.4, 0.3499, -1.487, -3.783, -6.19, -8.87, -12.3, -16.78, -21.73, -25.66, -26.81, -24.03, -16.8, -5.613, 7.484, 19.61, 28.45, 33.44, 35.06, 34.2, 31.86, 29.0, 26.08, 23.16, 20.03, 16.72, 13.51, 10.77, 8.63, 7.1, 5.94, 4.93, 3.875, 2.586, 0.7705, -1.845, -5.242, -8.97, -12.38, -14.87, -15.91, -15.46, -13.69, -10.89, -7.45, -3.725, -0.1137, 3.0, 5.082, 5.79, 4.97, 2.707, -0.661, -4.78, -9.41, -14.09, -17.92, -19.56, -17.62, -11.66, -2.303, 8.16, 16.53, 20.14, 18.22, 11.76, 2.639, -6.734, -13.72, -16.58, -15.4, -11.914
-8.49, -5.832, -4.234, -2.781, -0.8716, 1.407, 3.611, 5.19, 5.918, 5.86, 5.227, 4.3, 3.215, 1.905, 0.1534, -2.08, -4.41, -6.24, -7.203, -7.355, -6.953, -6.26, -5.336, -4.03, -2.312, -0.428, 1.148, 1.833, 1.2, -0.7266, -3.414, -6.094, -8.28, -10.14, -12.586, -16.39, -21.19, -25.03, -25.75, -22.05, -13.625, -1.585, 11.766, 23.42, 31.42, 35.28, 35.75, 33.8, 30.84, 27.98, 25.66, 23.66, 21.33, 18.44, 15.19, 12.12, 9.58, 7.73, 6.434, 5.41, 4.496, 3.465, 2.068, 0.004826, -2.834, -6.22, -9.59, -12.32, -13.79, -13.76, -12.305, -9.72, -6.48, -3.01, 0.2703, 2.99, 4.695, 5.117, 4.17, 1.994, -1.184, -5.125, -9.664, -14.445, -18.42, -19.9, -17.16, -9.77, 0.928, 12.17, 20.6, 23.69, 21.16, 14.125, 4.43, -5.51, -13.21, -16.64, -15.7, -12.19
-8.55, -6.055, -4.59, -3.168, -1.124, 1.416, 3.838, 5.426, 5.863, 5.234, 3.97, 2.658, 1.665, 0.868, -0.2068, -2.002, -4.344, -6.52, -7.85, -8.15, -7.664, -6.71, -5.457, -3.836, -1.723, 0.582, 2.348, 2.707, 1.151, -2.094, -6.03, -9.44, -11.46, -12.33, -13.39, -16.11, -20.4, -24.02, -24.34, -19.77, -10.36, 2.291, 15.52, 26.62, 33.62, 36.28, 35.38, 32.34, 28.66, 25.8, 24.14, 23.23, 22.05, 19.86, 16.88, 13.67, 10.79, 8.555, 6.973, 5.84, 4.977, 4.15, 3.078, 1.517, -0.731, -3.646, -6.832, -9.695, -11.57, -12.02, -10.96, -8.66, -5.6, -2.299, 0.78, 3.25, 4.727, 5.035, 4.13, 2.06, -0.987, -4.785, -9.23, -13.984, -18.05, -19.39, -16.0, -7.438, 4.47, 16.3, 24.56, 27.03, 23.83, 16.34, 6.484, -3.79, -11.97, -15.97, -15.45, -12.13
-8.49, -6.32, -5.03, -3.576, -1.227, 1.783, 4.547, 6.11, 6.047, 4.523, 2.275, 0.2361, -0.85, -1.04, -1.081, -1.973, -3.96, -6.35, -8.17, -8.88, -8.5, -7.35, -5.652, -3.412, -0.578, 2.375, 4.39, 4.312, 1.602, -3.29, -8.88, -13.42, -15.516, -15.4, -14.86, -16.06, -19.45, -22.69, -22.6, -17.3, -7.223, 5.82, 18.89, 29.2, 35.06, 36.38, 34.2, 30.06, 25.78, 22.86, 21.81, 21.92, 21.94, 20.8, 18.42, 15.32, 12.24, 9.62, 7.676, 6.324, 5.406, 4.67, 3.867, 2.729, 1.042, -1.328, -4.16, -7.0, -9.19, -10.19, -9.71, -7.86, -5.03, -1.847, 1.184, 3.602, 5.074, 5.395, 4.484, 2.37, -0.7476, -4.605, -8.945, -13.414, -17.17, -18.19, -14.21, -4.72, 8.086, 20.23, 28.1, 29.8, 25.84, 18.14, 8.51, -1.521, -9.86, -14.414, -14.48, -11.66
-8.336, -6.68, -5.605, -3.97, -1.023, 2.705, 5.957, 7.45, 6.742, 4.15, 0.6025, -2.557, -4.12, -3.832, -2.65, -2.152, -3.256, -5.562, -7.89, -9.266, -9.336, -8.12, -5.812, -2.63, 1.239, 5.055, 7.387, 6.85, 2.895, -3.787, -11.305, -17.31, -19.89, -19.0, -16.83, -16.25, -18.45, -21.14, -20.67, -14.87, -4.3, 8.89, 21.5, 31.0, 35.75, 35.88, 32.53, 27.47, 22.69, 19.72, 19.0, 19.9, 21.0, 21.05, 19.5, 16.92, 13.87, 10.984, 8.66, 6.965, 5.84, 5.086, 4.42, 3.613, 2.414, 0.6157, -1.729, -4.316, -6.645, -8.12, -8.31, -7.094, -4.707, -1.737, 1.238, 3.697, 5.234, 5.57, 4.52, 2.13, -1.29, -5.387, -9.664, -13.65, -16.55, -16.7, -12.02, -1.814, 11.55, 23.75, 31.02, 31.78, 27.12, 19.39, 10.38, 1.039, -7.164, -12.12, -12.914, -10.84
-8.17, -7.113, -6.184, -4.105, -0.2576, 4.445, 8.26, 9.75, 8.47, 4.81, -0.1776, -4.86, -7.51, -7.29, -4.984, -2.781, -2.422, -4.13, -6.805, -9.06, -9.86, -8.72, -5.734, -1.359, 3.8, 8.586, 11.26, 10.27, 5.164, -3.145, -12.62, -20.34, -23.77, -22.5, -18.86, -16.58, -17.42, -19.42, -18.61, -12.55, -1.683, 11.36, 23.53, 32.16, 35.9, 34.97, 30.67, 24.98, 19.8, 16.75, 16.19, 17.53, 19.38, 20.38, 19.9, 18.06, 15.4, 12.53, 9.945, 7.87, 6.402, 5.44, 4.77, 4.133, 3.28, 1.994, 0.2125, -1.958, -4.15, -5.875, -6.63, -6.098, -4.38, -1.856, 0.873, 3.23, 4.723, 4.945, 3.697, 1.107, -2.506, -6.773, -11.06, -14.66, -16.56, -15.47, -9.81, 1.044, 14.695, 26.62, 33.12, 32.9, 27.64, 20.03, 11.89, 3.588, -4.13, -9.375, -10.984, -9.85
-7.977, -7.48, -6.523, -3.725, 1.269, 7.06, 11.49, 13.06, 11.38, 6.836, 0.4766, -6.008, -10.4, -10.984, -8.05, -4.027, -1.705, -2.188, -4.84, -7.957, -9.74, -8.9, -5.246, 0.4421, 6.957, 12.664, 15.555, 14.15, 8.2, -1.337, -12.37, -21.77, -26.34, -25.11, -20.52, -16.78, -16.36, -17.62, -16.56, -10.42, 0.3796, 13.195, 24.83, 32.66, 35.56, 33.84, 28.89, 22.83, 17.52, 14.31, 13.63, 14.945, 17.11, 18.84, 19.38, 18.53, 16.64, 14.15, 11.516, 9.15, 7.297, 5.965, 5.066, 4.38, 3.674, 2.723, 1.417, -0.2505, -2.08, -3.734, -4.76, -4.812, -3.79, -1.936, 0.247, 2.195, 3.357, 3.383, 2.232, 0.0811, -3.037, -7.062, -11.61, -15.42, -16.88, -14.67, -7.867, 3.574, 17.25, 28.73, 34.4, 33.3, 27.5, 20.05, 12.91, 5.863, -1.16, -6.625, -9.03, -8.836
-7.754, -7.52, -6.312, -2.654, 3.54, 10.35, 15.305, 16.94, 14.95, 9.76, 2.287, -5.92, -12.37, -14.46, -11.59, -6.05, -1.445, -0.0766, -2.084, -5.816, -8.65, -8.32, -4.21, 2.658, 10.41, 16.75, 19.62, 17.84, 11.39, 1.339, -10.48, -21.14, -26.9, -26.25, -21.33, -16.64, -15.15, -15.75, -14.57, -8.61, 1.933, 14.4, 25.45, 32.6, 34.9, 32.62, 27.33, 21.05, 15.68, 12.414, 11.484, 12.54, 14.56, 16.56, 17.83, 18.02, 17.12, 15.38, 13.086, 10.72, 8.6, 6.89, 5.613, 4.656, 3.83, 2.945, 1.861, 0.5435, -0.8984, -2.277, -3.252, -3.508, -2.955, -1.723, -0.2169, 1.053, 1.736, 1.759, 1.3, 0.3892, -1.458, -4.914, -9.9, -14.625, -16.62, -14.02, -6.375, 5.543, 19.12, 30.08, 34.97, 33.1, 26.77, 19.45, 13.22, 7.52, 1.452, -4.027, -7.203, -7.95
-7.426, -7.14, -5.445, -0.87, 6.344, 13.88, 19.1, 20.53, 18.1, 12.48, 4.41, -4.97, -13.27, -17.27, -15.195, -8.78, -2.041, 1.534, 0.7764, -3.018, -6.66, -6.92, -2.574, 5.156, 13.67, 20.31, 22.9, 20.66, 14.086, 4.38, -7.21, -18.27, -25.06, -25.4, -20.92, -15.87, -13.64, -13.73, -12.55, -7.004, 2.93, 14.805, 25.3, 31.98, 33.84, 31.28, 25.86, 19.5, 14.11, 10.766, 9.62, 10.19, 11.81, 13.7, 15.34, 16.33, 16.5, 15.77, 14.25, 12.27, 10.18, 8.26, 6.617, 5.297, 4.15, 3.053, 1.889, 0.614, -0.701, -1.895, -2.684, -2.844, -2.365, -1.392, -0.296, 0.4883, 0.9014, 1.2295, 1.796, 2.31, 1.641, -1.373, -6.74, -12.49, -15.52, -13.336, -5.316, 6.97, 20.31, 30.67, 34.84, 32.4, 25.66, 18.3, 12.766, 8.375, 3.523, -1.743, -5.598, -7.19
-7.055, -6.383, -3.947, 1.41, 9.24, 17.05, 22.03, 22.94, 19.94, 14.086, 6.105, -3.432, -12.87, -18.7, -18.14, -11.8, -3.678, 1.905, 2.684, -0.553, -4.402, -4.992, -0.605, 7.508, 16.3, 22.78, 24.86, 22.17, 15.76, 7.023, -3.207, -13.59, -20.95, -22.56, -19.27, -14.664, -12.13, -11.74, -10.55, -5.617, 3.459, 14.5, 24.39, 30.67, 32.34, 29.72, 24.14, 17.7, 12.336, 9.055, 7.844, 8.08, 9.15, 10.61, 12.195, 13.664, 14.65, 14.96, 14.46, 13.24, 11.64, 9.84, 8.1, 6.51, 5.016, 3.59, 2.13, 0.6016, -0.947, -2.316, -3.201, -3.354, -2.738, -1.594, -0.329, 0.6206, 1.283, 2.072, 3.244, 4.11, 3.322, -0.0587, -5.58, -11.38, -14.61, -12.6, -4.57, 7.766, 20.86, 30.6, 34.25, 31.3, 24.1, 16.61, 11.49, 8.336, 4.84, 0.11487, -4.2, -6.555
-6.707, -5.477, -2.172, 3.748, 11.69, 19.11, 23.48, 23.56, 19.88, 14.016, 6.895, -1.614, -10.95, -18.12, -19.44, -14.31, -6.12, 0.5137, 2.568, 0.3066, -2.97, -3.307, 1.175, 9.266, 17.81, 23.8, 25.23, 22.06, 15.92, 8.57, 0.4146, -8.28, -15.42, -18.3, -16.69, -13.31, -11.02, -10.27, -8.93, -4.48, 3.564, 13.58, 22.67, 28.55, 30.03, 27.36, 21.69, 15.22, 10.08, 7.06, 5.94, 5.99, 6.605, 7.58, 8.83, 10.305, 11.734, 12.805, 13.25, 13.016, 12.195, 10.93, 9.47, 7.938, 6.37, 4.76, 3.05, 1.186, -0.787, -2.672, -4.113, -4.723, -4.266, -2.877, -1.081, 0.5537, 1.832, 2.887, 3.598, 3.055, 0.3174, -4.516, -9.91, -14.164, -15.61, -12.56, -4.184, 8.08, 20.7, 29.86, 32.9, 29.38, 21.77, 14.13, 9.43, 7.363, 5.258, 1.472, -2.914, -5.945
-6.152, -4.53, -0.5283, 5.625, 13.016, 19.48, 22.7, 21.78, 17.6, 12.125, 6.44, -0.03915, -7.89, -15.15, -18.14, -15.23, -8.555, -2.355, 0.2262, -0.856, -2.838, -2.314, 2.36, 10.016, 17.83, 22.83, 23.36, 19.73, 13.99, 8.21, 2.633, -3.521, -9.55, -13.18, -13.46, -11.85, -10.37, -9.53, -7.97, -3.875, 3.236, 12.03, 20.1, 25.27, 26.4, 23.48, 17.83, 11.695, 7.105, 4.652, 3.846, 3.867, 4.207, 4.754, 5.566, 6.703, 8.08, 9.43, 10.48, 11.016, 11.01, 10.54, 9.695, 8.6, 7.32, 5.87, 4.215, 2.297, 0.09973, -2.25, -4.387, -5.81, -6.008, -4.887, -2.895, -0.732, 0.991, 1.857, 1.262, -1.66, -7.152, -13.82, -18.97, -20.73, -18.94, -13.47, -4.188, 7.89, 19.77, 27.98, 30.11, 25.97, 18.12, 10.77, 6.7, 5.543, 4.7, 2.152, -1.764, -5.125
-5.047, -3.414, 0.6533, 6.293, 12.336, 17.03, 18.69, 16.86, 12.77, 8.27, 4.543, 0.677, -4.6, -10.47, -14.055, -13.445, -9.41, -4.973, -2.676, -2.758, -3.271, -1.779, 2.758, 9.31, 15.484, 18.89, 18.42, 14.64, 9.82, 5.793, 2.684, -0.741, -4.76, -8.06, -9.55, -9.58, -9.164, -8.62, -7.062, -3.434, 2.508, 9.664, 16.12, 20.0, 20.34, 17.22, 12.08, 6.996, 3.521, 1.934, 1.546, 1.646, 1.811, 2.049, 2.482, 3.201, 4.203, 5.367, 6.465, 7.312, 7.797, 7.94, 7.7, 7.195, 6.445, 5.49, 4.277, 2.758, 0.874, -1.351, -3.646, -5.562, -6.492, -6.13, -4.64, -2.674, -1.1045, -0.7446, -2.436, -6.918, -13.89, -21.33, -26.0, -25.9, -21.52, -13.99, -4.016, 7.254, 17.45, 23.78, 24.38, 19.7, 12.57, 6.496, 3.506, 3.107, 3.186, 1.897, -0.9346, -3.896
-3.473, -2.285, 0.6753, 4.566, 8.266, 10.586, 10.8, 8.92, 5.957, 3.283, 1.505, -0.0511, -2.494, -5.805, -8.484, -9.0, -7.44, -5.203, -3.803, -3.459, -3.127, -1.513, 1.821, 6.05, 9.64, 11.09, 9.984, 7.11, 4.035, 1.953, 0.7563, -0.4644, -2.31, -4.305, -5.71, -6.41, -6.64, -6.47, -5.4, -2.877, 1.077, 5.69, 9.57, 11.555, 11.05, 8.45, 4.934, 1.835, -0.0548, -0.748, -0.805, -0.6836, -0.586, -0.4995, -0.3198, 0.02138, 0.5464, 1.232, 1.958, 2.598, 3.1, 3.41, 3.5, 3.42, 3.15, 2.732, 2.111, 1.297, 0.2007, -1.206, -2.795, -4.3, -5.305, -5.47, -4.797, -3.654, -2.713, -2.71, -4.348, -8.13, -13.75, -19.6, -23.12, -22.5, -18.19, -11.4, -3.178, 5.19, 11.93, 15.31, 14.49, 10.53, 5.65, 1.983, 0.434, 0.547, 0.9546, 0.5527, -0.8853, -2.686
-2.51, -2.082, -1.041, 0.21, 1.216, 1.728, 1.508, 0.689, -0.2974, -1.072, -1.4795, -1.765, -2.328, -3.252, -4.156, -4.52, -4.227, -3.627, -3.225, -3.035, -2.771, -2.123, -0.9873, 0.2964, 1.259, 1.428, 0.8506, -0.1904, -1.155, -1.69, -1.866, -2.062, -2.477, -3.031, -3.555, -3.89, -4.074, -4.09, -3.732, -2.871, -1.571, -0.1469, 0.942, 1.316, 0.9023, -0.137, -1.284, -2.223, -2.723, -2.852, -2.768, -2.684, -2.633, -2.607, -2.553, -2.434, -2.297, -2.06, -1.813, -1.592, -1.383, -1.221, -1.133, -1.136, -1.169, -1.265, -1.44, -1.68, -1.997, -2.41, -2.92, -3.438, -3.824, -3.982, -3.844, -3.5, -3.213, -3.273, -3.932, -5.305, -7.332, -9.47, -10.734, -10.36, -8.44, -5.52, -2.248, 0.7744, 2.85, 3.549, 2.852, 1.318, -0.277, -1.34, -1.691, -1.551, -1.336, -1.362, -1.704, -2.26
