3.91, 3.967, 4.023, 4.0, 3.973, 3.926, 3.871, 3.797, 3.773, 3.742, 3.77, 3.762, 3.777, 3.793, 3.844, 3.873, 3.848, 3.895, 3.945, 3.98, 3.988, 3.973, 3.992, 3.973, 3.957, 3.945, 3.93, 3.906, 3.91, 3.9, 3.887, 3.857, 3.855, 3.854, 3.863, 3.93, 3.96, 4.008, 4.0, 4.0, 4.0, 4.0, 3.98, 3.953, 3.967, 3.953, 3.895, 3.863, 3.84, 3.824, 3.797, 3.797, 3.75, 3.742, 3.715, 3.691, 3.715, 3.688, 3.676, 3.645, 3.625, 3.654, 3.703, 3.756, 3.809, 3.848, 3.879, 3.902, 3.898, 3.91, 3.922, 3.953, 3.975, 4.0, 4.0, 4.0, 4.023, 4.04, 4.1, 4.133, 4.156, 4.203, 4.25, 4.297, 4.336, 4.35, 4.324, 4.29, 4.242, 4.21, 4.17, 4.133, 4.086, 4.08, 4.04, 3.977, 3.93, 3.863, 3.805, 3.82
2.5, 2.578, 2.637, 2.625, 2.586, 2.54, 2.49, 2.395, 2.352, 2.316, 2.316, 2.309, 2.338, 2.36, 2.398, 2.418, 2.39, 2.44, 2.5, 2.527, 2.527, 2.508, 2.535, 2.52, 2.5, 2.484, 2.465, 2.434, 2.426, 2.41, 2.402, 2.387, 2.385, 2.39, 2.402, 2.465, 2.512, 2.572, 2.586, 2.576, 2.576, 2.574, 2.531, 2.492, 2.506, 2.5, 2.438, 2.402, 2.379, 2.367, 2.344, 2.352, 2.309, 2.305, 2.29, 2.28, 2.312, 2.29, 2.268, 2.242, 2.23, 2.262, 2.328, 2.355, 2.426, 2.477, 2.465, 2.477, 2.463, 2.459, 2.477, 2.508, 2.523, 2.547, 2.55, 2.55, 2.566, 2.582, 2.637, 2.68, 2.703, 2.738, 2.754, 2.785, 2.84, 2.863, 2.85, 2.816, 2.771, 2.738, 2.695, 2.662, 2.598, 2.582, 2.566, 2.488, 2.43, 2.367, 2.34, 2.398
1.449, 1.536, 1.641, 1.701, 1.695, 1.658, 1.631, 1.566, 1.506, 1.473, 1.463, 1.453, 1.461, 1.484, 1.512, 1.516, 1.471, 1.486, 1.559, 1.605, 1.617, 1.6045, 1.625, 1.635, 1.629, 1.613, 1.595, 1.539, 1.516, 1.493, 1.5, 1.487, 1.48, 1.455, 1.459, 1.52, 1.594, 1.657, 1.672, 1.66, 1.644, 1.646, 1.624, 1.6045, 1.624, 1.639, 1.596, 1.564, 1.543, 1.525, 1.506, 1.516, 1.479, 1.473, 1.463, 1.451, 1.461, 1.437, 1.415, 1.373, 1.362, 1.361, 1.398, 1.445, 1.506, 1.555, 1.529, 1.529, 1.524, 1.535, 1.541, 1.57, 1.592, 1.625, 1.629, 1.616, 1.625, 1.623, 1.648, 1.689, 1.716, 1.745, 1.756, 1.78, 1.84, 1.893, 1.908, 1.889, 1.848, 1.814, 1.771, 1.755, 1.705, 1.676, 1.648, 1.556, 1.459, 1.381, 1.287, 1.348
0.672, 0.799, 0.9414, 1.059, 1.095, 1.076, 1.053, 1.006, 0.961, 0.92, 0.8965, 0.874, 0.858, 0.861, 0.8916, 0.8887, 0.8374, 0.824, 0.8867, 0.9575, 0.9883, 0.9873, 1.001, 1.02, 1.029, 1.029, 1.008, 0.954, 0.918, 0.9097, 0.909, 0.884, 0.855, 0.8076, 0.786, 0.8486, 0.9443, 1.023, 1.033, 1.018, 0.9873, 0.9893, 0.996, 1.012, 1.038, 1.068, 1.042, 1.012, 0.9766, 0.954, 0.9414, 0.948, 0.9194, 0.908, 0.9014, 0.8955, 0.8955, 0.8535, 0.8164, 0.7686, 0.757, 0.755, 0.757, 0.7935, 0.836, 0.8955, 0.872, 0.8564, 0.8555, 0.872, 0.885, 0.905, 0.9326, 0.9756, 0.9854, 0.9746, 0.964, 0.9487, 0.947, 0.969, 0.9917, 1.01, 1.035, 1.072, 1.123, 1.201, 1.262, 1.254, 1.217, 1.181, 1.151, 1.147, 1.109, 1.076, 1.025, 0.913, 0.8066, 0.6875, 0.5547, 0.5503
0.1505, 0.3303, 0.5, 0.631, 0.695, 0.6875, 0.6562, 0.6035, 0.552, 0.5146, 0.478, 0.4355, 0.404, 0.398, 0.4111, 0.4111, 0.375, 0.369, 0.4353, 0.5107, 0.55, 0.5527, 0.5664, 0.589, 0.6035, 0.616, 0.6025, 0.5547, 0.523, 0.5137, 0.505, 0.4595, 0.4097, 0.3394, 0.3037, 0.3486, 0.4514, 0.532, 0.5703, 0.5615, 0.532, 0.541, 0.575, 0.6104, 0.6416, 0.6704, 0.632, 0.581, 0.537, 0.5005, 0.4707, 0.461, 0.44, 0.4268, 0.4336, 0.4238, 0.412, 0.3853, 0.368, 0.336, 0.3384, 0.3313, 0.329, 0.3643, 0.378, 0.407, 0.401, 0.3853, 0.3735, 0.3958, 0.4138, 0.437, 0.4548, 0.4893, 0.502, 0.4878, 0.4702, 0.4502, 0.44, 0.4463, 0.462, 0.4863, 0.5254, 0.5654, 0.619, 0.698, 0.7812, 0.801, 0.783, 0.7637, 0.748, 0.7295, 0.6904, 0.6367, 0.552, 0.422, 0.3086, 0.1749, 0.0189, 0.01733
-0.2313, -0.02008, 0.1903, 0.3474, 0.4375, 0.4526, 0.4104, 0.3306, 0.2664, 0.2316, 0.1946, 0.1423, 0.09845, 0.08026, 0.0775, 0.0625, 0.03223, 0.04343, 0.10986, 0.1892, 0.2437, 0.2725, 0.291, 0.3188, 0.3516, 0.3623, 0.3486, 0.3018, 0.2651, 0.2441, 0.2136, 0.1606, 0.09924, 0.00838, -0.04483, -0.011246, 0.0736, 0.1624, 0.2196, 0.234, 0.2319, 0.263, 0.3167, 0.364, 0.3853, 0.394, 0.3381, 0.2603, 0.2075, 0.1694, 0.1262, 0.10126, 0.08563, 0.08026, 0.08417, 0.07965, 0.06635, 0.0546, 0.0681, 0.0662, 0.0686, 0.0717, 0.0762, 0.07764, 0.0742, 0.06866, 0.05945, 0.04883, 0.0406, 0.05765, 0.0806, 0.1088, 0.1132, 0.126, 0.1334, 0.1137, 0.07715, 0.05066, 0.04236, 0.03723, 0.0515, 0.07574, 0.1169, 0.1812, 0.2559, 0.334, 0.4326, 0.4907, 0.515, 0.5156, 0.4805, 0.4368, 0.3818, 0.3071, 0.1953, 0.05438, -0.0626, -0.1777, -0.3455, -0.378
-0.5005, -0.3, -0.07294, 0.125, 0.2468, 0.29, 0.2383, 0.1184, 0.02916, -0.00206, -0.03357, -0.0779, -0.12415, -0.1503, -0.1697, -0.2036, -0.2373, -0.2179, -0.148, -0.07007, -0.000862, 0.0625, 0.10474, 0.1372, 0.1691, 0.1831, 0.1558, 0.0978, 0.0538, 0.02374, -0.02023, -0.0799, -0.1438, -0.2333, -0.2925, -0.2705, -0.2129, -0.1254, -0.05975, -0.01421, 0.02113, 0.0807, 0.1401, 0.1892, 0.1848, 0.1547, 0.05975, -0.04114, -0.0976, -0.1309, -0.1703, -0.1906, -0.2068, -0.2133, -0.1965, -0.1866, -0.1864, -0.173, -0.1422, -0.1115, -0.0992, -0.09454, -0.1031, -0.1224, -0.1298, -0.1404, -0.1699, -0.1849, -0.1882, -0.1777, -0.1665, -0.1572, -0.1626, -0.1715, -0.1709, -0.1962, -0.2422, -0.274, -0.289, -0.296, -0.2825, -0.2625, -0.225, -0.155, -0.05078, 0.0637, 0.1869, 0.2842, 0.3381, 0.3403, 0.269, 0.1691, 0.085, -0.003437, -0.1158, -0.2336, -0.3113, -0.3613, -0.4885, -0.5835
-0.634, -0.4753, -0.25, -0.0419, 0.0951, 0.1572, 0.0904, -0.062, -0.1497, -0.1763, -0.1926, -0.2236, -0.2637, -0.2988, -0.3374, -0.3906, -0.4302, -0.4072, -0.3372, -0.25, -0.1696, -0.08704, -0.02235, 0.012215, 0.0381, 0.04187, -0.002918, -0.0777, -0.1398, -0.1704, -0.1941, -0.2267, -0.2798, -0.376, -0.4438, -0.442, -0.4106, -0.345, -0.2686, -0.1935, -0.1211, -0.04724, 0.004097, 0.03738, 0.01229, -0.05322, -0.1636, -0.276, -0.317, -0.3284, -0.355, -0.378, -0.3958, -0.406, -0.3953, -0.375, -0.351, -0.3096, -0.2668, -0.2264, -0.2058, -0.2059, -0.2184, -0.237, -0.253, -0.2734, -0.3096, -0.3384, -0.3413, -0.3315, -0.3293, -0.3418, -0.3782, -0.4185, -0.4438, -0.4854, -0.5293, -0.5527, -0.5635, -0.5786, -0.5723, -0.551, -0.511, -0.438, -0.3135, -0.1458, 0.01501, 0.1357, 0.2125, 0.2096, 0.092, -0.05347, -0.1831, -0.2856, -0.36, -0.4053, -0.3948, -0.3674, -0.4668, -0.622
-0.634, -0.5205, -0.337, -0.16, -0.03207, 0.02292, -0.05576, -0.2269, -0.3096, -0.3088, -0.2998, -0.3062, -0.3247, -0.3564, -0.4092, -0.4834, -0.5244, -0.499, -0.4368, -0.3604, -0.2747, -0.1853, -0.11285, -0.07214, -0.05725, -0.0836, -0.1517, -0.2396, -0.295, -0.3066, -0.294, -0.2852, -0.3157, -0.416, -0.4956, -0.51, -0.504, -0.4707, -0.4045, -0.3186, -0.2246, -0.149, -0.11053, -0.09393, -0.1409, -0.2311, -0.319, -0.3806, -0.3857, -0.371, -0.376, -0.4023, -0.4321, -0.4468, -0.4487, -0.4448, -0.4253, -0.3938, -0.351, -0.3037, -0.2817, -0.283, -0.2915, -0.3086, -0.3252, -0.3545, -0.3984, -0.4287, -0.4287, -0.4165, -0.4136, -0.433, -0.501, -0.585, -0.6416, -0.698, -0.7393, -0.756, -0.7686, -0.787, -0.789, -0.7754, -0.734, -0.6587, -0.523, -0.3264, -0.1262, 0.01465, 0.0994, 0.1044, -0.02641, -0.2175, -0.373, -0.452, -0.472, -0.4402, -0.3606, -0.2969, -0.3777, -0.5654
-0.589, -0.5107, -0.3706, -0.2338, -0.1262, -0.08844, -0.1838, -0.3384, -0.4019, -0.3828, -0.349, -0.3315, -0.336, -0.3643, -0.4197, -0.4956, -0.534, -0.5146, -0.4673, -0.4067, -0.3296, -0.2458, -0.1738, -0.1395, -0.1357, -0.1829, -0.2646, -0.3413, -0.3735, -0.354, -0.3174, -0.2866, -0.303, -0.3906, -0.4746, -0.504, -0.5195, -0.51, -0.461, -0.3867, -0.299, -0.2297, -0.1953, -0.1969, -0.25, -0.33, -0.3838, -0.3877, -0.3594, -0.3372, -0.3352, -0.3694, -0.4102, -0.4336, -0.4478, -0.4595, -0.46, -0.4434, -0.4067, -0.362, -0.3423, -0.3474, -0.3608, -0.3613, -0.3665, -0.396, -0.4395, -0.4656, -0.4624, -0.4539, -0.4521, -0.4739, -0.5645, -0.667, -0.7334, -0.7935, -0.834, -0.8545, -0.878, -0.9004, -0.901, -0.884, -0.8467, -0.7666, -0.6333, -0.43, -0.2244, -0.08325, 0.00562, 0.006527, -0.1422, -0.3445, -0.4663, -0.495, -0.474, -0.4165, -0.342, -0.286, -0.337, -0.507
-0.5464, -0.48, -0.3752, -0.278, -0.206, -0.1863, -0.2659, -0.3794, -0.4165, -0.3923, -0.358, -0.3374, -0.3418, -0.3706, -0.4204, -0.4812, -0.5137, -0.5, -0.4658, -0.4172, -0.3545, -0.2925, -0.2411, -0.2129, -0.214, -0.2568, -0.3232, -0.3784, -0.3887, -0.3625, -0.3281, -0.2969, -0.3042, -0.3674, -0.4312, -0.4573, -0.4736, -0.48, -0.4585, -0.4058, -0.3354, -0.2764, -0.2563, -0.27, -0.3125, -0.359, -0.3787, -0.3645, -0.3364, -0.3242, -0.3325, -0.3696, -0.4094, -0.4316, -0.4507, -0.4727, -0.4849, -0.4727, -0.4473, -0.414, -0.4067, -0.4224, -0.428, -0.4153, -0.4087, -0.428, -0.461, -0.4739, -0.4697, -0.4685, -0.4688, -0.489, -0.573, -0.674, -0.7324, -0.797, -0.8535, -0.886, -0.919, -0.941, -0.9414, -0.918, -0.866, -0.7793, -0.6514, -0.465, -0.288, -0.1707, -0.0927, -0.1048, -0.2544, -0.4219, -0.4922, -0.4976, -0.4756, -0.434, -0.388, -0.3516, -0.3745, -0.4885
-0.5283, -0.4722, -0.3896, -0.3223, -0.2898, -0.2837, -0.3342, -0.3887, -0.4038, -0.3892, -0.3662, -0.3613, -0.38, -0.4067, -0.438, -0.4746, -0.4949, -0.4844, -0.4595, -0.4202, -0.3735, -0.334, -0.308, -0.2969, -0.2983, -0.326, -0.3716, -0.4048, -0.4062, -0.3857, -0.3633, -0.3455, -0.3481, -0.3838, -0.413, -0.418, -0.421, -0.433, -0.431, -0.3994, -0.3477, -0.3057, -0.3022, -0.3252, -0.3496, -0.3677, -0.3735, -0.3662, -0.3657, -0.375, -0.3853, -0.4126, -0.4404, -0.4546, -0.4702, -0.4863, -0.4917, -0.4922, -0.4854, -0.4683, -0.4644, -0.479, -0.4849, -0.473, -0.4617, -0.4712, -0.4937, -0.4941, -0.4832, -0.481, -0.4863, -0.5, -0.5625, -0.6387, -0.688, -0.7607, -0.8364, -0.883, -0.924, -0.9487, -0.9443, -0.907, -0.836, -0.74, -0.6167, -0.4624, -0.3257, -0.2343, -0.1898, -0.2179, -0.3433, -0.4531, -0.4885, -0.4985, -0.496, -0.478, -0.4568, -0.438, -0.4395, -0.497
-0.5146, -0.4692, -0.4146, -0.3843, -0.372, -0.374, -0.3936, -0.4048, -0.4084, -0.4033, -0.3984, -0.4146, -0.4487, -0.4697, -0.476, -0.4854, -0.4888, -0.4734, -0.4546, -0.4277, -0.393, -0.3652, -0.3591, -0.3652, -0.3804, -0.4053, -0.435, -0.4531, -0.4548, -0.4363, -0.4229, -0.4229, -0.4224, -0.436, -0.4448, -0.4353, -0.4229, -0.423, -0.4238, -0.4043, -0.376, -0.356, -0.3691, -0.3916, -0.4004, -0.4023, -0.4038, -0.4106, -0.4292, -0.4502, -0.462, -0.4712, -0.478, -0.4814, -0.4941, -0.505, -0.502, -0.507, -0.5225, -0.522, -0.5166, -0.5234, -0.5283, -0.5195, -0.5127, -0.521, -0.542, -0.542, -0.5225, -0.518, -0.5234, -0.5273, -0.5547, -0.5996, -0.6436, -0.7285, -0.8164, -0.87, -0.917, -0.9443, -0.9375, -0.8867, -0.8, -0.695, -0.5757, -0.4482, -0.343, -0.2803, -0.2769, -0.3257, -0.4097, -0.4712, -0.4932, -0.5107, -0.5176, -0.5117, -0.504, -0.504, -0.502, -0.5137
-0.5107, -0.4739, -0.4495, -0.4443, -0.4507, -0.457, -0.4614, -0.4517, -0.442, -0.4385, -0.4395, -0.462, -0.502, -0.5264, -0.5215, -0.5156, -0.5034, -0.4814, -0.4668, -0.4536, -0.4277, -0.4072, -0.4133, -0.4307, -0.454, -0.484, -0.5127, -0.5312, -0.533, -0.5146, -0.5, -0.4946, -0.4878, -0.4888, -0.4912, -0.484, -0.4634, -0.4575, -0.4575, -0.446, -0.433, -0.4297, -0.441, -0.455, -0.455, -0.4536, -0.457, -0.4648, -0.4841, -0.504, -0.5103, -0.5083, -0.504, -0.498, -0.5146, -0.5366, -0.5396, -0.543, -0.5684, -0.588, -0.5864, -0.577, -0.5645, -0.556, -0.5566, -0.5654, -0.588, -0.5947, -0.58, -0.575, -0.583, -0.5723, -0.5723, -0.5884, -0.63, -0.7197, -0.8076, -0.8545, -0.897, -0.919, -0.9155, -0.868, -0.7773, -0.671, -0.5547, -0.4531, -0.381, -0.351, -0.3767, -0.433, -0.487, -0.5186, -0.5303, -0.539, -0.536, -0.5254, -0.5303, -0.552, -0.5576, -0.536
-0.5312, -0.4932, -0.4795, -0.4905, -0.509, -0.5215, -0.5254, -0.509, -0.4937, -0.4917, -0.4917, -0.5024, -0.5386, -0.5693, -0.5693, -0.5625, -0.546, -0.5244, -0.5166, -0.5137, -0.501, -0.49, -0.497, -0.5146, -0.5303, -0.5635, -0.599, -0.615, -0.6143, -0.5947, -0.5693, -0.545, -0.5254, -0.5234, -0.526, -0.5244, -0.5195, -0.5166, -0.5156, -0.5146, -0.5107, -0.502, -0.505, -0.5093, -0.503, -0.5015, -0.505, -0.508, -0.516, -0.5303, -0.5366, -0.5356, -0.5303, -0.5264, -0.548, -0.5947, -0.627, -0.6387, -0.665, -0.6973, -0.7, -0.668, -0.63, -0.6123, -0.6123, -0.619, -0.637, -0.6465, -0.6396, -0.648, -0.6694, -0.6514, -0.629, -0.6284, -0.662, -0.7393, -0.8105, -0.8438, -0.87, -0.885, -0.884, -0.8525, -0.7725, -0.668, -0.5684, -0.4927, -0.454, -0.4517, -0.4902, -0.538, -0.5703, -0.584, -0.581, -0.5757, -0.5635, -0.5537, -0.5674, -0.6104, -0.624, -0.584
-0.587, -0.539, -0.5195, -0.5337, -0.5586, -0.574, -0.5757, -0.555, -0.5366, -0.5425, -0.552, -0.5557, -0.5835, -0.621, -0.631, -0.631, -0.6245, -0.6113, -0.6064, -0.6084, -0.6006, -0.5967, -0.6055, -0.613, -0.616, -0.6426, -0.68, -0.683, -0.672, -0.6494, -0.617, -0.584, -0.575, -0.578, -0.577, -0.575, -0.58, -0.578, -0.571, -0.582, -0.591, -0.582, -0.574, -0.5693, -0.5576, -0.5513, -0.5557, -0.556, -0.5596, -0.5684, -0.5767, -0.584, -0.5903, -0.592, -0.6143, -0.6807, -0.745, -0.7764, -0.801, -0.832, -0.838, -0.793, -0.7256, -0.6885, -0.6826, -0.6895, -0.711, -0.7305, -0.7324, -0.752, -0.782, -0.7686, -0.7295, -0.716, -0.7354, -0.788, -0.834, -0.858, -0.8706, -0.876, -0.877, -0.8506, -0.7812, -0.6875, -0.6104, -0.5586, -0.5356, -0.5503, -0.5967, -0.633, -0.6436, -0.6436, -0.6357, -0.63, -0.624, -0.6104, -0.6255, -0.68, -0.701, -0.6543
-0.6885, -0.6396, -0.6094, -0.6094, -0.631, -0.6387, -0.627, -0.597, -0.5723, -0.5786, -0.603, -0.6147, -0.6367, -0.6777, -0.699, -0.709, -0.715, -0.704, -0.6973, -0.6953, -0.685, -0.69, -0.704, -0.7056, -0.691, -0.706, -0.732, -0.73, -0.7173, -0.702, -0.671, -0.6543, -0.666, -0.673, -0.664, -0.659, -0.658, -0.6504, -0.6387, -0.6523, -0.6797, -0.681, -0.664, -0.6465, -0.622, -0.6074, -0.6064, -0.6133, -0.627, -0.6377, -0.6484, -0.668, -0.6953, -0.707, -0.7275, -0.787, -0.8574, -0.8936, -0.91, -0.9336, -0.9434, -0.9053, -0.836, -0.783, -0.7646, -0.7686, -0.798, -0.829, -0.841, -0.863, -0.8896, -0.8823, -0.8438, -0.823, -0.832, -0.8623, -0.8916, -0.9053, -0.91, -0.91, -0.909, -0.883, -0.8203, -0.743, -0.677, -0.6396, -0.628, -0.6484, -0.6846, -0.707, -0.709, -0.705, -0.702, -0.711, -0.713, -0.6904, -0.6943, -0.74, -0.768, -0.7393
-0.8193, -0.78, -0.7363, -0.7173, -0.7173, -0.706, -0.675, -0.6396, -0.615, -0.6196, -0.6514, -0.6714, -0.6885, -0.73, -0.7627, -0.7827, -0.8037, -0.797, -0.7793, -0.7695, -0.7603, -0.7686, -0.791, -0.782, -0.753, -0.751, -0.769, -0.7715, -0.7725, -0.774, -0.763, -0.764, -0.7764, -0.7686, -0.747, -0.738, -0.7397, -0.7363, -0.745, -0.7646, -0.79, -0.794, -0.7725, -0.7446, -0.708, -0.674, -0.6587, -0.67, -0.708, -0.7344, -0.756, -0.788, -0.824, -0.8457, -0.866, -0.9014, -0.9395, -0.956, -0.961, -0.9805, -1.0, -0.986, -0.9424, -0.895, -0.8584, -0.8477, -0.8774, -0.915, -0.93, -0.9443, -0.963, -0.958, -0.9346, -0.916, -0.923, -0.9414, -0.956, -0.964, -0.963, -0.962, -0.961, -0.9365, -0.8833, -0.8203, -0.7734, -0.754, -0.747, -0.75, -0.7603, -0.7725, -0.782, -0.782, -0.786, -0.8086, -0.8213, -0.8037, -0.798, -0.8145, -0.835, -0.837
-0.93, -0.8945, -0.8496, -0.826, -0.8115, -0.783, -0.7344, -0.6943, -0.676, -0.686, -0.717, -0.7373, -0.752, -0.792, -0.838, -0.866, -0.8945, -0.897, -0.876, -0.8633, -0.8486, -0.849, -0.8564, -0.838, -0.8047, -0.8047, -0.825, -0.843, -0.8584, -0.878, -0.881, -0.88, -0.875, -0.8496, -0.816, -0.8057, -0.823, -0.8525, -0.8804, -0.895, -0.907, -0.9043, -0.8833, -0.8525, -0.8047, -0.751, -0.719, -0.7344, -0.8037, -0.8613, -0.8906, -0.918, -0.9365, -0.95, -0.9707, -1.0, -1.006, -0.99, -0.9805, -1.0, -1.029, -1.04, -1.031, -1.0, -0.954, -0.929, -0.9463, -0.983, -1.0, -1.002, -1.0, -1.0, -0.991, -0.9824, -0.9946, -1.004, -1.0, -1.002, -1.0, -1.0, -0.999, -0.98, -0.9463, -0.907, -0.885, -0.89, -0.8857, -0.8633, -0.8477, -0.8555, -0.871, -0.879, -0.8916, -0.915, -0.9336, -0.9316, -0.925, -0.915, -0.918, -0.9336
-1.002, -0.972, -0.9395, -0.921, -0.9097, -0.877, -0.8257, -0.784, -0.7705, -0.785, -0.8154, -0.837, -0.8516, -0.8843, -0.92, -0.9404, -0.968, -0.9785, -0.962, -0.9463, -0.9385, -0.9287, -0.92, -0.8916, -0.8623, -0.873, -0.909, -0.9336, -0.953, -0.968, -0.9663, -0.957, -0.9473, -0.9307, -0.91, -0.9053, -0.926, -0.9624, -0.9844, -0.9805, -0.9746, -0.9727, -0.964, -0.937, -0.8887, -0.834, -0.8066, -0.831, -0.903, -0.9736, -1.002, -1.014, -1.012, -1.01, -1.022, -1.047, -1.046, -1.018, -1.004, -1.023, -1.051, -1.068, -1.077, -1.066, -1.039, -1.018, -1.013, -1.027, -1.039, -1.029, -1.015, -1.014, -1.018, -1.023, -1.047, -1.047, -1.029, -1.02, -1.016, -1.016, -1.014, -1.004, -0.992, -0.9756, -0.9688, -0.9834, -0.988, -0.9634, -0.9443, -0.949, -0.954, -0.961, -0.9736, -0.99, -1.01, -1.018, -1.016, -1.009, -1.004, -1.009
-1.027, -1.01, -0.993, -0.9814, -0.9785, -0.963, -0.9287, -0.9033, -0.898, -0.907, -0.9307, -0.9434, -0.952, -0.9697, -0.9785, -0.983, -1.009, -1.025, -1.01, -0.9946, -0.991, -0.9863, -0.975, -0.952, -0.9316, -0.9443, -0.976, -0.993, -1.0, -1.004, -1.008, -1.006, -0.993, -0.9854, -0.981, -0.9824, -0.999, -1.021, -1.023, -1.008, -1.004, -1.0, -0.996, -0.9854, -0.954, -0.9243, -0.913, -0.936, -0.9814, -1.021, -1.039, -1.045, -1.045, -1.042, -1.039, -1.047, -1.049, -1.039, -1.043, -1.0625, -1.076, -1.081, -1.091, -1.104, -1.105, -1.09, -1.072, -1.06, -1.053, -1.042, -1.031, -1.032, -1.037, -1.049, -1.072, -1.072, -1.049, -1.035, -1.031, -1.031, -1.027, -1.023, -1.0205, -1.012, -1.004, -1.01, -1.015, -1.008, -1.0, -0.997, -0.9946, -1.0, -1.006, -1.015, -1.043, -1.057, -1.058, -1.059, -1.049, -1.039
-1.027, -1.021, -1.012, -1.0, -1.0, -0.9995, -0.99, -0.99, -1.0, -1.006, -1.006, -0.9995, -1.0, -1.01, -1.01, -1.004, -1.023, -1.047, -1.035, -1.01, -1.006, -1.004, -1.0, -0.991, -0.9766, -0.9854, -1.003, -1.008, -1.01, -1.016, -1.033, -1.039, -1.02, -1.01, -1.01, -1.007, -1.016, -1.029, -1.027, -1.018, -1.016, -1.01, -1.002, -1.0, -0.992, -0.983, -0.9844, -0.998, -1.02, -1.031, -1.035, -1.041, -1.05, -1.051, -1.043, -1.047, -1.055, -1.061, -1.078, -1.099, -1.094, -1.078, -1.084, -1.111, -1.131, -1.131, -1.122, -1.098, -1.07, -1.057, -1.0625, -1.07, -1.074, -1.08, -1.09, -1.088, -1.072, -1.064, -1.066, -1.067, -1.053, -1.041, -1.038, -1.035, -1.025, -1.014, -1.006, -1.008, -1.006, -1.0, -1.0, -1.014, -1.0205, -1.026, -1.049, -1.064, -1.066, -1.059, -1.041, -1.033
-1.025, -1.029, -1.021, -1.002, -1.0, -1.0, -1.0, -1.02, -1.039, -1.045, -1.034, -1.018, -1.016, -1.025, -1.035, -1.026, -1.031, -1.051, -1.039, -1.016, -1.008, -1.001, -1.0, -1.006, -1.002, -1.011, -1.021, -1.018, -1.016, -1.023, -1.043, -1.049, -1.033, -1.029, -1.029, -1.02, -1.016, -1.018, -1.016, -1.016, -1.014, -1.006, -1.0, -1.0, -1.0, -1.006, -1.016, -1.029, -1.047, -1.051, -1.043, -1.043, -1.049, -1.051, -1.043, -1.045, -1.053, -1.061, -1.08, -1.098, -1.088, -1.066, -1.068, -1.092, -1.117, -1.148, -1.168, -1.141, -1.098, -1.084, -1.107, -1.127, -1.132, -1.129, -1.121, -1.109, -1.098, -1.092, -1.099, -1.094, -1.066, -1.047, -1.047, -1.049, -1.039, -1.016, -1.0, -0.998, -1.0, -1.008, -1.014, -1.023, -1.037, -1.039, -1.049, -1.059, -1.061, -1.049, -1.026, -1.021
-1.021, -1.027, -1.02, -1.0, -1.0, -1.0, -1.0, -1.018, -1.033, -1.043, -1.039, -1.031, -1.029, -1.036, -1.049, -1.046, -1.043, -1.045, -1.032, -1.018, -1.011, -1.005, -1.008, -1.018, -1.021, -1.031, -1.041, -1.033, -1.02, -1.023, -1.044, -1.051, -1.037, -1.035, -1.04, -1.031, -1.021, -1.018, -1.012, -1.01, -1.008, -1.0, -1.0, -1.008, -1.02, -1.031, -1.041, -1.045, -1.059, -1.068, -1.061, -1.047, -1.043, -1.045, -1.044, -1.043, -1.039, -1.039, -1.057, -1.079, -1.076, -1.061, -1.055, -1.062, -1.092, -1.16, -1.201, -1.174, -1.123, -1.105, -1.137, -1.162, -1.165, -1.156, -1.145, -1.126, -1.104, -1.09, -1.09, -1.083, -1.058, -1.049, -1.059, -1.054, -1.035, -1.014, -1.006, -1.0, -1.0, -1.014, -1.025, -1.033, -1.042, -1.047, -1.054, -1.059, -1.064, -1.055, -1.027, -1.016
-1.026, -1.027, -1.018, -1.0, -1.0, -1.002, -1.002, -1.012, -1.021, -1.027, -1.025, -1.025, -1.028, -1.029, -1.039, -1.043, -1.051, -1.049, -1.027, -1.017, -1.014, -1.014, -1.018, -1.02, -1.019, -1.029, -1.047, -1.041, -1.02, -1.02, -1.041, -1.045, -1.033, -1.033, -1.045, -1.043, -1.037, -1.033, -1.021, -1.012, -1.006, -1.0, -1.0, -1.01, -1.023, -1.037, -1.04, -1.033, -1.044, -1.064, -1.072, -1.061, -1.043, -1.043, -1.049, -1.051, -1.036, -1.021, -1.035, -1.06, -1.068, -1.0625, -1.049, -1.043, -1.076, -1.158, -1.207, -1.1875, -1.139, -1.115, -1.133, -1.144, -1.137, -1.127, -1.125, -1.115, -1.09, -1.064, -1.059, -1.055, -1.043, -1.054, -1.078, -1.08, -1.051, -1.021, -1.01, -1.012, -1.009, -1.008, -1.021, -1.037, -1.047, -1.061, -1.07, -1.07, -1.068, -1.059, -1.033, -1.024
-1.045, -1.039, -1.025, -1.006, -1.005, -1.01, -1.014, -1.02, -1.021, -1.021, -1.012, -1.01, -1.014, -1.016, -1.016, -1.023, -1.041, -1.047, -1.027, -1.018, -1.02, -1.02, -1.021, -1.02, -1.016, -1.021, -1.033, -1.023, -1.008, -1.01, -1.023, -1.023, -1.017, -1.023, -1.044, -1.053, -1.051, -1.051, -1.04, -1.025, -1.014, -1.006, -1.0, -1.0, -1.008, -1.023, -1.029, -1.02, -1.028, -1.051, -1.068, -1.07, -1.054, -1.051, -1.066, -1.064, -1.04, -1.021, -1.029, -1.039, -1.043, -1.045, -1.041, -1.037, -1.069, -1.137, -1.18, -1.173, -1.144, -1.125, -1.125, -1.113, -1.09, -1.076, -1.086, -1.096, -1.085, -1.057, -1.041, -1.039, -1.033, -1.053, -1.096, -1.115, -1.094, -1.045, -1.02, -1.026, -1.0205, -1.006, -1.016, -1.039, -1.055, -1.072, -1.086, -1.08, -1.061, -1.041, -1.033, -1.041
-1.061, -1.046, -1.023, -1.006, -1.006, -1.006, -1.012, -1.02, -1.021, -1.018, -1.008, -1.002, -1.003, -1.004, -1.004, -1.006, -1.021, -1.031, -1.026, -1.021, -1.021, -1.018, -1.014, -1.012, -1.01, -1.018, -1.018, -1.006, -1.0, -1.002, -1.004, -1.004, -1.004, -1.014, -1.035, -1.047, -1.049, -1.049, -1.047, -1.039, -1.023, -1.008, -1.0, -0.999, -1.006, -1.025, -1.037, -1.035, -1.045, -1.059, -1.064, -1.064, -1.056, -1.055, -1.07, -1.063, -1.035, -1.023, -1.026, -1.023, -1.021, -1.025, -1.031, -1.043, -1.064, -1.098, -1.123, -1.133, -1.129, -1.123, -1.119, -1.098, -1.068, -1.055, -1.066, -1.081, -1.078, -1.0625, -1.051, -1.042, -1.033, -1.049, -1.092, -1.121, -1.104, -1.051, -1.021, -1.026, -1.023, -1.004, -1.006, -1.033, -1.047, -1.057, -1.074, -1.072, -1.047, -1.029, -1.031, -1.051
-1.043, -1.023, -1.0, -0.994, -1.0, -1.004, -1.004, -1.006, -1.008, -1.008, -1.008, -1.006, -1.004, -1.0, -0.9995, -1.0, -1.01, -1.021, -1.017, -1.008, -1.01, -1.01, -1.008, -1.004, -0.9995, -1.004, -1.004, -1.0, -1.0, -1.0, -1.0, -1.0, -1.0, -1.0, -1.004, -1.012, -1.014, -1.01, -1.018, -1.0205, -1.0, -0.984, -0.9834, -0.9917, -1.006, -1.025, -1.043, -1.058, -1.07, -1.064, -1.047, -1.043, -1.041, -1.043, -1.049, -1.041, -1.023, -1.02, -1.025, -1.029, -1.027, -1.021, -1.025, -1.045, -1.055, -1.047, -1.053, -1.07, -1.084, -1.09, -1.089, -1.074, -1.055, -1.049, -1.059, -1.07, -1.068, -1.0625, -1.0625, -1.053, -1.039, -1.052, -1.078, -1.09, -1.068, -1.029, -1.01, -1.012, -1.012, -1.0, -0.995, -1.01, -1.022, -1.031, -1.053, -1.057, -1.04, -1.025, -1.021, -1.037
-1.0, -0.9775, -0.963, -0.968, -0.986, -0.998, -0.997, -0.995, -0.996, -0.9956, -0.998, -1.0, -0.996, -0.9824, -0.9683, -0.965, -0.9785, -0.996, -0.991, -0.9844, -0.9927, -0.999, -0.9995, -0.992, -0.982, -0.9863, -0.998, -1.0, -1.0, -1.0, -0.997, -0.9883, -0.9766, -0.961, -0.948, -0.9424, -0.9487, -0.9517, -0.963, -0.965, -0.9365, -0.9175, -0.9233, -0.9463, -0.9717, -1.0, -1.025, -1.053, -1.07, -1.051, -1.02, -1.012, -1.02, -1.027, -1.029, -1.029, -1.029, -1.029, -1.031, -1.035, -1.032, -1.021, -1.021, -1.036, -1.033, -1.006, -1.0, -1.0205, -1.035, -1.034, -1.027, -1.02, -1.008, -1.008, -1.031, -1.051, -1.05, -1.048, -1.053, -1.045, -1.033, -1.043, -1.054, -1.048, -1.029, -1.012, -1.004, -1.006, -1.004, -0.9824, -0.96, -0.9697, -0.9917, -1.014, -1.039, -1.046, -1.029, -1.009, -0.996, -1.0
-0.914, -0.9014, -0.8975, -0.9023, -0.92, -0.9365, -0.9424, -0.9463, -0.9478, -0.948, -0.9507, -0.951, -0.946, -0.9194, -0.8867, -0.881, -0.9004, -0.927, -0.928, -0.921, -0.925, -0.927, -0.9297, -0.9307, -0.932, -0.9536, -0.984, -0.992, -0.9824, -0.9683, -0.9414, -0.908, -0.8857, -0.8687, -0.856, -0.85, -0.8574, -0.8643, -0.868, -0.865, -0.839, -0.8164, -0.828, -0.8604, -0.901, -0.945, -0.9883, -1.025, -1.047, -1.031, -1.01, -1.0, -1.004, -1.014, -1.013, -1.017, -1.027, -1.025, -1.017, -1.009, -1.0, -1.003, -1.012, -1.02, -1.004, -0.9756, -0.9756, -0.998, -1.01, -1.0, -0.9873, -0.9727, -0.9526, -0.9487, -0.9707, -0.991, -1.0, -1.016, -1.035, -1.03, -1.013, -1.012, -1.011, -1.0, -0.992, -0.9883, -0.9805, -0.9824, -0.976, -0.9316, -0.8906, -0.901, -0.937, -0.971, -0.991, -0.9893, -0.98, -0.964, -0.9414, -0.926
-0.7974, -0.7993, -0.8086, -0.8174, -0.831, -0.8447, -0.8467, -0.849, -0.8516, -0.858, -0.866, -0.865, -0.8555, -0.823, -0.788, -0.783, -0.802, -0.832, -0.839, -0.8115, -0.796, -0.7954, -0.8037, -0.824, -0.8467, -0.885, -0.922, -0.9287, -0.914, -0.8906, -0.842, -0.792, -0.7656, -0.756, -0.756, -0.757, -0.756, -0.754, -0.749, -0.745, -0.7305, -0.7188, -0.7305, -0.7607, -0.8076, -0.865, -0.925, -0.9727, -1.0, -1.004, -1.0, -1.0, -1.004, -1.0, -0.9873, -0.9863, -0.9927, -0.9883, -0.9785, -0.9673, -0.957, -0.97, -0.99, -0.996, -0.968, -0.9316, -0.93, -0.9565, -0.969, -0.959, -0.9443, -0.917, -0.8774, -0.8633, -0.8867, -0.907, -0.927, -0.964, -1.0, -1.003, -0.9873, -0.979, -0.9688, -0.949, -0.9365, -0.9307, -0.924, -0.921, -0.9043, -0.8486, -0.796, -0.801, -0.839, -0.868, -0.876, -0.866, -0.866, -0.8647, -0.8364, -0.81
-0.6924, -0.705, -0.718, -0.735, -0.752, -0.756, -0.74, -0.7266, -0.7246, -0.7295, -0.7393, -0.743, -0.7354, -0.709, -0.684, -0.6787, -0.6875, -0.709, -0.71, -0.6753, -0.6562, -0.664, -0.6826, -0.713, -0.755, -0.801, -0.834, -0.829, -0.8135, -0.788, -0.732, -0.6855, -0.673, -0.668, -0.6763, -0.6787, -0.659, -0.6436, -0.646, -0.6436, -0.635, -0.63, -0.642, -0.67, -0.7217, -0.782, -0.8477, -0.8975, -0.9326, -0.954, -0.965, -0.9736, -0.978, -0.963, -0.9434, -0.9375, -0.927, -0.909, -0.8936, -0.8867, -0.8867, -0.9043, -0.924, -0.924, -0.8926, -0.8584, -0.8535, -0.8696, -0.872, -0.8633, -0.8506, -0.817, -0.7676, -0.754, -0.783, -0.8164, -0.846, -0.8857, -0.921, -0.9307, -0.9146, -0.9014, -0.8896, -0.876, -0.862, -0.851, -0.8457, -0.829, -0.793, -0.746, -0.702, -0.6934, -0.717, -0.7354, -0.7344, -0.7275, -0.73, -0.7246, -0.6973, -0.686
-0.5957, -0.6104, -0.625, -0.6367, -0.6436, -0.6416, -0.628, -0.6143, -0.6055, -0.5996, -0.5986, -0.605, -0.6035, -0.595, -0.587, -0.587, -0.586, -0.5938, -0.589, -0.5625, -0.5527, -0.573, -0.5996, -0.63, -0.675, -0.7227, -0.7393, -0.718, -0.6924, -0.671, -0.622, -0.5894, -0.59, -0.592, -0.6045, -0.6104, -0.582, -0.5605, -0.5645, -0.5645, -0.5566, -0.5596, -0.574, -0.6025, -0.651, -0.71, -0.768, -0.8164, -0.8486, -0.876, -0.8936, -0.9, -0.8975, -0.879, -0.8613, -0.8555, -0.8223, -0.7803, -0.754, -0.747, -0.7617, -0.787, -0.797, -0.793, -0.7744, -0.7554, -0.756, -0.759, -0.742, -0.7314, -0.7295, -0.698, -0.663, -0.657, -0.6826, -0.7188, -0.754, -0.79, -0.8105, -0.8184, -0.8066, -0.785, -0.7686, -0.7627, -0.7617, -0.764, -0.766, -0.737, -0.6846, -0.6484, -0.62, -0.6035, -0.6074, -0.616, -0.622, -0.63, -0.627, -0.6074, -0.578, -0.578
-0.5156, -0.537, -0.553, -0.5527, -0.541, -0.532, -0.527, -0.52, -0.5166, -0.51, -0.505, -0.507, -0.508, -0.5127, -0.5234, -0.5293, -0.5317, -0.537, -0.535, -0.5176, -0.5127, -0.532, -0.5537, -0.573, -0.6045, -0.628, -0.625, -0.5986, -0.575, -0.5605, -0.5283, -0.503, -0.505, -0.5117, -0.5312, -0.547, -0.5293, -0.5117, -0.5103, -0.508, -0.509, -0.5215, -0.538, -0.5557, -0.587, -0.629, -0.674, -0.7227, -0.759, -0.7876, -0.8076, -0.8076, -0.7944, -0.7764, -0.7607, -0.746, -0.7017, -0.6533, -0.619, -0.6064, -0.628, -0.6523, -0.6562, -0.658, -0.657, -0.6484, -0.6533, -0.6504, -0.624, -0.6123, -0.6187, -0.6006, -0.5806, -0.583, -0.602, -0.6294, -0.668, -0.702, -0.708, -0.705, -0.6997, -0.6855, -0.6724, -0.67, -0.673, -0.6865, -0.6973, -0.662, -0.6006, -0.5664, -0.549, -0.5347, -0.535, -0.5415, -0.5537, -0.57, -0.565, -0.5264, -0.4849, -0.49
-0.4424, -0.481, -0.5, -0.4922, -0.471, -0.4548, -0.446, -0.4368, -0.4277, -0.4253, -0.421, -0.4194, -0.4238, -0.4365, -0.4482, -0.461, -0.483, -0.505, -0.5137, -0.505, -0.4998, -0.506, -0.508, -0.51, -0.518, -0.5176, -0.5054, -0.4915, -0.4785, -0.4668, -0.435, -0.4033, -0.3975, -0.412, -0.4417, -0.4612, -0.459, -0.4536, -0.4597, -0.4648, -0.4746, -0.4937, -0.506, -0.5117, -0.53, -0.5547, -0.588, -0.6377, -0.6826, -0.713, -0.7324, -0.734, -0.7095, -0.6875, -0.6733, -0.6445, -0.601, -0.5645, -0.5254, -0.4958, -0.502, -0.5186, -0.5244, -0.5312, -0.541, -0.545, -0.5586, -0.5576, -0.533, -0.5137, -0.5195, -0.5234, -0.5264, -0.5347, -0.542, -0.558, -0.5938, -0.624, -0.62, -0.6084, -0.6045, -0.5977, -0.5996, -0.6055, -0.6084, -0.6123, -0.6143, -0.5806, -0.5225, -0.499, -0.496, -0.4954, -0.5, -0.5093, -0.5215, -0.532, -0.5234, -0.4585, -0.395, -0.4023
-0.3477, -0.398, -0.4282, -0.4253, -0.395, -0.378, -0.373, -0.3623, -0.3452, -0.335, -0.3296, -0.3242, -0.3284, -0.3394, -0.3452, -0.3586, -0.4023, -0.4487, -0.4785, -0.4883, -0.4854, -0.4785, -0.4583, -0.4355, -0.4263, -0.4124, -0.399, -0.395, -0.393, -0.3853, -0.3462, -0.3018, -0.288, -0.3032, -0.3345, -0.352, -0.3647, -0.376, -0.3936, -0.4097, -0.4236, -0.4436, -0.4536, -0.4595, -0.479, -0.505, -0.5347, -0.5806, -0.622, -0.6465, -0.669, -0.674, -0.6455, -0.622, -0.6074, -0.5684, -0.5312, -0.5054, -0.4563, -0.4023, -0.3792, -0.3796, -0.39, -0.4001, -0.4136, -0.4326, -0.455, -0.4668, -0.4478, -0.421, -0.4185, -0.439, -0.466, -0.4846, -0.4937, -0.5, -0.5254, -0.541, -0.535, -0.5244, -0.5205, -0.5225, -0.536, -0.55, -0.547, -0.538, -0.5234, -0.4778, -0.4329, -0.4292, -0.4536, -0.474, -0.4937, -0.5073, -0.5117, -0.5107, -0.4897, -0.3965, -0.2974, -0.3018
-0.2443, -0.3076, -0.3494, -0.3525, -0.3179, -0.301, -0.3052, -0.2993, -0.2803, -0.2683, -0.2568, -0.2365, -0.2297, -0.2355, -0.2467, -0.2695, -0.3213, -0.3843, -0.4294, -0.4478, -0.4392, -0.4175, -0.391, -0.3623, -0.3452, -0.3354, -0.331, -0.331, -0.3364, -0.332, -0.2812, -0.2156, -0.1901, -0.1993, -0.2292, -0.257, -0.287, -0.3113, -0.329, -0.3467, -0.3584, -0.3662, -0.375, -0.3967, -0.4363, -0.4763, -0.5103, -0.543, -0.5693, -0.587, -0.608, -0.616, -0.5947, -0.575, -0.559, -0.5264, -0.4985, -0.472, -0.4062, -0.3296, -0.2798, -0.2617, -0.267, -0.279, -0.2942, -0.3137, -0.3423, -0.3647, -0.3564, -0.3242, -0.3125, -0.3384, -0.373, -0.4023, -0.4248, -0.4387, -0.45, -0.455, -0.45, -0.44, -0.4297, -0.437, -0.4565, -0.475, -0.4778, -0.4683, -0.44, -0.3809, -0.3442, -0.3635, -0.4158, -0.4658, -0.4985, -0.5156, -0.5146, -0.501, -0.4717, -0.3472, -0.2056, -0.1896
-0.137, -0.2177, -0.2664, -0.2783, -0.2578, -0.25, -0.2666, -0.2725, -0.2588, -0.2458, -0.2128, -0.1523, -0.11633, -0.126, -0.1559, -0.1974, -0.2527, -0.3135, -0.3555, -0.3696, -0.3477, -0.3188, -0.2966, -0.2812, -0.2778, -0.2837, -0.295, -0.308, -0.3208, -0.308, -0.2311, -0.1377, -0.0918, -0.09296, -0.125, -0.1606, -0.2014, -0.2428, -0.2654, -0.2747, -0.2788, -0.278, -0.29, -0.3296, -0.3955, -0.4595, -0.5, -0.5166, -0.5312, -0.545, -0.555, -0.5605, -0.549, -0.539, -0.5273, -0.5054, -0.4863, -0.455, -0.379, -0.2905, -0.223, -0.1787, -0.1702, -0.177, -0.1876, -0.2004, -0.2302, -0.265, -0.2666, -0.2338, -0.2118, -0.2336, -0.2715, -0.2988, -0.321, -0.3398, -0.3452, -0.3457, -0.3523, -0.3545, -0.3472, -0.3542, -0.3716, -0.3813, -0.3872, -0.383, -0.3516, -0.2993, -0.2812, -0.3206, -0.3933, -0.4644, -0.503, -0.5166, -0.5166, -0.5, -0.468, -0.3267, -0.1394, -0.0808
-0.02759, -0.1198, -0.1848, -0.2128, -0.2172, -0.2288, -0.2588, -0.2773, -0.273, -0.2544, -0.1866, -0.0689, -0.00773, -0.02298, -0.0626, -0.1173, -0.1713, -0.21, -0.2463, -0.2617, -0.2495, -0.2302, -0.2191, -0.219, -0.2338, -0.2583, -0.2827, -0.3096, -0.3257, -0.2993, -0.1965, -0.06964, 0.002237, 0.012, -0.02357, -0.0688, -0.11395, -0.1581, -0.1881, -0.2012, -0.1995, -0.2025, -0.2306, -0.2852, -0.372, -0.4575, -0.4966, -0.5, -0.5054, -0.5137, -0.5156, -0.5195, -0.5195, -0.5205, -0.5156, -0.5, -0.479, -0.441, -0.3645, -0.2837, -0.2085, -0.1282, -0.0866, -0.082, -0.0886, -0.09985, -0.1295, -0.1669, -0.1807, -0.1594, -0.141, -0.1602, -0.1935, -0.2201, -0.2345, -0.2408, -0.2388, -0.2432, -0.2651, -0.2847, -0.2925, -0.3013, -0.3098, -0.3071, -0.3105, -0.3042, -0.275, -0.244, -0.25, -0.3022, -0.3857, -0.4648, -0.502, -0.51, -0.5127, -0.5, -0.4746, -0.334, -0.102, 0.014046
0.07587, -0.03317, -0.12286, -0.1726, -0.1985, -0.2303, -0.2705, -0.301, -0.2944, -0.2607, -0.1602, -0.0001017, 0.0804, 0.0663, 0.0237, -0.02666, -0.08234, -0.1252, -0.159, -0.1764, -0.1781, -0.1731, -0.1738, -0.1868, -0.2146, -0.2495, -0.2817, -0.315, -0.3271, -0.2869, -0.1787, -0.03577, 0.0753, 0.1048, 0.0721, 0.0188, -0.03827, -0.08527, -0.12476, -0.1484, -0.1543, -0.168, -0.2068, -0.2695, -0.3672, -0.4604, -0.4941, -0.4878, -0.4834, -0.4922, -0.504, -0.5225, -0.5347, -0.539, -0.5327, -0.51, -0.48, -0.4375, -0.3608, -0.289, -0.216, -0.10376, -0.0157, 0.007523, 0.005764, -0.002779, -0.03317, -0.06915, -0.0916, -0.08435, -0.0852, -0.1119, -0.1436, -0.1682, -0.1842, -0.1796, -0.1641, -0.1615, -0.185, -0.213, -0.2288, -0.2421, -0.255, -0.2632, -0.2666, -0.2476, -0.2189, -0.2098, -0.2373, -0.3003, -0.3882, -0.4634, -0.4932, -0.506, -0.5127, -0.503, -0.4917, -0.3562, -0.0977, 0.0788
0.1666, 0.05963, -0.05502, -0.1351, -0.1846, -0.2312, -0.2842, -0.3167, -0.3018, -0.2498, -0.1372, 0.03085, 0.1327, 0.1378, 0.10547, 0.05606, -0.0006504, -0.0557, -0.0964, -0.11725, -0.125, -0.1295, -0.146, -0.1732, -0.2072, -0.2444, -0.2803, -0.311, -0.3157, -0.2695, -0.1809, -0.04218, 0.11066, 0.1735, 0.1484, 0.09454, 0.03555, -0.02283, -0.06885, -0.10406, -0.128, -0.1549, -0.1982, -0.2632, -0.36, -0.4492, -0.4805, -0.475, -0.4802, -0.5034, -0.537, -0.5703, -0.588, -0.5903, -0.575, -0.537, -0.5, -0.4575, -0.3696, -0.2935, -0.2253, -0.0978, 0.02664, 0.074, 0.07904, 0.08124, 0.05792, 0.02547, -0.0006394, -0.006332, -0.01654, -0.04227, -0.07684, -0.1087, -0.1302, -0.1315, -0.1176, -0.10516, -0.1161, -0.1418, -0.1617, -0.1763, -0.1936, -0.212, -0.2166, -0.1938, -0.1732, -0.1847, -0.2262, -0.2969, -0.3865, -0.4512, -0.479, -0.4985, -0.5117, -0.5137, -0.5146, -0.381, -0.1126, 0.11566
0.23, 0.1301, 0.00443, -0.09674, -0.1614, -0.2207, -0.281, -0.3105, -0.2803, -0.2151, -0.1172, 0.02632, 0.1414, 0.1832, 0.1747, 0.1329, 0.0802, 0.02264, -0.02652, -0.0625, -0.0811, -0.099, -0.1292, -0.1665, -0.2043, -0.2384, -0.2651, -0.2847, -0.281, -0.2422, -0.181, -0.0575, 0.1109, 0.1985, 0.197, 0.1617, 0.10846, 0.04538, -0.00681, -0.05542, -0.10205, -0.1421, -0.1907, -0.254, -0.3416, -0.4197, -0.4614, -0.4846, -0.517, -0.5586, -0.5957, -0.622, -0.6377, -0.6465, -0.631, -0.581, -0.538, -0.4888, -0.3809, -0.2852, -0.2229, -0.10394, 0.02222, 0.07776, 0.1074, 0.1356, 0.1328, 0.1044, 0.0817, 0.072, 0.06396, 0.0487, 0.014114, -0.01735, -0.04355, -0.05353, -0.0607, -0.0645, -0.08136, -0.1034, -0.11847, -0.125, -0.1345, -0.1475, -0.1536, -0.1436, -0.1376, -0.1604, -0.209, -0.2844, -0.3718, -0.4336, -0.4702, -0.5024, -0.534, -0.5576, -0.5664, -0.4243, -0.1442, 0.131
0.2612, 0.1677, 0.0431, -0.05997, -0.1311, -0.1897, -0.2422, -0.2646, -0.2264, -0.1577, -0.0935, 0.005157, 0.1156, 0.191, 0.2185, 0.2001, 0.1624, 0.1097, 0.0568, 0.00854, -0.0327, -0.0676, -0.1089, -0.1516, -0.1927, -0.2188, -0.2224, -0.2206, -0.2136, -0.1924, -0.1602, -0.05975, 0.0916, 0.1816, 0.216, 0.2166, 0.1769, 0.11755, 0.0653, 0.00578, -0.057, -0.11615, -0.1726, -0.237, -0.316, -0.3923, -0.4512, -0.507, -0.5693, -0.619, -0.6426, -0.6484, -0.6543, -0.664, -0.6484, -0.5938, -0.545, -0.4849, -0.3599, -0.25, -0.1947, -0.1056, -0.01706, 0.02884, 0.08624, 0.1531, 0.1787, 0.1649, 0.1493, 0.1445, 0.1437, 0.1396, 0.11816, 0.08966, 0.0643, 0.05228, 0.0307, 0.003021, -0.037, -0.07196, -0.0906, -0.09503, -0.09375, -0.09735, -0.1008, -0.10004, -0.10876, -0.1375, -0.1873, -0.2637, -0.3467, -0.4126, -0.4663, -0.5244, -0.588, -0.627, -0.627, -0.4673, -0.1749, 0.132
0.296, 0.2087, 0.08453, -0.01596, -0.0875, -0.1415, -0.1771, -0.1821, -0.1418, -0.0858, -0.04745, 0.006573, 0.08936, 0.1741, 0.2295, 0.2406, 0.2318, 0.1956, 0.1476, 0.0966, 0.0483, 0.002043, -0.05, -0.1013, -0.1487, -0.1661, -0.1482, -0.127, -0.12024, -0.11536, -0.10266, -0.0365, 0.06824, 0.1455, 0.2085, 0.2439, 0.2338, 0.1974, 0.1501, 0.08905, 0.01404, -0.0625, -0.1329, -0.2075, -0.2842, -0.3584, -0.4219, -0.4868, -0.5596, -0.6074, -0.621, -0.614, -0.6055, -0.5986, -0.5723, -0.5215, -0.4731, -0.414, -0.2961, -0.1917, -0.1421, -0.08716, -0.03754, -0.006508, 0.05826, 0.1438, 0.1868, 0.1893, 0.1912, 0.1965, 0.2046, 0.2168, 0.2113, 0.195, 0.1782, 0.1664, 0.135, 0.09503, 0.0435, -0.003822, -0.03357, -0.0463, -0.04706, -0.05185, -0.05115, -0.0477, -0.0544, -0.08514, -0.1415, -0.2191, -0.2993, -0.37, -0.4365, -0.5186, -0.593, -0.631, -0.6084, -0.4592, -0.188, 0.1387
0.3613, 0.2917, 0.1626, 0.0673, 0.008446, -0.03732, -0.0639, -0.0573, -0.01875, 0.01758, 0.0463, 0.0744, 0.11957, 0.1805, 0.2344, 0.2666, 0.284, 0.2686, 0.2297, 0.1876, 0.1448, 0.1038, 0.06055, 0.00725, -0.03802, -0.05222, -0.02872, -0.005684, -0.00355, -0.001034, 0.00638, 0.0429, 0.1022, 0.1483, 0.2122, 0.273, 0.2876, 0.275, 0.2412, 0.1849, 0.10266, 0.01988, -0.06177, -0.1316, -0.1995, -0.2563, -0.3093, -0.3513, -0.4087, -0.4622, -0.4814, -0.48, -0.4634, -0.44, -0.401, -0.3494, -0.3125, -0.2603, -0.1743, -0.09515, -0.0503, -0.01322, 0.01419, 0.03738, 0.08673, 0.1515, 0.185, 0.1934, 0.2117, 0.2301, 0.2478, 0.275, 0.2866, 0.289, 0.291, 0.2935, 0.273, 0.2258, 0.1649, 0.11194, 0.0663, 0.04318, 0.03558, 0.02507, 0.0231, 0.03125, 0.0357, 0.02487, -0.0323, -0.11017, -0.1886, -0.2556, -0.331, -0.409, -0.4568, -0.477, -0.4429, -0.34, -0.1437, 0.1754
0.4673, 0.4219, 0.3071, 0.2213, 0.1803, 0.1494, 0.1362, 0.1553, 0.1826, 0.1942, 0.2092, 0.2266, 0.2458, 0.2803, 0.312, 0.3306, 0.3547, 0.3552, 0.329, 0.3057, 0.2773, 0.2448, 0.2122, 0.1819, 0.1517, 0.1443, 0.1597, 0.186, 0.1913, 0.1996, 0.2131, 0.2299, 0.2439, 0.2546, 0.2979, 0.3513, 0.3633, 0.3652, 0.3538, 0.315, 0.2457, 0.165, 0.0878, 0.03186, -0.012856, -0.03094, -0.064, -0.08673, -0.1032, -0.1613, -0.209, -0.2207, -0.209, -0.1765, -0.1399, -0.1065, -0.0837, -0.04004, 0.03043, 0.0974, 0.1257, 0.1449, 0.1528, 0.1687, 0.196, 0.2218, 0.2268, 0.2358, 0.269, 0.3042, 0.332, 0.3599, 0.387, 0.4124, 0.4375, 0.4517, 0.448, 0.4116, 0.355, 0.2898, 0.2341, 0.1967, 0.1805, 0.1659, 0.1611, 0.1667, 0.1755, 0.1819, 0.1406, 0.0807, 0.03183, -0.01563, -0.0792, -0.1355, -0.1595, -0.1637, -0.142, -0.09296, 0.01598, 0.2825
0.6665, 0.6543, 0.561, 0.4907, 0.4583, 0.4463, 0.4443, 0.4697, 0.505, 0.504, 0.4966, 0.4995, 0.507, 0.539, 0.549, 0.5312, 0.542, 0.5566, 0.547, 0.536, 0.5107, 0.4888, 0.4802, 0.4714, 0.456, 0.4624, 0.4814, 0.5166, 0.5273, 0.542, 0.5635, 0.5596, 0.5283, 0.506, 0.533, 0.577, 0.58, 0.5674, 0.5625, 0.551, 0.504, 0.437, 0.3672, 0.3354, 0.3213, 0.3472, 0.3403, 0.3452, 0.3667, 0.3203, 0.2622, 0.2495, 0.2474, 0.271, 0.2837, 0.276, 0.2822, 0.319, 0.3726, 0.4302, 0.4434, 0.4316, 0.4175, 0.42, 0.4272, 0.4292, 0.4207, 0.419, 0.4578, 0.5166, 0.5674, 0.5947, 0.622, 0.664, 0.707, 0.7266, 0.7285, 0.712, 0.658, 0.593, 0.532, 0.4858, 0.4636, 0.4434, 0.435, 0.4382, 0.4429, 0.4595, 0.4307, 0.398, 0.3833, 0.3667, 0.3257, 0.2708, 0.2583, 0.251, 0.2534, 0.2793, 0.3381, 0.5156
1.084, 1.078, 1.027, 0.9873, 0.9873, 0.992, 0.993, 1.018, 1.059, 1.059, 1.049, 1.041, 1.035, 1.07, 1.068, 1.02, 1.01, 1.031, 1.033, 1.023, 1.0, 0.9834, 0.985, 1.0, 1.01, 1.02, 1.047, 1.096, 1.113, 1.119, 1.145, 1.127, 1.0625, 1.019, 1.041, 1.064, 1.053, 1.028, 1.023, 1.033, 1.0, 0.954, 0.914, 0.9033, 0.909, 0.955, 0.9883, 1.027, 1.074, 1.066, 1.049, 1.0625, 1.051, 1.039, 1.01, 0.963, 0.951, 0.966, 0.9824, 0.996, 1.004, 0.9854, 0.955, 0.943, 0.92, 0.893, 0.88, 0.879, 0.915, 0.9834, 1.041, 1.08, 1.109, 1.137, 1.197, 1.238, 1.26, 1.25, 1.198, 1.131, 1.076, 1.034, 1.016, 0.9883, 0.9727, 0.9688, 0.962, 0.9873, 0.966, 0.948, 0.961, 0.955, 0.934, 0.884, 0.878, 0.885, 0.8623, 0.881, 0.898, 0.998
2.0, 1.991, 1.982, 1.984, 2.0, 2.02, 2.031, 2.05, 2.082, 2.074, 2.05, 2.055, 2.04, 2.064, 2.074, 2.03, 2.004, 2.0, 1.998, 2.0, 1.998, 1.993, 2.004, 2.023, 2.047, 2.066, 2.086, 2.14, 2.164, 2.172, 2.197, 2.176, 2.092, 2.031, 2.031, 2.031, 2.016, 2.008, 2.012, 2.04, 2.018, 2.008, 2.008, 2.016, 2.023, 2.07, 2.117, 2.17, 2.227, 2.258, 2.27, 2.31, 2.293, 2.258, 2.203, 2.129, 2.117, 2.11, 2.098, 2.086, 2.082, 2.07, 2.02, 2.004, 1.963, 1.898, 1.875, 1.871, 1.894, 1.922, 1.955, 1.982, 2.012, 2.02, 2.078, 2.133, 2.168, 2.176, 2.133, 2.062, 2.031, 2.02, 2.016, 2.0, 1.994, 2.0, 1.982, 2.016, 2.027, 2.023, 2.047, 2.05, 2.055, 2.027, 2.031, 2.049, 2.008, 1.996, 1.956, 1.965
3.78, 3.812, 3.828, 3.854, 3.875, 3.875, 3.898, 3.91, 3.918, 3.898, 3.875, 3.875, 3.852, 3.86, 3.875, 3.836, 3.828, 3.816, 3.814, 3.84, 3.863, 3.871, 3.895, 3.922, 3.93, 3.957, 3.969, 4.0, 4.0, 4.0, 4.016, 4.0, 3.93, 3.865, 3.852, 3.84, 3.848, 3.867, 3.887, 3.92, 3.922, 3.941, 3.977, 4.0, 4.0, 4.055, 4.094, 4.14, 4.188, 4.22, 4.22, 4.242, 4.23, 4.203, 4.156, 4.07, 4.04, 4.016, 4.0, 3.992, 3.982, 3.973, 3.924, 3.91, 3.879, 3.812, 3.773, 3.742, 3.738, 3.715, 3.7, 3.701, 3.719, 3.707, 3.738, 3.766, 3.773, 3.787, 3.775, 3.746, 3.766, 3.793, 3.814, 3.824, 3.86, 3.89, 3.883, 3.928, 3.965, 3.982, 4.0, 4.023, 4.047, 4.047, 4.04, 4.03, 3.95, 3.914, 3.836, 3.773
