-7.54, -7.9, -7.96, -8.06, -8.445, -8.84, -9.2, -9.45, -9.516, -9.29, -8.76, -8.06, -7.457, -7.09, -7.01, -7.188, -7.547, -8.0, -8.45, -8.76, -8.75, -8.56, -8.27, -7.984, -7.816, -7.766, -8.03, -8.56, -8.98, -8.86, -8.19, -7.2, -6.438, -6.13, -6.273, -6.605, -6.832, -6.938, -7.0, -7.246, -7.645, -8.03, -8.32, -8.61, -9.02, -9.53, -9.82, -9.91, -9.8, -9.46, -8.89, -8.34, -8.21, -8.81, -10.11, -11.65, -12.84, -13.27, -13.02, -12.25, -11.15, -9.98, -9.0, -8.195, -7.707, -7.395, -7.312, -7.266, -7.48, -7.746, -8.0, -8.3, -8.52, -8.73, -8.88, -8.91, -8.95, -9.08, -9.25, -9.555, -9.77, -9.89, -9.81, -9.68, -9.52, -9.37, -9.14, -9.01, -9.086, -9.234, -9.18, -8.89, -8.47, -8.09, -7.793, -7.473, -6.926, -6.47, -6.395, -6.875
-2.826, -4.14, -5.06, -6.086, -7.31, -8.36, -9.14, -9.64, -9.82, -9.35, -7.992, -5.832, -3.684, -2.344, -2.07, -2.63, -3.717, -4.996, -6.14, -6.863, -6.965, -6.594, -5.957, -5.41, -5.137, -5.355, -6.273, -7.66, -8.58, -8.05, -5.99, -3.266, -1.213, -0.2952, -0.3403, -0.7485, -1.304, -1.946, -2.74, -3.787, -5.008, -6.195, -7.316, -8.555, -10.02, -11.42, -12.26, -12.32, -11.34, -9.62, -7.51, -6.152, -6.344, -8.39, -11.63, -15.14, -18.06, -19.83, -19.98, -18.66, -15.83, -12.086, -8.31, -5.355, -3.455, -2.4, -1.841, -1.812, -2.303, -3.16, -4.13, -5.05, -5.812, -6.406, -6.824, -7.125, -7.41, -7.73, -8.07, -8.43, -8.6, -8.586, -8.3, -7.86, -7.375, -6.86, -6.367, -6.125, -6.176, -6.24, -5.95, -5.195, -4.18, -3.283, -2.56, -1.766, -0.6094, 0.414, 0.4114, -0.957
2.758, 0.3904, -1.785, -4.047, -6.2, -7.824, -8.84, -9.53, -9.945, -9.625, -7.676, -4.027, 0.05402, 3.008, 3.955, 3.176, 1.276, -1.157, -3.398, -4.934, -5.477, -5.035, -3.97, -2.836, -2.213, -2.55, -4.145, -6.516, -8.16, -7.492, -4.09, 0.6333, 4.574, 6.64, 7.207, 6.902, 5.965, 4.438, 2.398, 0.04425, -2.463, -4.855, -7.152, -9.46, -11.82, -13.836, -14.85, -14.42, -12.18, -8.58, -4.895, -2.924, -3.752, -7.133, -11.805, -16.67, -20.84, -23.75, -24.97, -24.06, -20.72, -15.09, -8.45, -2.549, 1.605, 3.986, 5.227, 5.266, 4.36, 2.773, 0.837, -0.999, -2.51, -3.576, -4.41, -4.938, -5.44, -5.945, -6.367, -6.645, -6.645, -6.44, -5.934, -5.277, -4.566, -3.916, -3.486, -3.438, -3.756, -3.85, -3.271, -1.965, -0.2632, 1.222, 2.332, 3.45, 4.996, 6.53, 6.836, 5.29
7.574, 4.508, 1.221, -2.102, -4.91, -6.723, -7.67, -8.414, -9.26, -9.44, -7.582, -3.037, 2.87, 7.777, 9.95, 9.484, 7.016, 3.482, -0.1831, -2.95, -4.25, -3.941, -2.447, -0.5513, 0.7314, 0.618, -1.246, -4.316, -6.81, -6.527, -2.525, 3.828, 9.72, 13.375, 14.82, 14.78, 13.336, 10.734, 7.273, 3.3, -0.644, -4.28, -7.56, -10.67, -13.63, -15.67, -16.25, -14.73, -11.01, -5.94, -1.465, 0.3079, -1.46, -5.914, -11.336, -16.67, -21.16, -24.47, -26.25, -26.23, -23.39, -17.44, -9.08, -0.455, 6.17, 10.38, 12.46, 12.81, 11.58, 9.22, 6.29, 3.49, 1.072, -0.706, -1.917, -2.684, -3.236, -3.701, -4.086, -4.27, -4.12, -3.742, -3.127, -2.414, -1.797, -1.412, -1.424, -1.88, -2.525, -2.717, -1.93, -0.1001, 2.318, 4.45, 5.914, 7.156, 8.74, 10.48, 11.26, 10.125
11.06, 7.86, 3.91, -0.09283, -3.229, -5.0, -5.816, -6.62, -7.87, -8.73, -7.4, -2.598, 4.66, 11.52, 15.49, 16.0, 13.59, 9.305, 4.3, 0.1049, -2.295, -2.555, -0.927, 1.593, 3.646, 4.04, 2.277, -1.082, -4.22, -4.652, -0.789, 6.33, 13.72, 18.89, 21.36, 21.53, 19.6, 15.93, 11.03, 5.664, 0.45, -4.215, -8.266, -11.89, -15.0, -16.78, -16.58, -13.914, -8.97, -3.068, 1.438, 2.389, -0.4302, -5.473, -11.086, -16.36, -20.66, -23.75, -25.61, -25.95, -23.95, -18.69, -9.82, 0.398, 9.44, 15.71, 19.08, 19.97, 18.78, 15.91, 12.24, 8.305, 4.91, 2.297, 0.619, -0.383, -0.896, -1.205, -1.435, -1.457, -1.225, -0.8516, -0.3567, 0.1759, 0.4673, 0.3835, -0.1855, -1.162, -2.121, -2.438, -1.582, 0.514, 3.373, 6.01, 7.844, 9.125, 10.54, 12.22, 13.414, 13.055
13.09, 10.36, 6.258, 1.853, -1.542, -3.305, -3.936, -4.656, -6.1, -7.5, -6.832, -2.396, 5.445, 13.87, 19.83, 21.86, 20.16, 15.695, 9.9, 4.457, 0.8394, -0.2695, 0.99, 3.605, 6.016, 6.85, 5.54, 2.547, -0.6855, -1.745, 1.328, 8.15, 16.08, 22.31, 25.55, 25.88, 23.44, 18.89, 12.984, 6.613, 0.5503, -4.793, -9.31, -13.22, -16.36, -17.92, -17.05, -13.51, -7.84, -1.738, 2.363, 2.709, -0.3633, -5.324, -10.734, -15.805, -20.03, -23.06, -24.64, -24.89, -23.4, -18.92, -10.79, -0.06238, 10.56, 18.84, 24.02, 25.98, 25.27, 22.48, 18.28, 13.516, 9.22, 5.723, 3.395, 2.104, 1.533, 1.383, 1.325, 1.434, 1.6455, 1.953, 2.193, 2.328, 2.127, 1.512, 0.525, -0.763, -1.95, -2.482, -1.812, 0.1528, 2.957, 5.76, 7.812, 9.164, 10.39, 11.93, 13.445, 14.05
13.7, 11.85, 7.98, 3.455, -0.135, -1.978, -2.46, -2.898, -4.15, -5.723, -5.79, -2.22, 5.293, 14.5, 22.1, 25.88, 25.39, 21.36, 15.34, 9.23, 4.582, 2.438, 2.92, 5.09, 7.42, 8.56, 7.902, 5.76, 3.102, 1.831, 3.783, 9.375, 16.78, 23.11, 26.64, 26.83, 24.08, 19.0, 12.664, 5.88, -0.5884, -6.176, -10.87, -14.82, -17.89, -19.27, -18.16, -14.42, -8.73, -2.748, 1.144, 1.667, -0.7896, -4.996, -9.94, -15.055, -19.39, -22.45, -23.95, -24.0, -22.56, -18.92, -11.92, -1.878, 9.36, 19.27, 26.19, 29.77, 30.12, 27.89, 23.66, 18.69, 13.71, 9.57, 6.527, 4.84, 4.07, 3.898, 4.08, 4.215, 4.37, 4.473, 4.406, 4.113, 3.406, 2.262, 0.867, -0.6025, -1.904, -2.654, -2.346, -0.8, 1.641, 4.273, 6.34, 7.73, 8.83, 10.234, 11.95, 13.42
13.164, 12.234, 8.84, 4.426, 0.771, -1.08, -1.4375, -1.445, -2.191, -3.596, -4.2, -1.838, 4.48, 13.38, 21.8, 27.11, 28.06, 25.14, 19.58, 13.25, 7.99, 4.92, 4.434, 5.832, 7.72, 8.914, 8.88, 7.773, 6.17, 5.195, 6.293, 10.3, 16.16, 21.66, 24.77, 24.72, 21.75, 16.69, 10.42, 3.75, -2.582, -8.1, -12.71, -16.53, -19.4, -20.75, -19.7, -16.3, -10.98, -5.312, -1.16, 0.2261, -1.161, -4.516, -9.14, -14.26, -18.78, -22.05, -23.58, -23.52, -22.06, -18.88, -13.18, -4.547, 6.047, 16.62, 25.06, 30.6, 32.6, 31.38, 27.92, 23.23, 18.17, 13.65, 10.016, 7.707, 6.605, 6.258, 6.47, 6.664, 6.754, 6.652, 6.234, 5.48, 4.27, 2.713, 0.95, -0.77, -2.246, -3.156, -3.15, -1.928, 0.2308, 2.658, 4.64, 5.957, 6.89, 8.06, 9.81, 11.89
11.94, 11.734, 8.914, 4.824, 1.288, -0.5566, -0.859, -0.553, -0.656, -1.537, -2.258, -1.019, 3.633, 11.195, 19.39, 25.47, 27.83, 26.34, 21.78, 15.96, 10.52, 6.824, 5.38, 5.816, 7.027, 7.96, 8.18, 7.926, 7.53, 7.46, 8.44, 11.195, 15.336, 19.36, 21.6, 21.14, 18.2, 13.41, 7.566, 1.2705, -4.8, -10.11, -14.47, -18.11, -20.83, -22.03, -21.23, -18.19, -13.266, -7.734, -3.137, -0.811, -1.173, -3.979, -8.54, -13.66, -18.28, -21.67, -23.42, -23.55, -22.06, -19.12, -14.484, -7.465, 1.673, 11.805, 21.16, 28.11, 31.94, 32.44, 30.36, 26.56, 22.02, 17.48, 13.52, 10.72, 9.09, 8.51, 8.516, 8.695, 8.664, 8.36, 7.61, 6.465, 4.832, 2.855, 0.824, -1.1455, -2.814, -3.873, -3.994, -2.84, -0.639, 1.835, 3.795, 4.94, 5.582, 6.33, 7.777, 10.055
10.43, 10.664, 8.41, 4.797, 1.537, -0.2976, -0.6816, -0.2788, 0.1617, 0.06076, -0.2793, 0.3176, 3.256, 8.85, 15.82, 21.89, 25.17, 25.08, 21.94, 17.05, 11.99, 8.0, 5.816, 5.32, 5.65, 5.98, 6.08, 6.254, 6.832, 7.91, 9.53, 11.91, 14.84, 17.55, 18.86, 18.03, 15.086, 10.64, 5.117, -0.793, -6.62, -11.81, -16.11, -19.62, -22.14, -23.22, -22.4, -19.33, -14.33, -8.59, -3.643, -0.874, -0.897, -3.693, -8.336, -13.41, -17.92, -21.3, -23.3, -23.61, -22.36, -19.66, -15.74, -10.11, -2.705, 6.26, 15.44, 23.39, 28.75, 31.06, 30.61, 28.28, 24.66, 20.64, 16.75, 13.68, 11.62, 10.664, 10.414, 10.38, 10.195, 9.58, 8.53, 7.09, 5.188, 2.932, 0.591, -1.6455, -3.514, -4.656, -4.652, -3.188, -0.634, 2.086, 4.1, 5.035, 5.234, 5.383, 6.324, 8.36
8.93, 9.34, 7.594, 4.51, 1.589, -0.276, -0.92, -0.602, 0.2123, 0.956, 1.391, 2.0, 3.758, 7.406, 12.555, 17.73, 21.22, 22.16, 20.31, 16.58, 12.19, 8.375, 5.867, 4.656, 4.125, 3.684, 3.291, 3.406, 4.438, 6.37, 8.914, 11.75, 14.445, 16.6, 17.31, 16.19, 13.266, 8.91, 3.496, -2.41, -8.266, -13.47, -17.73, -21.1, -23.45, -24.17, -22.77, -19.03, -13.57, -7.62, -2.63, -0.0765, -0.5884, -3.771, -8.38, -13.125, -17.4, -20.84, -23.16, -23.8, -22.8, -20.36, -16.78, -12.08, -6.02, 1.463, 9.79, 17.66, 23.92, 27.84, 29.2, 28.48, 26.19, 23.03, 19.5, 16.38, 14.07, 12.73, 12.15, 11.84, 11.375, 10.46, 9.15, 7.43, 5.344, 2.922, 0.3726, -2.117, -4.168, -5.293, -4.992, -3.047, -0.01225, 3.014, 5.074, 5.746, 5.46, 5.047, 5.453, 7.047
7.49, 7.938, 6.582, 4.02, 1.42, -0.4526, -1.369, -1.296, -0.3381, 1.115, 2.479, 3.59, 4.895, 7.11, 10.47, 14.305, 17.28, 18.52, 17.56, 14.84, 11.33, 8.05, 5.59, 4.008, 2.842, 1.715, 0.743, 0.377, 1.214, 3.346, 6.43, 9.93, 13.16, 15.55, 16.38, 15.27, 12.33, 7.8, 2.232, -3.924, -10.0, -15.35, -19.67, -22.81, -24.64, -24.64, -22.16, -17.39, -11.26, -5.184, -0.637, 1.101, -0.2976, -3.959, -8.53, -12.94, -16.92, -20.27, -22.8, -23.95, -23.42, -21.28, -17.94, -13.56, -8.41, -2.094, 5.098, 12.45, 19.03, 24.0, 26.86, 27.7, 26.72, 24.58, 21.69, 18.77, 16.36, 14.68, 13.664, 12.98, 12.17, 11.08, 9.56, 7.688, 5.465, 2.875, 0.1786, -2.47, -4.633, -5.65, -5.04, -2.633, 0.8584, 4.1, 6.074, 6.434, 5.695, 4.816, 4.758, 5.93
6.074, 6.51, 5.465, 3.354, 1.028, -0.817, -1.913, -2.072, -1.188, 0.5737, 2.668, 4.496, 5.99, 7.598, 9.664, 12.12, 14.15, 15.1, 14.54, 12.6, 9.94, 7.305, 5.152, 3.445, 1.839, 0.2021, -1.28, -2.145, -1.887, -0.1577, 2.844, 6.68, 10.58, 13.6, 15.02, 14.28, 11.49, 6.945, 1.165, -5.23, -11.625, -17.22, -21.53, -24.44, -25.6, -24.55, -20.84, -15.03, -8.42, -2.51, 1.254, 1.937, -0.1864, -4.082, -8.43, -12.484, -16.2, -19.56, -22.31, -24.0, -24.16, -22.48, -19.38, -15.13, -10.16, -4.484, 1.905, 8.63, 15.05, 20.45, 24.42, 26.56, 26.92, 25.75, 23.44, 20.81, 18.3, 16.39, 15.04, 13.914, 12.86, 11.5, 9.84, 7.914, 5.586, 2.898, -0.0086, -2.805, -5.04, -5.95, -4.992, -2.17, 1.645, 5.023, 6.85, 6.887, 5.73, 4.484, 4.066, 4.824
4.84, 5.242, 4.406, 2.592, 0.502, -1.312, -2.49, -2.814, -2.125, -0.4167, 1.977, 4.375, 6.363, 8.016, 9.49, 10.86, 11.914, 12.29, 11.82, 10.5, 8.586, 6.56, 4.68, 2.861, 0.9424, -1.056, -2.836, -3.955, -4.13, -3.05, -0.59, 2.992, 7.074, 10.555, 12.59, 12.48, 10.234, 6.01, 0.32, -6.188, -12.8, -18.67, -23.11, -25.75, -26.22, -24.11, -19.33, -12.734, -5.957, -0.487, 2.406, 2.303, -0.2461, -4.03, -7.996, -11.77, -15.32, -18.72, -21.81, -24.08, -24.92, -23.95, -21.1, -16.86, -11.75, -6.14, -0.1516, 6.16, 12.45, 18.12, 22.77, 25.77, 27.16, 26.81, 25.14, 22.75, 20.19, 17.92, 16.1, 14.49, 13.12, 11.71, 10.086, 8.195, 5.777, 2.91, -0.2181, -3.234, -5.57, -6.387, -5.14, -1.889, 2.252, 5.76, 7.51, 7.234, 5.71, 4.125, 3.387, 3.844
3.871, 4.277, 3.57, 1.889, -0.11646, -1.883, -3.027, -3.402, -2.928, -1.484, 0.7744, 3.396, 5.85, 7.8, 9.17, 10.0, 10.375, 10.3, 9.8, 8.9, 7.582, 5.953, 4.125, 2.102, -0.0921, -2.236, -3.955, -4.93, -5.156, -4.594, -2.979, -0.2122, 3.365, 6.863, 9.26, 9.805, 8.28, 4.742, -0.4924, -6.855, -13.625, -19.75, -24.23, -26.72, -26.6, -23.53, -17.86, -10.79, -4.062, 0.78, 2.871, 2.266, -0.318, -3.744, -7.215, -10.664, -14.12, -17.67, -21.19, -24.08, -25.67, -25.4, -23.03, -18.92, -13.69, -7.887, -1.736, 4.562, 10.75, 16.62, 21.69, 25.34, 27.39, 27.75, 26.56, 24.47, 21.8, 19.22, 16.86, 14.875, 13.17, 11.766, 10.234, 8.375, 5.895, 2.854, -0.557, -3.793, -6.22, -6.938, -5.4, -1.784, 2.79, 6.566, 8.29, 7.69, 5.754, 3.82, 2.807, 3.03
3.193, 3.566, 2.898, 1.236, -0.7617, -2.451, -3.455, -3.727, -3.342, -2.258, -0.3674, 2.125, 4.75, 6.984, 8.5, 9.21, 9.266, 8.93, 8.41, 7.727, 6.71, 5.305, 3.441, 1.263, -1.074, -3.12, -4.445, -5.047, -5.113, -4.863, -4.156, -2.498, 0.1203, 3.16, 5.613, 6.71, 5.984, 3.271, -1.392, -7.58, -14.44, -20.75, -25.27, -27.44, -26.61, -22.75, -16.45, -9.086, -2.557, 1.7705, 3.25, 2.262, -0.1765, -3.188, -6.29, -9.414, -12.836, -16.61, -20.55, -24.02, -26.3, -26.72, -24.89, -21.25, -15.99, -9.97, -3.59, 2.934, 9.43, 15.55, 20.9, 25.05, 27.66, 28.48, 27.75, 25.89, 23.17, 20.19, 17.4, 15.01, 13.14, 11.625, 10.18, 8.45, 5.902, 2.705, -0.937, -4.37, -6.816, -7.363, -5.438, -1.342, 3.61, 7.56, 9.12, 8.18, 5.84, 3.58, 2.383, 2.451
2.654, 2.986, 2.293, 0.624, -1.362, -2.926, -3.68, -3.72, -3.316, -2.51, -1.099, 1.007, 3.494, 5.875, 7.605, 8.445, 8.44, 7.984, 7.383, 6.695, 5.78, 4.473, 2.701, 0.532, -1.706, -3.482, -4.37, -4.508, -4.402, -4.465, -4.566, -3.94, -2.28, 0.1326, 2.451, 3.934, 3.84, 1.75, -2.498, -8.555, -15.46, -21.8, -26.3, -27.92, -26.31, -21.58, -14.67, -7.137, -0.8936, 2.797, 3.701, 2.428, 0.06107, -2.578, -5.227, -8.055, -11.37, -15.39, -19.73, -23.69, -26.56, -27.64, -26.66, -23.55, -18.75, -12.75, -6.098, 0.85, 7.727, 14.164, 19.83, 24.4, 27.48, 28.83, 28.61, 26.95, 24.19, 21.0, 17.72, 15.05, 12.94, 11.445, 10.05, 8.305, 5.75, 2.46, -1.317, -4.863, -7.2, -7.39, -5.004, -0.4534, 4.742, 8.64, 9.836, 8.44, 5.73, 3.248, 1.974, 2.008
2.244, 2.463, 1.688, 0.0489, -1.795, -3.135, -3.596, -3.387, -2.91, -2.303, -1.393, 0.1941, 2.373, 4.75, 6.68, 7.758, 7.87, 7.38, 6.652, 5.844, 4.836, 3.545, 1.913, -0.0355, -1.973, -3.393, -3.928, -3.766, -3.623, -3.992, -4.6, -4.67, -3.73, -1.879, 0.279, 1.896, 2.111, 0.389, -3.605, -9.555, -16.42, -22.72, -26.97, -28.06, -25.69, -20.16, -12.695, -5.094, 0.8706, 4.03, 4.44, 2.895, 0.546, -1.815, -4.125, -6.7, -9.945, -14.1, -18.7, -23.05, -26.42, -28.22, -27.92, -25.62, -21.55, -15.91, -9.06, -1.817, 5.43, 12.24, 18.39, 23.33, 26.89, 28.86, 29.03, 27.66, 24.95, 21.52, 18.0, 15.0, 12.695, 11.08, 9.766, 8.06, 5.516, 2.133, -1.801, -5.367, -7.535, -7.25, -4.227, 0.811, 6.16, 9.81, 10.46, 8.516, 5.426, 2.83, 1.581, 1.637
2.004, 2.127, 1.245, -0.3584, -2.008, -3.018, -3.143, -2.71, -2.24, -1.873, -1.416, -0.3867, 1.423, 3.715, 5.824, 7.19, 7.56, 7.176, 6.344, 5.363, 4.15, 2.742, 1.13, -0.6187, -2.246, -3.262, -3.44, -3.09, -2.992, -3.576, -4.523, -5.062, -4.63, -3.2, -1.277, 0.2852, 0.582, -0.8994, -4.7, -10.484, -17.19, -23.31, -27.28, -27.84, -24.73, -18.56, -10.64, -3.027, 2.564, 5.207, 5.168, 3.459, 1.191, -0.9487, -2.918, -5.227, -8.33, -12.484, -17.16, -21.89, -25.77, -28.16, -28.77, -27.47, -24.12, -18.92, -12.41, -5.01, 2.62, 9.86, 16.42, 21.86, 25.95, 28.4, 29.02, 27.9, 25.28, 21.77, 18.08, 14.86, 12.45, 10.83, 9.48, 7.773, 5.28, 1.836, -2.295, -5.984, -7.97, -7.168, -3.43, 2.19, 7.703, 11.04, 11.13, 8.61, 5.156, 2.422, 1.238, 1.392
1.902, 1.973, 1.022, -0.5317, -1.938, -2.568, -2.385, -1.809, -1.418, -1.372, -1.38, -0.8633, 0.5796, 2.727, 5.008, 6.695, 7.438, 7.242, 6.445, 5.242, 3.787, 2.094, 0.2903, -1.408, -2.684, -3.19, -2.877, -2.305, -2.307, -3.186, -4.465, -5.406, -5.45, -4.44, -2.832, -1.436, -1.068, -2.422, -5.92, -11.33, -17.77, -23.73, -27.4, -27.4, -23.55, -16.7, -8.516, -1.052, 4.055, 6.12, 5.703, 3.943, 1.891, 0.0925, -1.561, -3.621, -6.566, -10.625, -15.47, -20.42, -24.73, -27.88, -29.4, -29.0, -26.48, -22.0, -15.76, -8.48, -0.724, 6.89, 13.94, 19.9, 24.53, 27.48, 28.55, 27.72, 25.25, 21.7, 17.94, 14.61, 12.14, 10.49, 9.13, 7.5, 5.04, 1.497, -2.785, -6.59, -8.5, -7.203, -2.729, 3.496, 9.2, 12.3, 11.91, 8.836, 4.99, 2.053, 0.8525, 1.168
1.782, 1.898, 0.8906, -0.5923, -1.699, -1.915, -1.3955, -0.7266, -0.4958, -0.8135, -1.277, -1.239, -0.1929, 1.768, 4.145, 6.13, 7.234, 7.32, 6.586, 5.234, 3.484, 1.459, -0.575, -2.242, -3.094, -2.938, -1.974, -1.123, -1.245, -2.514, -4.35, -5.87, -6.504, -5.992, -4.74, -3.508, -3.072, -4.19, -7.207, -12.195, -18.39, -24.06, -27.55, -27.06, -22.39, -14.84, -6.4, 0.811, 5.26, 6.766, 6.055, 4.305, 2.514, 1.068, -0.244, -1.996, -4.74, -8.63, -13.44, -18.53, -23.4, -27.19, -29.6, -30.1, -28.44, -24.72, -19.05, -12.11, -4.473, 3.35, 10.734, 17.2, 22.33, 25.78, 27.36, 26.9, 24.8, 21.4, 17.66, 14.33, 11.85, 10.15, 8.836, 7.195, 4.67, 1.018, -3.424, -7.297, -8.94, -7.094, -2.025, 4.742, 10.69, 13.62, 12.77, 9.2, 4.86, 1.594, 0.3643, 0.8403
1.557, 1.804, 0.8223, -0.5757, -1.37, -1.149, -0.234, 0.5522, 0.6143, -0.0924, -1.034, -1.511, -0.8853, 0.8833, 3.275, 5.47, 6.84, 7.164, 6.492, 5.03, 3.064, 0.808, -1.381, -2.898, -3.232, -2.314, -0.7056, 0.4124, 0.1183, -1.62, -4.098, -6.316, -7.582, -7.645, -6.77, -5.69, -5.22, -6.086, -8.72, -13.26, -19.1, -24.5, -27.61, -26.5, -21.08, -12.88, -4.23, 2.578, 6.38, 7.26, 6.285, 4.637, 3.166, 2.133, 1.125, -0.4155, -2.922, -6.58, -11.31, -16.56, -21.73, -26.25, -29.47, -30.88, -30.16, -27.2, -22.36, -15.914, -8.53, -0.7324, 6.914, 13.87, 19.52, 23.56, 25.66, 25.7, 23.97, 20.95, 17.27, 13.95, 11.38, 9.7, 8.375, 6.684, 4.066, 0.2262, -4.27, -7.926, -9.17, -6.812, -1.111, 6.06, 12.11, 14.78, 13.5, 9.41, 4.625, 1.069, -0.2395, 0.3894
1.212, 1.681, 0.827, -0.441, -0.939, -0.261, 1.09, 2.057, 1.96, 0.8843, -0.5503, -1.515, -1.321, 0.1659, 2.441, 4.71, 6.28, 6.758, 6.164, 4.66, 2.584, 0.1741, -2.078, -3.414, -3.203, -1.568, 0.5874, 1.909, 1.448, -0.6865, -3.688, -6.473, -8.3, -8.89, -8.45, -7.68, -7.316, -8.1, -10.5, -14.68, -20.05, -25.11, -27.62, -25.81, -19.64, -10.88, -2.254, 4.145, 7.312, 7.68, 6.52, 5.06, 3.947, 3.23, 2.47, 1.1, -1.236, -4.72, -9.24, -14.51, -19.89, -24.94, -28.8, -31.03, -31.2, -29.3, -25.34, -19.58, -12.65, -4.95, 2.785, 9.984, 16.19, 20.77, 23.5, 24.14, 23.0, 20.3, 16.78, 13.445, 10.74, 8.99, 7.637, 5.88, 3.05, -0.968, -5.375, -8.67, -9.35, -6.336, -0.1592, 7.25, 13.234, 15.61, 13.94, 9.445, 4.26, 0.4377, -0.9873, -0.2107
0.725, 1.477, 0.8394, -0.2119, -0.3767, 0.7373, 2.473, 3.637, 3.496, 2.123, 0.2678, -1.152, -1.415, -0.3206, 1.71, 3.94, 5.586, 6.17, 5.67, 4.227, 2.078, -0.4084, -2.643, -3.77, -3.14, -1.015, 1.511, 2.975, 2.477, 0.1681, -3.05, -6.15, -8.43, -9.53, -9.66, -9.36, -9.31, -10.26, -12.58, -16.33, -21.06, -25.52, -27.22, -24.64, -17.84, -8.87, -0.384, 5.445, 8.01, 8.03, 6.844, 5.63, 4.94, 4.5, 3.9, 2.623, 0.4128, -2.838, -7.086, -12.19, -17.7, -23.16, -27.64, -30.69, -31.81, -30.78, -27.75, -22.84, -16.45, -9.016, -1.3125, 6.074, 12.63, 17.78, 21.16, 22.42, 21.84, 19.44, 16.1, 12.68, 9.984, 8.13, 6.656, 4.688, 1.555, -2.562, -6.805, -9.64, -9.66, -6.066, 0.5244, 8.07, 13.92, 15.984, 13.95, 9.15, 3.703, -0.3425, -1.879, -0.983
0.01924, 1.152, 0.824, 0.0319, 0.1934, 1.674, 3.719, 5.12, 5.01, 3.482, 1.288, -0.5454, -1.284, -0.655, 1.049, 3.129, 4.78, 5.477, 5.074, 3.664, 1.468, -1.022, -3.15, -4.023, -3.082, -0.655, 2.078, 3.633, 3.209, 0.99, -2.164, -5.402, -8.055, -9.77, -10.63, -11.01, -11.414, -12.46, -14.63, -18.06, -22.22, -25.75, -26.58, -23.14, -15.68, -6.566, 1.51, 6.695, 8.695, 8.43, 7.336, 6.453, 6.125, 5.875, 5.348, 4.117, 1.999, -1.004, -4.938, -9.82, -15.27, -20.86, -25.73, -29.53, -31.52, -31.53, -29.42, -25.25, -19.53, -12.586, -5.06, 2.414, 9.22, 14.805, 18.72, 20.62, 20.42, 18.38, 15.26, 11.95, 9.234, 7.203, 5.41, 3.125, -0.2062, -4.39, -8.39, -10.79, -10.27, -6.156, 0.7524, 8.414, 14.08, 15.88, 13.586, 8.54, 2.842, -1.395, -3.002, -2.016
-0.9165, 0.676, 0.74, 0.2433, 0.6494, 2.395, 4.7, 6.316, 6.35, 4.824, 2.436, 0.1866, -1.051, -0.935, 0.3213, 2.166, 3.826, 4.668, 4.38, 2.963, 0.707, -1.734, -3.672, -4.21, -2.926, -0.2595, 2.52, 4.06, 3.754, 1.77, -1.201, -4.47, -7.504, -9.95, -11.61, -12.664, -13.5, -14.69, -16.67, -19.67, -23.28, -25.9, -25.66, -21.19, -13.195, -3.967, 3.695, 8.2, 9.66, 9.16, 8.17, 7.56, 7.44, 7.285, 6.723, 5.44, 3.355, 0.5786, -3.012, -7.523, -12.79, -18.34, -23.58, -27.8, -30.56, -31.42, -30.19, -27.0, -21.97, -15.66, -8.484, -1.076, 5.86, 11.83, 16.17, 18.6, 18.8, 17.22, 14.39, 11.336, 8.58, 6.35, 4.164, 1.478, -2.102, -6.2, -9.94, -11.95, -10.99, -6.453, 0.7305, 8.43, 13.88, 15.34, 12.69, 7.395, 1.528, -2.844, -4.43, -3.291
-2.004, 0.0801, 0.5776, 0.3865, 0.982, 2.893, 5.37, 7.184, 7.42, 6.03, 3.611, 1.089, -0.6304, -1.069, -0.3494, 1.149, 2.725, 3.658, 3.49, 2.11, -0.1511, -2.54, -4.184, -4.316, -2.7, 0.10223, 2.885, 4.418, 4.176, 2.389, -0.3782, -3.629, -6.98, -10.055, -12.45, -14.18, -15.375, -16.7, -18.6, -21.27, -24.27, -25.98, -24.61, -19.03, -10.336, -1.093, 6.094, 9.95, 10.95, 10.4, 9.5, 8.98, 8.85, 8.625, 7.88, 6.49, 4.438, 1.904, -1.318, -5.344, -10.31, -15.76, -21.11, -25.78, -29.16, -30.73, -30.34, -27.97, -23.77, -18.08, -11.35, -4.23, 2.73, 8.91, 13.62, 16.42, 17.08, 15.96, 13.586, 10.766, 8.07, 5.574, 2.982, -0.1572, -3.92, -7.934, -11.38, -12.89, -11.39, -6.53, 0.782, 8.34, 13.36, 14.29, 11.125, 5.53, -0.4067, -4.75, -6.22, -4.797
-3.117, -0.5693, 0.351, 0.4875, 1.237, 3.227, 5.81, 7.785, 8.28, 7.125, 4.82, 2.19, 0.1122, -0.8774, -0.733, 0.2878, 1.598, 2.463, 2.35, 1.03, -1.132, -3.346, -4.668, -4.41, -2.527, 0.317, 3.004, 4.457, 4.246, 2.652, 0.1768, -2.951, -6.45, -9.92, -12.96, -15.21, -16.8, -18.27, -20.1, -22.6, -25.1, -25.97, -23.23, -16.38, -6.957, 2.207, 8.805, 12.03, 12.695, 12.12, 11.32, 10.72, 10.375, 9.84, 8.77, 7.234, 5.215, 2.867, -0.02615, -3.594, -8.05, -13.19, -18.55, -23.4, -27.25, -29.53, -29.97, -28.53, -25.1, -20.1, -13.86, -7.055, -0.1344, 6.086, 11.08, 14.28, 15.39, 14.78, 12.805, 10.336, 7.63, 4.906, 1.884, -1.69, -5.668, -9.625, -12.63, -13.61, -11.61, -6.348, 1.045, 8.24, 12.68, 12.87, 9.1, 3.111, -2.877, -7.027, -8.17, -6.36
-4.11, -1.198, 0.0733, 0.4824, 1.349, 3.34, 5.953, 8.05, 8.74, 7.89, 5.848, 3.363, 1.111, -0.3484, -0.816, -0.4077, 0.4656, 1.099, 0.9463, -0.2546, -2.18, -4.074, -5.027, -4.477, -2.467, 0.3264, 2.838, 4.176, 4.027, 2.65, 0.4167, -2.496, -5.984, -9.73, -13.2, -16.02, -18.2, -19.94, -21.89, -24.14, -25.89, -25.5, -21.19, -12.99, -2.959, 5.914, 11.78, 14.43, 14.85, 14.21, 13.41, 12.625, 11.84, 10.945, 9.586, 7.88, 5.902, 3.715, 1.146, -2.043, -6.03, -10.7, -15.87, -20.83, -25.05, -27.89, -29.1, -28.4, -25.66, -21.38, -15.76, -9.38, -2.67, 3.559, 8.71, 12.26, 13.93, 13.72, 12.17, 9.914, 7.234, 4.234, 0.7383, -3.127, -7.258, -11.12, -13.8, -14.31, -11.734, -6.01, 1.489, 8.28, 11.98, 11.305, 6.83, 0.4475, -5.523, -9.29, -9.945, -7.7
-4.9, -1.813, -0.3865, 0.2045, 1.196, 3.215, 5.797, 7.926, 8.84, 8.29, 6.61, 4.363, 2.098, 0.2656, -0.803, -1.046, -0.7134, -0.369, -0.5566, -1.555, -3.168, -4.67, -5.285, -4.51, -2.479, 0.178, 2.521, 3.781, 3.697, 2.52, 0.5083, -2.26, -5.715, -9.56, -13.33, -16.62, -19.45, -21.8, -23.84, -25.69, -26.36, -24.36, -18.23, -8.805, 1.67, 10.07, 15.195, 17.33, 17.66, 16.97, 15.73, 14.414, 13.05, 11.67, 10.06, 8.33, 6.46, 4.418, 2.174, -0.528, -4.027, -8.25, -13.09, -18.06, -22.5, -25.86, -27.62, -27.5, -25.67, -22.05, -17.16, -11.266, -4.89, 1.28, 6.633, 10.48, 12.5, 12.73, 11.59, 9.49, 6.785, 3.465, -0.3726, -4.52, -8.77, -12.49, -14.91, -14.93, -11.734, -5.562, 2.023, 8.445, 11.32, 9.73, 4.473, -2.21, -8.04, -11.32, -11.414, -8.73
-5.516, -2.428, -0.985, -0.288, 0.8154, 2.873, 5.45, 7.625, 8.664, 8.4, 7.08, 5.1, 2.86, 0.7607, -0.7886, -1.586, -1.757, -1.719, -1.951, -2.766, -4.06, -5.203, -5.48, -4.527, -2.54, -0.0858, 2.055, 3.26, 3.336, 2.441, 0.6587, -1.974, -5.44, -9.38, -13.43, -17.2, -20.53, -23.39, -25.55, -26.8, -26.3, -22.47, -14.73, -4.22, 6.355, 14.336, 18.98, 20.84, 20.95, 19.97, 18.19, 16.06, 13.93, 12.02, 10.234, 8.484, 6.777, 4.98, 3.004, 0.7485, -2.186, -5.918, -10.32, -15.12, -19.75, -23.38, -25.56, -26.08, -24.84, -22.06, -17.88, -12.586, -6.633, -0.632, 4.754, 8.8, 11.17, 11.83, 10.99, 9.086, 6.277, 2.678, -1.464, -5.88, -10.17, -13.734, -15.76, -15.18, -11.375, -4.7, 2.988, 8.92, 10.85, 8.27, 2.371, -4.574, -10.195, -13.0, -12.54, -9.48
-6.16, -3.182, -1.708, -0.8975, 0.3508, 2.441, 4.99, 7.145, 8.27, 8.26, 7.27, 5.55, 3.389, 1.158, -0.712, -1.942, -2.521, -2.766, -3.098, -3.791, -4.793, -5.586, -5.57, -4.516, -2.635, -0.4128, 1.556, 2.725, 2.955, 2.32, 0.774, -1.717, -5.105, -9.1, -13.33, -17.44, -21.22, -24.4, -26.61, -27.23, -25.42, -20.06, -10.84, 0.456, 10.99, 18.66, 23.03, 24.81, 24.7, 23.11, 20.5, 17.5, 14.61, 12.13, 10.15, 8.414, 6.87, 5.426, 3.805, 1.911, -0.5073, -3.707, -7.707, -12.234, -16.78, -20.69, -23.25, -24.28, -23.61, -21.48, -18.0, -13.34, -7.836, -2.13, 3.104, 7.24, 9.875, 10.88, 10.31, 8.51, 5.555, 1.71, -2.69, -7.29, -11.586, -14.945, -16.42, -15.11, -10.484, -3.2, 4.586, 9.97, 10.96, 7.43, 0.811, -6.418, -11.9, -14.305, -13.38, -10.05
-6.867, -4.027, -2.525, -1.536, -0.05508, 2.135, 4.594, 6.625, 7.766, 7.93, 7.21, 5.75, 3.76, 1.529, -0.5654, -2.156, -3.117, -3.64, -4.06, -4.62, -5.34, -5.805, -5.54, -4.445, -2.68, -0.69, 1.076, 2.174, 2.492, 2.027, 0.674, -1.6045, -4.77, -8.67, -12.98, -17.38, -21.6, -25.05, -27.08, -27.08, -23.98, -17.14, -6.703, 5.18, 15.67, 22.98, 26.98, 28.44, 27.92, 25.84, 22.7, 18.98, 15.49, 12.49, 10.22, 8.48, 7.06, 5.8, 4.453, 2.926, 0.9224, -1.783, -5.258, -9.44, -13.75, -17.77, -20.62, -22.06, -21.95, -20.42, -17.55, -13.48, -8.5, -3.22, 1.722, 5.79, 8.49, 9.69, 9.266, 7.473, 4.35, 0.3804, -4.207, -8.88, -13.07, -16.06, -16.89, -14.71, -9.14, -1.152, 6.785, 11.734, 11.81, 7.33, 0.003727, -7.562, -13.05, -15.19, -14.06, -10.65
-7.434, -4.77, -3.21, -1.974, -0.289, 1.95, 4.26, 6.117, 7.188, 7.445, 6.95, 5.742, 4.004, 1.9, -0.3167, -2.242, -3.598, -4.41, -4.9, -5.32, -5.75, -5.914, -5.492, -4.35, -2.688, -0.8726, 0.721, 1.745, 2.055, 1.56, 0.2793, -1.817, -4.715, -8.375, -12.59, -17.22, -21.83, -25.48, -27.28, -26.39, -21.97, -13.6, -2.062, 10.16, 20.36, 27.08, 30.62, 31.5, 30.4, 27.94, 24.44, 20.58, 16.77, 13.42, 10.81, 8.88, 7.484, 6.297, 5.113, 3.793, 2.102, -0.1796, -3.088, -6.785, -10.914, -14.86, -17.97, -19.83, -20.19, -19.06, -16.64, -13.05, -8.64, -3.902, 0.658, 4.453, 7.074, 8.266, 7.85, 5.902, 2.668, -1.437, -6.094, -10.7, -14.734, -17.27, -17.31, -14.04, -7.414, 1.355, 9.516, 14.05, 13.41, 8.16, 0.1829, -7.906, -13.68, -15.79, -14.484, -11.1
-7.848, -5.25, -3.695, -2.28, -0.4216, 1.825, 4.04, 5.74, 6.684, 6.887, 6.496, 5.56, 4.125, 2.225, -0.00966, -2.22, -4.004, -5.156, -5.76, -6.047, -6.156, -6.035, -5.504, -4.367, -2.727, -0.8926, 0.668, 1.613, 1.688, 0.9443, -0.4653, -2.488, -5.043, -8.27, -12.3, -17.08, -22.0, -25.83, -27.3, -25.42, -19.56, -9.68, 2.723, 15.08, 24.81, 30.8, 33.4, 33.4, 31.75, 29.03, 25.69, 22.06, 18.34, 14.83, 11.97, 9.72, 8.125, 6.82, 5.676, 4.5, 3.104, 1.248, -1.137, -4.25, -7.992, -11.85, -15.164, -17.36, -18.14, -17.4, -15.33, -12.17, -8.3, -4.094, 0.009705, 3.406, 5.832, 6.82, 6.285, 4.13, 0.751, -3.402, -7.992, -12.58, -16.45, -18.5, -17.62, -13.13, -5.277, 4.285, 12.625, 16.83, 15.67, 9.74, 1.131, -7.57, -13.88, -16.23, -14.9, -11.42
-8.1, -5.543, -4.004, -2.58, -0.656, 1.662, 3.857, 5.445, 6.258, 6.355, 5.938, 5.184, 4.016, 2.37, 0.242, -2.125, -4.297, -5.824, -6.555, -6.68, -6.516, -6.21, -5.613, -4.457, -2.723, -0.7314, 0.939, 1.782, 1.492, 0.2197, -1.715, -3.896, -6.18, -8.81, -12.305, -16.92, -21.98, -25.94, -26.98, -24.0, -16.73, -5.617, 7.44, 19.61, 28.67, 33.56, 35.03, 34.03, 31.69, 28.97, 26.16, 23.22, 19.94, 16.58, 13.5, 10.836, 8.836, 7.32, 6.125, 4.984, 3.836, 2.41, 0.544, -2.0, -5.29, -8.97, -12.414, -14.95, -16.06, -15.67, -13.86, -11.01, -7.55, -3.777, -0.1829, 2.816, 4.89, 5.63, 4.83, 2.58, -0.81, -4.875, -9.375, -14.016, -17.89, -19.55, -17.69, -11.79, -2.568, 7.844, 16.27, 20.11, 18.33, 11.89, 2.646, -6.785, -13.81, -16.61, -15.37, -11.766
-8.27, -5.76, -4.348, -2.96, -0.9683, 1.471, 3.748, 5.3, 5.938, 5.773, 5.15, 4.332, 3.352, 2.08, 0.2834, -1.98, -4.363, -6.242, -7.168, -7.223, -6.87, -6.39, -5.67, -4.41, -2.488, -0.3333, 1.407, 2.008, 1.154, -0.906, -3.582, -6.14, -8.24, -10.164, -12.664, -16.56, -21.42, -25.33, -26.06, -22.17, -13.67, -1.566, 11.76, 23.53, 31.53, 35.38, 35.56, 33.47, 30.47, 27.83, 25.67, 23.66, 21.27, 18.27, 15.07, 12.15, 9.72, 7.88, 6.516, 5.418, 4.457, 3.396, 2.0, 0.002655, -2.805, -6.195, -9.66, -12.445, -13.984, -13.93, -12.34, -9.76, -6.582, -3.133, 0.0945, 2.773, 4.492, 4.984, 4.08, 1.899, -1.335, -5.273, -9.805, -14.625, -18.67, -20.05, -17.25, -9.83, 0.815, 11.98, 20.42, 23.7, 21.27, 14.3, 4.63, -5.465, -13.24, -16.67, -15.68, -12.02
-8.39, -5.992, -4.74, -3.438, -1.313, 1.404, 3.9, 5.45, 5.754, 5.055, 3.861, 2.703, 1.835, 1.031, -0.1095, -1.92, -4.266, -6.41, -7.65, -7.86, -7.414, -6.684, -5.71, -4.17, -1.954, 0.5093, 2.318, 2.584, 0.9224, -2.297, -6.105, -9.36, -11.38, -12.35, -13.484, -16.16, -20.47, -24.2, -24.55, -19.94, -10.56, 2.111, 15.42, 26.56, 33.66, 36.28, 35.12, 31.94, 28.27, 25.64, 24.19, 23.22, 21.9, 19.64, 16.69, 13.59, 10.836, 8.64, 7.074, 5.945, 5.094, 4.29, 3.232, 1.647, -0.681, -3.682, -6.96, -9.91, -11.76, -12.14, -10.97, -8.664, -5.68, -2.438, 0.6006, 3.096, 4.656, 5.1, 4.203, 2.117, -0.9824, -4.883, -9.4, -14.29, -18.39, -19.62, -16.06, -7.285, 4.582, 16.31, 24.6, 27.1, 23.98, 16.53, 6.645, -3.63, -11.945, -15.97, -15.42, -12.01
-8.35, -6.242, -5.156, -3.857, -1.47, 1.72, 4.605, 6.12, 5.88, 4.258, 2.084, 0.2593, -0.7153, -0.972, -1.122, -2.02, -3.93, -6.227, -7.98, -8.67, -8.37, -7.336, -5.836, -3.71, -0.864, 2.197, 4.188, 4.01, 1.309, -3.416, -8.8, -13.17, -15.34, -15.41, -14.93, -16.06, -19.36, -22.66, -22.67, -17.44, -7.375, 5.555, 18.6, 29.02, 35.03, 36.44, 34.16, 29.9, 25.58, 22.81, 21.94, 22.03, 21.84, 20.53, 18.12, 15.19, 12.25, 9.8, 7.906, 6.598, 5.68, 4.97, 4.137, 2.918, 1.09, -1.388, -4.32, -7.22, -9.35, -10.24, -9.65, -7.77, -5.04, -1.959, 1.011, 3.512, 5.168, 5.695, 4.84, 2.682, -0.6, -4.652, -9.125, -13.74, -17.45, -18.36, -14.164, -4.508, 8.28, 20.36, 28.12, 29.78, 25.81, 18.16, 8.625, -1.338, -9.77, -14.414, -14.53, -11.61
-8.234, -6.55, -5.637, -4.152, -1.174, 2.72, 6.08, 7.535, 6.633, 3.896, 0.418, -2.545, -4.055, -3.86, -2.787, -2.266, -3.328, -5.6, -7.973, -9.44, -9.51, -8.24, -6.008, -2.902, 0.9995, 4.914, 7.242, 6.652, 2.758, -3.734, -11.09, -17.02, -19.72, -19.05, -16.89, -16.17, -18.17, -20.94, -20.62, -14.96, -4.523, 8.516, 21.17, 30.77, 35.8, 36.06, 32.62, 27.5, 22.61, 19.7, 19.14, 20.02, 21.02, 20.83, 19.3, 16.73, 13.875, 11.195, 8.93, 7.293, 6.156, 5.37, 4.65, 3.754, 2.4, 0.4915, -1.883, -4.47, -6.71, -8.05, -8.17, -6.95, -4.7, -1.872, 1.064, 3.656, 5.434, 6.0, 5.01, 2.527, -1.16, -5.44, -9.84, -13.89, -16.69, -16.73, -11.87, -1.568, 11.74, 23.88, 30.97, 31.61, 26.88, 19.17, 10.32, 1.21, -7.035, -12.16, -13.016, -10.87
-8.125, -7.016, -6.152, -4.137, -0.3074, 4.504, 8.375, 9.88, 8.484, 4.695, -0.2883, -4.85, -7.457, -7.277, -5.062, -2.803, -2.49, -4.293, -7.12, -9.5, -10.24, -8.914, -5.895, -1.534, 3.652, 8.51, 11.22, 10.21, 5.24, -2.963, -12.32, -20.06, -23.64, -22.52, -18.97, -16.56, -17.22, -19.19, -18.52, -12.52, -1.774, 11.19, 23.28, 32.06, 35.97, 35.25, 30.86, 25.1, 19.77, 16.69, 16.25, 17.58, 19.44, 20.31, 19.84, 18.0, 15.53, 12.78, 10.195, 8.12, 6.62, 5.617, 4.824, 4.1, 3.178, 1.871, 0.1074, -2.014, -4.117, -5.727, -6.47, -6.01, -4.438, -2.062, 0.649, 3.13, 4.86, 5.32, 4.16, 1.431, -2.445, -6.87, -11.27, -14.875, -16.64, -15.37, -9.6, 1.103, 14.69, 26.6, 33.06, 32.72, 27.27, 19.75, 11.82, 3.777, -3.99, -9.48, -11.17, -9.94
-8.09, -7.47, -6.492, -3.744, 1.2, 7.03, 11.53, 13.17, 11.47, 6.85, 0.446, -5.97, -10.266, -10.78, -7.87, -3.885, -1.621, -2.232, -5.04, -8.29, -9.984, -8.94, -5.223, 0.3892, 6.84, 12.55, 15.51, 14.15, 8.27, -1.187, -12.24, -21.64, -26.34, -25.17, -20.67, -16.81, -16.27, -17.5, -16.47, -10.38, 0.3777, 13.19, 24.75, 32.66, 35.62, 34.06, 29.11, 22.94, 17.42, 14.26, 13.62, 15.02, 17.25, 18.92, 19.4, 18.55, 16.72, 14.27, 11.66, 9.23, 7.35, 5.984, 5.023, 4.273, 3.521, 2.62, 1.388, -0.2283, -2.016, -3.607, -4.66, -4.777, -3.875, -2.154, -0.012924, 2.03, 3.412, 3.648, 2.586, 0.2778, -3.041, -7.24, -11.86, -15.52, -16.8, -14.5, -7.758, 3.514, 17.12, 28.75, 34.4, 33.22, 27.25, 19.92, 12.93, 6.05, -0.976, -6.656, -9.3, -9.086
-7.96, -7.555, -6.27, -2.668, 3.412, 10.195, 15.23, 16.94, 15.02, 9.81, 2.299, -5.87, -12.19, -14.18, -11.234, -5.72, -1.1875, 0.04956, -2.078, -5.887, -8.67, -8.195, -4.066, 2.682, 10.21, 16.55, 19.48, 17.75, 11.414, 1.423, -10.45, -21.1, -26.89, -26.31, -21.52, -16.78, -15.266, -15.85, -14.68, -8.695, 1.884, 14.305, 25.36, 32.56, 34.84, 32.78, 27.44, 21.11, 15.62, 12.33, 11.38, 12.55, 14.59, 16.6, 17.81, 17.98, 17.12, 15.43, 13.125, 10.72, 8.555, 6.824, 5.492, 4.504, 3.676, 2.873, 1.862, 0.551, -0.9136, -2.295, -3.26, -3.541, -3.012, -1.836, -0.393, 0.939, 1.766, 1.899, 1.478, 0.4385, -1.554, -5.195, -10.14, -14.734, -16.58, -13.97, -6.473, 5.266, 18.86, 30.02, 35.0, 33.16, 26.69, 19.4, 13.3, 7.754, 1.579, -4.164, -7.55, -8.305
-7.6, -7.13, -5.38, -0.884, 6.207, 13.63, 18.86, 20.4, 18.11, 12.51, 4.46, -4.863, -13.11, -17.05, -14.945, -8.516, -1.8125, 1.684, 0.834, -3.047, -6.688, -6.85, -2.479, 5.098, 13.51, 20.14, 22.86, 20.66, 14.125, 4.46, -7.22, -18.28, -25.08, -25.5, -21.06, -16.11, -13.88, -13.89, -12.78, -7.32, 2.646, 14.586, 25.16, 31.84, 33.75, 31.25, 25.88, 19.52, 14.09, 10.72, 9.52, 10.15, 11.76, 13.63, 15.24, 16.22, 16.38, 15.64, 14.19, 12.234, 10.164, 8.24, 6.594, 5.223, 4.05, 3.033, 1.917, 0.603, -0.7544, -1.988, -2.762, -2.902, -2.33, -1.309, -0.295, 0.4832, 0.9614, 1.342, 1.904, 2.32, 1.569, -1.548, -6.87, -12.516, -15.43, -13.33, -5.582, 6.6, 20.02, 30.67, 34.97, 32.47, 25.55, 18.22, 12.86, 8.6, 3.674, -1.843, -5.895, -7.504
-7.133, -6.32, -3.854, 1.417, 9.13, 16.8, 21.78, 22.69, 19.86, 14.11, 6.23, -3.277, -12.72, -18.66, -18.19, -11.875, -3.771, 1.8545, 2.617, -0.72, -4.605, -5.125, -0.6733, 7.457, 16.23, 22.75, 24.95, 22.3, 15.88, 7.2, -3.133, -13.58, -21.0, -22.8, -19.66, -15.016, -12.43, -11.89, -10.74, -5.94, 3.053, 14.17, 24.2, 30.6, 32.38, 29.77, 24.28, 17.8, 12.414, 9.1, 7.82, 7.992, 9.06, 10.484, 12.086, 13.52, 14.52, 14.82, 14.38, 13.27, 11.69, 9.98, 8.195, 6.53, 5.035, 3.67, 2.268, 0.6895, -0.9316, -2.367, -3.244, -3.33, -2.598, -1.381, -0.1953, 0.6885, 1.341, 2.156, 3.342, 4.184, 3.354, -0.0865, -5.617, -11.336, -14.49, -12.664, -4.902, 7.285, 20.5, 30.6, 34.44, 31.39, 24.02, 16.44, 11.48, 8.47, 4.906, 0.06067, -4.355, -6.723
-6.645, -5.418, -2.182, 3.686, 11.56, 18.94, 23.27, 23.34, 19.8, 14.09, 7.13, -1.366, -10.85, -18.2, -19.7, -14.73, -6.484, 0.251, 2.387, 0.0779, -3.268, -3.53, 1.066, 9.23, 17.92, 23.92, 25.44, 22.22, 16.03, 8.7, 0.5435, -8.19, -15.44, -18.52, -17.06, -13.61, -11.1, -10.21, -8.94, -4.703, 3.205, 13.26, 22.48, 28.58, 30.22, 27.53, 21.81, 15.29, 10.06, 7.004, 5.934, 5.945, 6.6, 7.582, 8.83, 10.27, 11.64, 12.68, 13.17, 13.04, 12.32, 11.125, 9.64, 8.0, 6.4, 4.83, 3.195, 1.345, -0.698, -2.682, -4.14, -4.684, -4.15, -2.74, -1.05, 0.453, 1.722, 2.865, 3.697, 3.254, 0.571, -4.312, -9.8, -14.016, -15.47, -12.56, -4.426, 7.656, 20.39, 29.84, 33.0, 29.47, 21.67, 13.96, 9.31, 7.375, 5.34, 1.595, -2.89, -5.938
-6.08, -4.54, -0.6484, 5.46, 12.9, 19.34, 22.61, 21.64, 17.53, 12.14, 6.617, 0.2238, -7.74, -15.22, -18.4, -15.63, -8.95, -2.572, 0.1825, -0.903, -2.982, -2.46, 2.25, 10.02, 17.94, 22.98, 23.47, 19.78, 14.03, 8.33, 2.818, -3.346, -9.516, -13.38, -13.805, -12.12, -10.36, -9.3, -7.82, -3.918, 2.992, 11.734, 19.95, 25.36, 26.58, 23.67, 17.83, 11.49, 6.832, 4.41, 3.758, 3.928, 4.336, 4.9, 5.65, 6.723, 8.04, 9.36, 10.414, 11.03, 11.164, 10.734, 9.836, 8.625, 7.28, 5.87, 4.293, 2.41, 0.1682, -2.293, -4.492, -5.887, -6.05, -4.95, -3.094, -1.048, 0.6963, 1.645, 1.246, -1.417, -6.723, -13.43, -18.77, -20.62, -18.89, -13.55, -4.46, 7.56, 19.47, 27.97, 30.23, 26.05, 18.11, 10.625, 6.527, 5.5, 4.777, 2.297, -1.686, -5.047
-5.02, -3.455, 0.4907, 6.082, 12.23, 16.97, 18.67, 16.88, 12.75, 8.34, 4.652, 0.817, -4.492, -10.48, -14.17, -13.62, -9.586, -5.03, -2.592, -2.639, -3.242, -1.799, 2.764, 9.39, 15.58, 18.94, 18.34, 14.54, 9.69, 5.86, 2.855, -0.562, -4.69, -8.18, -9.77, -9.76, -9.18, -8.43, -6.902, -3.412, 2.436, 9.54, 16.08, 20.06, 20.45, 17.22, 11.98, 6.69, 3.146, 1.591, 1.44, 1.748, 2.027, 2.275, 2.615, 3.26, 4.23, 5.348, 6.402, 7.285, 7.914, 8.08, 7.81, 7.203, 6.367, 5.438, 4.297, 2.781, 0.8896, -1.36, -3.719, -5.67, -6.605, -6.25, -4.84, -2.998, -1.457, -1.003, -2.473, -6.656, -13.48, -20.92, -25.78, -25.84, -21.53, -14.055, -4.246, 6.957, 17.25, 23.77, 24.58, 19.95, 12.67, 6.402, 3.375, 3.049, 3.246, 1.998, -0.8843, -3.875
-3.479, -2.252, 0.6665, 4.406, 8.12, 10.555, 10.8, 8.93, 6.027, 3.33, 1.527, -0.0786, -2.49, -5.723, -8.41, -9.04, -7.535, -5.227, -3.725, -3.334, -3.035, -1.481, 1.861, 6.11, 9.63, 11.016, 9.875, 6.938, 3.89, 1.911, 0.8037, -0.4692, -2.385, -4.4, -5.844, -6.516, -6.715, -6.465, -5.4, -2.98, 0.9497, 5.57, 9.47, 11.46, 10.99, 8.48, 4.883, 1.754, -0.2102, -0.884, -0.835, -0.6475, -0.4854, -0.4001, -0.2812, 0.03204, 0.5874, 1.242, 1.908, 2.557, 3.082, 3.402, 3.508, 3.408, 3.078, 2.664, 2.102, 1.263, 0.1777, -1.21, -2.81, -4.316, -5.3, -5.42, -4.74, -3.678, -2.787, -2.795, -4.395, -8.03, -13.54, -19.38, -22.94, -22.5, -18.28, -11.516, -3.291, 5.043, 11.81, 15.22, 14.54, 10.67, 5.758, 1.999, 0.3555, 0.445, 0.93, 0.5625, -0.949, -2.76
-2.469, -1.922, -0.97, 0.1578, 1.146, 1.636, 1.489, 0.7236, -0.1866, -0.9883, -1.523, -1.948, -2.477, -3.244, -4.008, -4.434, -4.25, -3.71, -3.262, -3.016, -2.768, -2.123, -1.003, 0.286, 1.167, 1.268, 0.666, -0.224, -1.136, -1.666, -1.959, -2.25, -2.617, -3.105, -3.547, -3.934, -4.207, -4.25, -3.92, -3.066, -1.741, -0.2615, 0.838, 1.173, 0.7446, -0.05243, -1.078, -1.874, -2.47, -2.717, -2.686, -2.691, -2.729, -2.74, -2.701, -2.463, -2.217, -1.997, -1.872, -1.67, -1.4795, -1.309, -1.252, -1.22, -1.255, -1.338, -1.456, -1.738, -2.035, -2.395, -2.863, -3.379, -3.715, -3.748, -3.484, -3.18, -2.994, -3.184, -3.924, -5.367, -7.395, -9.46, -10.695, -10.41, -8.48, -5.52, -2.158, 0.831, 2.754, 3.37, 2.719, 1.35, -0.1205, -1.297, -1.741, -1.621, -1.377, -1.404, -1.834, -2.377
