-7.246, -7.695, -8.01, -8.27, -8.586, -8.91, -9.164, -9.33, -9.39, -9.23, -8.74, -8.03, -7.42, -7.1, -7.1, -7.316, -7.645, -7.992, -8.31, -8.445, -8.47, -8.39, -8.24, -8.1, -7.99, -8.016, -8.266, -8.63, -8.83, -8.625, -8.04, -7.246, -6.74, -6.574, -6.56, -6.625, -6.758, -6.977, -7.203, -7.453, -7.707, -8.016, -8.336, -8.7, -9.14, -9.61, -9.945, -10.07, -9.805, -9.25, -8.59, -8.164, -8.27, -8.984, -10.09, -11.3, -12.33, -12.96, -13.07, -12.51, -11.42, -10.17, -9.03, -8.24, -7.824, -7.58, -7.453, -7.453, -7.547, -7.816, -8.06, -8.37, -8.56, -8.734, -8.87, -8.984, -9.12, -9.266, -9.41, -9.55, -9.59, -9.64, -9.66, -9.586, -9.48, -9.336, -9.195, -9.125, -9.06, -8.984, -8.875, -8.61, -8.27, -7.918, -7.6, -7.195, -6.707, -6.277, -6.234, -6.64
-2.727, -4.1, -5.15, -6.26, -7.344, -8.25, -8.98, -9.51, -9.79, -9.39, -7.996, -5.805, -3.623, -2.3, -2.104, -2.707, -3.814, -5.098, -6.188, -6.83, -6.918, -6.586, -6.01, -5.438, -5.074, -5.29, -6.25, -7.574, -8.35, -7.793, -5.8, -3.252, -1.379, -0.5884, -0.4534, -0.6577, -1.163, -1.944, -2.867, -3.9, -4.965, -6.09, -7.305, -8.64, -10.0, -11.305, -12.266, -12.41, -11.414, -9.47, -7.332, -6.1, -6.598, -8.695, -11.766, -15.02, -17.78, -19.53, -19.92, -18.78, -15.97, -12.15, -8.24, -5.234, -3.37, -2.346, -1.803, -1.764, -2.23, -3.12, -4.137, -5.1, -5.844, -6.367, -6.72, -7.023, -7.336, -7.72, -8.086, -8.36, -8.52, -8.49, -8.266, -7.88, -7.406, -6.914, -6.516, -6.33, -6.277, -6.156, -5.83, -5.125, -4.203, -3.312, -2.572, -1.689, -0.5483, 0.3843, 0.336, -0.9585
2.615, 0.3313, -1.824, -4.113, -6.152, -7.664, -8.664, -9.45, -10.09, -9.77, -7.73, -3.998, 0.1747, 3.105, 4.004, 3.168, 1.204, -1.284, -3.55, -5.086, -5.56, -5.1, -4.03, -2.824, -2.025, -2.291, -3.922, -6.332, -8.016, -7.33, -3.918, 0.7666, 4.64, 6.664, 7.28, 7.055, 6.1, 4.465, 2.348, 0.00473, -2.377, -4.76, -7.152, -9.516, -11.78, -13.625, -14.69, -14.37, -12.234, -8.586, -4.848, -2.988, -4.02, -7.426, -12.1, -16.8, -20.81, -23.67, -24.89, -24.05, -20.7, -14.984, -8.25, -2.332, 1.81, 4.223, 5.402, 5.457, 4.48, 2.771, 0.7803, -1.103, -2.547, -3.566, -4.22, -4.707, -5.188, -5.703, -6.242, -6.62, -6.742, -6.527, -6.008, -5.277, -4.555, -3.914, -3.582, -3.61, -3.818, -3.84, -3.322, -2.117, -0.5063, 0.9946, 2.137, 3.36, 4.93, 6.36, 6.574, 5.04
7.484, 4.49, 1.205, -2.14, -4.863, -6.598, -7.58, -8.45, -9.45, -9.61, -7.586, -2.889, 3.105, 7.94, 10.09, 9.55, 7.0, 3.357, -0.3042, -3.037, -4.254, -3.916, -2.422, -0.5137, 0.9097, 0.8735, -1.08, -4.3, -6.89, -6.547, -2.373, 4.082, 10.01, 13.58, 15.01, 14.88, 13.4, 10.71, 7.223, 3.338, -0.522, -4.246, -7.742, -10.88, -13.55, -15.445, -16.02, -14.72, -11.16, -6.04, -1.445, 0.3748, -1.5205, -6.062, -11.61, -16.84, -21.23, -24.36, -26.2, -26.12, -23.36, -17.33, -8.93, -0.3672, 6.344, 10.53, 12.64, 12.93, 11.57, 9.11, 6.176, 3.275, 0.905, -0.7676, -1.848, -2.459, -2.95, -3.48, -4.01, -4.35, -4.344, -3.941, -3.254, -2.418, -1.7, -1.326, -1.414, -1.877, -2.422, -2.59, -1.933, -0.2351, 2.068, 4.223, 5.777, 7.117, 8.734, 10.41, 11.086, 9.945
11.14, 7.973, 3.945, -0.1833, -3.326, -5.043, -5.812, -6.61, -7.91, -8.72, -7.234, -2.314, 4.957, 11.7, 15.58, 16.0, 13.52, 9.1, 4.164, 0.013626, -2.268, -2.379, -0.7104, 1.764, 3.783, 4.2, 2.342, -1.221, -4.465, -4.766, -0.693, 6.62, 14.03, 19.12, 21.47, 21.5, 19.5, 15.76, 10.86, 5.64, 0.4802, -4.312, -8.555, -12.2, -15.01, -16.6, -16.4, -13.93, -9.13, -3.191, 1.449, 2.602, -0.1555, -5.285, -11.086, -16.47, -20.81, -23.8, -25.56, -25.89, -23.92, -18.53, -9.805, 0.3176, 9.336, 15.7, 19.11, 20.03, 18.69, 15.81, 12.08, 8.195, 4.77, 2.262, 0.6455, -0.2458, -0.7114, -1.081, -1.464, -1.635, -1.487, -1.043, -0.3894, 0.251, 0.6104, 0.4883, -0.1076, -1.019, -1.886, -2.209, -1.478, 0.5347, 3.309, 5.977, 7.9, 9.28, 10.74, 12.375, 13.47, 13.12
13.28, 10.51, 6.277, 1.726, -1.728, -3.44, -3.986, -4.605, -5.992, -7.33, -6.59, -2.068, 5.715, 13.984, 19.8, 21.77, 19.98, 15.46, 9.64, 4.242, 0.7334, -0.193, 1.207, 3.852, 6.203, 7.027, 5.656, 2.412, -0.9473, -1.904, 1.369, 8.43, 16.4, 22.52, 25.62, 25.7, 23.14, 18.55, 12.68, 6.46, 0.4807, -4.918, -9.6, -13.47, -16.3, -17.61, -16.84, -13.56, -8.06, -1.894, 2.422, 2.998, 0.01633, -4.914, -10.51, -15.836, -20.17, -23.11, -24.6, -24.83, -23.31, -18.94, -10.914, -0.3398, 10.33, 18.72, 23.97, 26.05, 25.33, 22.44, 18.17, 13.53, 9.18, 5.75, 3.4, 2.113, 1.587, 1.374, 1.309, 1.309, 1.52, 1.852, 2.246, 2.457, 2.297, 1.616, 0.552, -0.7227, -1.854, -2.36, -1.735, 0.1989, 3.049, 5.9, 8.04, 9.47, 10.78, 12.3, 13.734, 14.28
13.82, 11.89, 7.934, 3.312, -0.308, -2.096, -2.523, -2.86, -4.027, -5.594, -5.637, -1.999, 5.45, 14.516, 22.02, 25.83, 25.33, 21.28, 15.17, 8.914, 4.316, 2.375, 3.031, 5.26, 7.59, 8.71, 8.02, 5.695, 2.885, 1.588, 3.775, 9.62, 17.03, 23.27, 26.61, 26.67, 23.77, 18.66, 12.31, 5.688, -0.583, -6.188, -11.01, -14.92, -17.72, -18.97, -17.97, -14.49, -8.91, -2.955, 1.132, 1.84, -0.5435, -4.76, -9.92, -15.17, -19.61, -22.56, -23.88, -23.89, -22.52, -18.9, -12.11, -2.205, 9.016, 19.06, 26.22, 29.94, 30.36, 28.02, 23.8, 18.8, 13.78, 9.59, 6.55, 4.754, 4.004, 3.871, 3.967, 4.125, 4.355, 4.5, 4.492, 4.156, 3.455, 2.295, 0.8276, -0.7593, -2.096, -2.799, -2.428, -0.8335, 1.686, 4.395, 6.555, 8.04, 9.21, 10.57, 12.22, 13.61
13.15, 12.22, 8.83, 4.402, 0.76, -1.115, -1.472, -1.492, -2.24, -3.643, -4.22, -1.786, 4.57, 13.45, 21.88, 27.22, 28.2, 25.23, 19.56, 13.09, 7.734, 4.766, 4.387, 5.812, 7.703, 8.85, 8.77, 7.617, 5.973, 4.996, 6.32, 10.5, 16.42, 21.86, 24.86, 24.75, 21.72, 16.6, 10.266, 3.734, -2.395, -7.9, -12.62, -16.48, -19.23, -20.5, -19.66, -16.38, -11.125, -5.426, -1.231, 0.1731, -1.183, -4.6, -9.41, -14.555, -19.05, -22.12, -23.52, -23.4, -21.92, -18.86, -13.36, -4.83, 5.78, 16.56, 25.31, 30.84, 32.78, 31.6, 28.02, 23.25, 18.12, 13.516, 9.86, 7.605, 6.496, 6.293, 6.477, 6.69, 6.832, 6.74, 6.28, 5.457, 4.234, 2.645, 0.876, -0.9272, -2.459, -3.379, -3.264, -1.985, 0.1711, 2.646, 4.71, 6.12, 7.113, 8.22, 9.875, 11.89
11.78, 11.69, 9.0, 4.953, 1.408, -0.548, -0.9, -0.61, -0.738, -1.622, -2.367, -1.065, 3.61, 11.26, 19.53, 25.69, 28.1, 26.53, 21.88, 15.92, 10.36, 6.676, 5.293, 5.69, 6.79, 7.65, 7.89, 7.67, 7.332, 7.344, 8.49, 11.375, 15.54, 19.56, 21.75, 21.31, 18.39, 13.555, 7.617, 1.409, -4.473, -9.77, -14.38, -18.16, -20.86, -22.05, -21.33, -18.33, -13.375, -7.746, -3.152, -0.9155, -1.39, -4.305, -8.945, -14.09, -18.55, -21.72, -23.3, -23.27, -21.8, -19.03, -14.54, -7.605, 1.6045, 11.9, 21.42, 28.4, 32.03, 32.5, 30.27, 26.44, 21.77, 17.23, 13.305, 10.56, 9.11, 8.59, 8.664, 8.836, 8.83, 8.5, 7.656, 6.406, 4.773, 2.852, 0.7827, -1.2295, -2.945, -3.977, -3.959, -2.762, -0.6963, 1.684, 3.674, 4.914, 5.586, 6.258, 7.63, 9.86
10.24, 10.664, 8.58, 5.035, 1.705, -0.3057, -0.785, -0.3284, 0.1818, 0.0904, -0.3218, 0.2563, 3.248, 8.95, 16.0, 22.08, 25.38, 25.16, 21.94, 16.94, 11.805, 7.85, 5.734, 5.223, 5.457, 5.715, 5.797, 6.0, 6.645, 7.832, 9.57, 11.99, 14.97, 17.66, 19.03, 18.3, 15.445, 10.87, 5.207, -0.7715, -6.52, -11.73, -16.2, -19.86, -22.39, -23.34, -22.39, -19.3, -14.37, -8.586, -3.604, -0.846, -1.0205, -3.977, -8.65, -13.65, -18.02, -21.25, -23.14, -23.42, -22.12, -19.55, -15.65, -10.055, -2.521, 6.54, 15.73, 23.52, 28.7, 30.94, 30.45, 28.05, 24.42, 20.36, 16.53, 13.53, 11.66, 10.766, 10.555, 10.54, 10.336, 9.734, 8.6, 7.03, 5.117, 2.94, 0.63, -1.607, -3.463, -4.527, -4.402, -2.988, -0.6714, 1.87, 3.854, 4.87, 5.07, 5.17, 6.05, 8.125
8.76, 9.37, 7.758, 4.715, 1.668, -0.3542, -1.026, -0.6045, 0.3433, 1.133, 1.486, 1.965, 3.71, 7.47, 12.695, 17.84, 21.27, 22.0, 20.12, 16.33, 12.016, 8.29, 5.883, 4.676, 4.105, 3.643, 3.227, 3.268, 4.266, 6.266, 8.914, 11.77, 14.49, 16.56, 17.39, 16.44, 13.555, 9.0, 3.406, -2.605, -8.39, -13.59, -18.05, -21.48, -23.69, -24.16, -22.55, -18.88, -13.52, -7.523, -2.451, 0.138, -0.4485, -3.797, -8.516, -13.29, -17.45, -20.77, -22.98, -23.7, -22.81, -20.4, -16.81, -11.984, -5.84, 1.711, 9.94, 17.69, 23.83, 27.66, 29.03, 28.33, 26.06, 22.84, 19.36, 16.27, 14.06, 12.78, 12.164, 11.86, 11.4, 10.57, 9.234, 7.426, 5.312, 2.936, 0.4153, -2.018, -4.004, -5.004, -4.64, -2.805, -0.03204, 2.832, 4.855, 5.617, 5.316, 4.793, 5.11, 6.777
7.348, 7.977, 6.72, 4.15, 1.408, -0.621, -1.517, -1.28, -0.169, 1.297, 2.547, 3.541, 4.848, 7.19, 10.66, 14.43, 17.33, 18.38, 17.38, 14.64, 11.25, 8.1, 5.746, 4.15, 2.873, 1.693, 0.698, 0.2773, 1.053, 3.273, 6.51, 10.055, 13.26, 15.48, 16.31, 15.32, 12.47, 7.89, 2.178, -3.969, -9.92, -15.34, -19.84, -23.11, -24.78, -24.47, -21.92, -17.34, -11.336, -5.164, -0.497, 1.284, -0.10583, -3.83, -8.43, -12.83, -16.81, -20.19, -22.75, -23.98, -23.61, -21.5, -18.05, -13.586, -8.234, -1.902, 5.227, 12.47, 18.94, 23.84, 26.78, 27.73, 26.89, 24.64, 21.69, 18.73, 16.3, 14.64, 13.55, 12.89, 12.1, 11.055, 9.59, 7.695, 5.457, 2.883, 0.1597, -2.473, -4.582, -5.496, -4.8, -2.469, 0.8174, 3.977, 6.016, 6.49, 5.777, 4.74, 4.516, 5.684
6.027, 6.6, 5.6, 3.43, 0.9727, -1.006, -2.105, -2.135, -1.102, 0.6875, 2.66, 4.395, 5.906, 7.625, 9.87, 12.33, 14.336, 15.14, 14.5, 12.555, 10.01, 7.496, 5.355, 3.533, 1.808, 0.05713, -1.441, -2.307, -1.999, -0.1427, 3.049, 6.918, 10.64, 13.48, 14.8, 14.16, 11.48, 7.004, 1.274, -5.047, -11.3, -16.89, -21.44, -24.48, -25.64, -24.39, -20.7, -15.12, -8.57, -2.564, 1.297, 2.035, -0.1295, -3.996, -8.266, -12.29, -16.03, -19.48, -22.42, -24.25, -24.45, -22.83, -19.6, -15.19, -10.06, -4.29, 2.05, 8.65, 15.055, 20.52, 24.53, 26.8, 27.22, 25.97, 23.66, 20.9, 18.38, 16.33, 14.77, 13.664, 12.61, 11.35, 9.8, 7.867, 5.594, 2.885, -0.1125, -2.969, -5.164, -5.99, -4.977, -2.197, 1.533, 4.95, 6.945, 7.145, 6.04, 4.633, 4.004, 4.703
4.86, 5.332, 4.56, 2.695, 0.4714, -1.461, -2.695, -2.982, -2.172, -0.38, 1.938, 4.273, 6.29, 7.996, 9.625, 11.164, 12.266, 12.6, 11.96, 10.516, 8.62, 6.68, 4.81, 2.848, 0.795, -1.252, -2.988, -4.07, -4.195, -2.988, -0.414, 3.158, 7.016, 10.29, 12.23, 12.26, 10.125, 5.977, 0.3757, -6.01, -12.44, -18.3, -22.9, -25.72, -26.23, -24.1, -19.38, -12.85, -6.016, -0.4954, 2.416, 2.26, -0.3345, -4.08, -7.883, -11.5, -15.08, -18.67, -21.97, -24.39, -25.2, -24.19, -21.3, -17.02, -11.836, -6.094, -0.05704, 6.234, 12.445, 18.14, 22.81, 25.95, 27.38, 27.0, 25.25, 22.77, 20.11, 17.81, 15.85, 14.32, 12.95, 11.55, 9.945, 8.055, 5.73, 2.887, -0.3337, -3.441, -5.754, -6.477, -5.176, -1.966, 2.145, 5.715, 7.63, 7.543, 6.086, 4.367, 3.479, 3.83
3.855, 4.285, 3.623, 1.982, -0.0774, -1.949, -3.197, -3.58, -2.97, -1.421, 0.824, 3.34, 5.73, 7.715, 9.24, 10.266, 10.766, 10.64, 9.93, 8.766, 7.367, 5.855, 4.133, 2.102, -0.11523, -2.238, -3.914, -4.93, -5.246, -4.67, -2.965, -0.229, 3.215, 6.555, 8.95, 9.68, 8.3, 4.715, -0.581, -6.926, -13.54, -19.56, -24.23, -26.73, -26.62, -23.5, -17.92, -10.83, -3.996, 0.93, 2.979, 2.207, -0.498, -3.895, -7.246, -10.52, -14.03, -17.73, -21.39, -24.33, -25.86, -25.5, -23.14, -19.1, -13.8, -7.91, -1.723, 4.55, 10.734, 16.6, 21.55, 25.3, 27.42, 27.77, 26.56, 24.4, 21.7, 19.11, 16.77, 14.77, 13.13, 11.625, 10.055, 8.21, 5.832, 2.82, -0.5933, -3.906, -6.3, -6.91, -5.242, -1.629, 2.79, 6.46, 8.17, 7.754, 5.965, 4.01, 2.932, 3.055
3.074, 3.441, 2.828, 1.296, -0.669, -2.432, -3.541, -3.852, -3.36, -2.115, -0.1989, 2.156, 4.637, 6.86, 8.48, 9.38, 9.57, 9.17, 8.4, 7.44, 6.387, 5.105, 3.418, 1.317, -0.9683, -2.95, -4.285, -5.004, -5.285, -5.13, -4.297, -2.55, 0.08923, 3.094, 5.656, 6.926, 6.22, 3.305, -1.609, -7.816, -14.484, -20.67, -25.3, -27.53, -26.69, -22.78, -16.38, -8.984, -2.334, 2.008, 3.346, 2.168, -0.4348, -3.443, -6.367, -9.4, -12.83, -16.69, -20.62, -24.02, -26.22, -26.6, -24.98, -21.38, -16.19, -10.08, -3.541, 3.025, 9.39, 15.33, 20.64, 24.84, 27.48, 28.33, 27.64, 25.72, 23.03, 20.14, 17.44, 15.04, 13.13, 11.586, 10.07, 8.305, 5.883, 2.715, -0.9487, -4.465, -6.87, -7.215, -5.12, -1.034, 3.686, 7.348, 8.766, 7.938, 5.78, 3.602, 2.402, 2.408
2.547, 2.846, 2.182, 0.647, -1.235, -2.83, -3.684, -3.791, -3.316, -2.363, -0.9087, 1.073, 3.414, 5.734, 7.54, 8.516, 8.65, 8.16, 7.36, 6.51, 5.594, 4.387, 2.672, 0.506, -1.688, -3.375, -4.242, -4.53, -4.68, -4.78, -4.66, -3.824, -2.078, 0.3623, 2.83, 4.38, 4.19, 1.814, -2.674, -8.69, -15.44, -21.7, -26.22, -27.97, -26.42, -21.72, -14.67, -7.074, -0.758, 3.002, 3.8, 2.387, -0.05798, -2.73, -5.3, -8.12, -11.49, -15.484, -19.64, -23.47, -26.3, -27.45, -26.56, -23.64, -18.83, -12.74, -5.895, 1.05, 7.812, 14.164, 19.77, 24.28, 27.38, 28.7, 28.38, 26.7, 24.02, 20.95, 17.86, 15.14, 13.01, 11.414, 9.99, 8.29, 5.863, 2.557, -1.335, -5.02, -7.37, -7.39, -4.75, -0.1344, 4.875, 8.48, 9.51, 8.15, 5.59, 3.197, 1.92, 1.918
2.205, 2.438, 1.687, 0.0956, -1.706, -3.06, -3.59, -3.424, -2.908, -2.24, -1.276, 0.2573, 2.34, 4.633, 6.605, 7.758, 8.01, 7.562, 6.773, 5.92, 4.97, 3.693, 1.8955, -0.2455, -2.21, -3.502, -3.9, -3.8, -3.83, -4.176, -4.582, -4.504, -3.502, -1.634, 0.5557, 2.166, 2.318, 0.3875, -3.727, -9.6, -16.28, -22.47, -26.86, -28.16, -25.8, -20.3, -12.76, -5.07, 0.8623, 4.01, 4.37, 2.814, 0.5303, -1.813, -4.1, -6.707, -9.984, -14.05, -18.5, -22.75, -26.12, -28.0, -27.97, -25.8, -21.55, -15.7, -8.82, -1.525, 5.72, 12.484, 18.55, 23.48, 26.98, 28.75, 28.8, 27.39, 24.78, 21.52, 18.14, 15.11, 12.78, 11.13, 9.836, 8.22, 5.73, 2.29, -1.766, -5.562, -7.81, -7.426, -4.184, 0.9927, 6.27, 9.72, 10.31, 8.414, 5.41, 2.818, 1.52, 1.571
2.012, 2.205, 1.346, -0.2888, -1.989, -3.03, -3.174, -2.748, -2.256, -1.889, -1.41, -0.3613, 1.4, 3.64, 5.742, 7.156, 7.598, 7.277, 6.504, 5.566, 4.47, 3.027, 1.109, -0.977, -2.652, -3.445, -3.348, -2.969, -2.977, -3.6, -4.47, -4.96, -4.594, -3.24, -1.354, 0.2423, 0.553, -1.083, -4.867, -10.49, -17.03, -23.2, -27.27, -28.03, -24.94, -18.56, -10.6, -2.967, 2.516, 5.07, 4.996, 3.3, 1.137, -0.8843, -2.85, -5.188, -8.33, -12.43, -17.05, -21.64, -25.64, -28.28, -29.02, -27.69, -24.27, -18.94, -12.22, -4.754, 2.852, 10.12, 16.66, 22.12, 26.12, 28.33, 28.84, 27.73, 25.27, 21.89, 18.27, 14.98, 12.484, 10.84, 9.57, 7.996, 5.535, 1.977, -2.252, -6.082, -8.125, -7.332, -3.494, 2.238, 7.77, 11.055, 11.17, 8.71, 5.246, 2.424, 1.146, 1.311
1.865, 2.086, 1.154, -0.5166, -2.059, -2.717, -2.45, -1.79, -1.397, -1.402, -1.44, -0.8916, 0.5156, 2.67, 4.94, 6.625, 7.336, 7.156, 6.383, 5.32, 3.988, 2.303, 0.2852, -1.655, -2.938, -3.201, -2.639, -2.025, -2.1, -3.057, -4.426, -5.484, -5.645, -4.73, -3.137, -1.623, -1.194, -2.566, -6.027, -11.43, -17.81, -23.75, -27.48, -27.66, -23.8, -16.7, -8.37, -0.867, 4.09, 5.984, 5.504, 3.756, 1.786, 0.0706, -1.564, -3.705, -6.652, -10.63, -15.39, -20.28, -24.75, -28.05, -29.67, -29.23, -26.67, -22.02, -15.766, -8.43, -0.6685, 7.01, 14.086, 20.05, 24.6, 27.42, 28.39, 27.58, 25.28, 21.94, 18.17, 14.71, 12.13, 10.48, 9.27, 7.73, 5.188, 1.492, -2.822, -6.62, -8.414, -7.14, -2.705, 3.564, 9.3, 12.39, 12.06, 9.05, 5.137, 2.062, 0.7354, 1.027
1.664, 1.996, 1.049, -0.5986, -1.9, -2.145, -1.474, -0.6406, -0.3813, -0.7954, -1.379, -1.343, -0.2595, 1.755, 4.137, 6.086, 7.094, 7.094, 6.324, 5.086, 3.504, 1.585, -0.4885, -2.234, -3.094, -2.797, -1.77, -0.9478, -1.134, -2.465, -4.363, -5.984, -6.68, -6.22, -4.926, -3.57, -3.057, -4.184, -7.375, -12.445, -18.6, -24.28, -27.61, -27.08, -22.5, -14.81, -6.234, 1.017, 5.406, 6.727, 5.9, 4.188, 2.488, 1.09, -0.251, -2.098, -4.86, -8.734, -13.46, -18.62, -23.5, -27.44, -29.88, -30.34, -28.7, -24.9, -19.33, -12.35, -4.598, 3.297, 10.766, 17.3, 22.38, 25.8, 27.3, 26.92, 24.89, 21.67, 17.86, 14.3, 11.695, 10.06, 8.875, 7.3, 4.676, 0.8765, -3.527, -7.234, -8.69, -6.89, -1.86, 4.848, 10.73, 13.625, 12.87, 9.336, 5.0, 1.649, 0.2751, 0.6733
1.406, 1.871, 0.9976, -0.534, -1.537, -1.359, -0.3076, 0.6885, 0.813, -0.02676, -1.161, -1.667, -0.943, 0.9067, 3.336, 5.504, 6.79, 7.0, 6.254, 4.85, 3.016, 0.876, -1.217, -2.725, -3.104, -2.232, -0.7783, 0.2076, -0.07196, -1.722, -4.1, -6.273, -7.527, -7.598, -6.754, -5.617, -5.1, -6.023, -8.86, -13.59, -19.4, -24.72, -27.53, -26.34, -21.02, -12.87, -4.195, 2.64, 6.426, 7.266, 6.2, 4.535, 3.172, 2.207, 1.173, -0.4448, -3.008, -6.727, -11.44, -16.67, -21.88, -26.4, -29.61, -30.98, -30.28, -27.39, -22.56, -16.17, -8.73, -0.774, 6.945, 13.93, 19.56, 23.61, 25.7, 25.88, 24.19, 21.1, 17.31, 13.805, 11.195, 9.58, 8.375, 6.71, 3.96, 0.04187, -4.348, -7.87, -8.97, -6.66, -1.069, 6.03, 12.0, 14.7, 13.516, 9.55, 4.8, 1.14, -0.3398, 0.1934
1.042, 1.72, 0.986, -0.3462, -1.047, -0.4644, 0.9717, 2.139, 2.164, 0.9653, -0.6665, -1.688, -1.422, 0.1589, 2.512, 4.824, 6.363, 6.78, 6.098, 4.57, 2.475, 0.1439, -1.918, -3.16, -3.027, -1.612, 0.2429, 1.407, 1.067, -0.812, -3.54, -6.207, -8.04, -8.74, -8.43, -7.652, -7.23, -8.01, -10.53, -14.84, -20.22, -25.14, -27.34, -25.47, -19.44, -10.85, -2.299, 4.094, 7.29, 7.65, 6.453, 5.0, 3.963, 3.295, 2.559, 1.208, -1.215, -4.734, -9.305, -14.52, -19.95, -24.95, -28.78, -30.98, -31.23, -29.36, -25.4, -19.73, -12.71, -4.957, 2.91, 10.23, 16.45, 21.0, 23.66, 24.36, 23.05, 20.25, 16.64, 13.22, 10.64, 8.97, 7.637, 5.867, 2.94, -1.041, -5.33, -8.56, -9.27, -6.457, -0.354, 7.094, 13.1, 15.555, 13.984, 9.61, 4.457, 0.495, -1.094, -0.443
0.523, 1.508, 1.003, -0.0945, -0.4832, 0.47, 2.277, 3.65, 3.611, 2.176, 0.1526, -1.361, -1.617, -0.449, 1.689, 4.02, 5.727, 6.34, 5.758, 4.164, 1.8955, -0.5723, -2.594, -3.525, -2.92, -1.04, 1.191, 2.553, 2.19, 0.1967, -2.74, -5.773, -8.16, -9.51, -9.87, -9.59, -9.41, -10.15, -12.375, -16.27, -21.14, -25.48, -27.03, -24.31, -17.61, -8.75, -0.3728, 5.402, 7.973, 7.957, 6.773, 5.598, 4.88, 4.49, 3.953, 2.764, 0.534, -2.76, -7.125, -12.266, -17.75, -23.08, -27.5, -30.52, -31.64, -30.73, -27.64, -22.77, -16.34, -8.88, -1.107, 6.383, 12.97, 18.06, 21.28, 22.53, 21.69, 19.23, 15.875, 12.58, 10.02, 8.27, 6.77, 4.723, 1.631, -2.393, -6.54, -9.44, -9.67, -6.3, 0.2231, 7.875, 13.836, 16.02, 14.086, 9.3, 3.791, -0.413, -2.082, -1.2705
-0.1791, 1.199, 1.007, 0.1708, 0.106, 1.409, 3.518, 5.086, 5.074, 3.506, 1.209, -0.7373, -1.539, -0.891, 0.902, 3.1, 4.887, 5.66, 5.2, 3.611, 1.277, -1.236, -3.154, -3.787, -2.787, -0.545, 1.948, 3.451, 3.143, 1.146, -1.878, -5.125, -7.953, -9.95, -10.98, -11.305, -11.52, -12.31, -14.34, -17.86, -22.19, -25.84, -26.52, -22.94, -15.52, -6.48, 1.546, 6.715, 8.67, 8.375, 7.27, 6.375, 5.977, 5.8, 5.32, 4.176, 2.105, -0.9507, -5.02, -9.96, -15.41, -20.84, -25.75, -29.44, -31.44, -31.42, -29.31, -25.27, -19.5, -12.516, -4.957, 2.57, 9.445, 14.945, 18.75, 20.53, 20.19, 18.1, 15.03, 11.945, 9.414, 7.52, 5.7, 3.33, 0.03918, -3.986, -7.934, -10.46, -10.17, -6.305, 0.5864, 8.33, 14.1, 15.94, 13.625, 8.53, 2.738, -1.621, -3.305, -2.32
-1.015, 0.7905, 0.963, 0.4033, 0.624, 2.213, 4.56, 6.32, 6.426, 4.848, 2.4, 0.1313, -1.151, -1.074, 0.2378, 2.148, 3.883, 4.754, 4.42, 2.9, 0.5625, -1.916, -3.67, -3.994, -2.658, -0.1486, 2.502, 4.06, 3.807, 1.907, -1.065, -4.434, -7.58, -10.125, -11.83, -12.8, -13.45, -14.47, -16.38, -19.52, -23.3, -26.12, -25.83, -21.27, -13.19, -3.955, 3.67, 8.14, 9.54, 9.07, 8.11, 7.504, 7.3, 7.16, 6.65, 5.492, 3.516, 0.639, -3.115, -7.723, -12.984, -18.48, -23.67, -27.89, -30.66, -31.48, -30.28, -27.05, -22.08, -15.695, -8.39, -0.9683, 6.008, 11.86, 16.12, 18.38, 18.58, 16.94, 14.195, 11.27, 8.74, 6.625, 4.426, 1.688, -1.81, -5.83, -9.5, -11.53, -10.73, -6.383, 0.7803, 8.5, 13.945, 15.375, 12.6, 7.188, 1.238, -3.17, -4.75, -3.521
-1.914, 0.267, 0.7856, 0.5254, 0.9844, 2.8, 5.34, 7.254, 7.53, 6.086, 3.656, 1.179, -0.525, -1.024, -0.2937, 1.217, 2.77, 3.639, 3.416, 1.998, -0.2607, -2.615, -4.17, -4.215, -2.576, 0.1488, 2.848, 4.375, 4.203, 2.447, -0.4038, -3.781, -7.176, -10.18, -12.484, -14.07, -15.234, -16.48, -18.42, -21.22, -24.4, -26.25, -24.7, -19.02, -10.25, -1.041, 6.023, 9.766, 10.72, 10.2, 9.46, 9.0, 8.766, 8.484, 7.797, 6.547, 4.61, 1.961, -1.45, -5.664, -10.58, -15.95, -21.3, -25.89, -29.23, -30.86, -30.53, -28.14, -23.9, -18.2, -11.42, -4.215, 2.799, 8.88, 13.555, 16.31, 16.98, 15.79, 13.38, 10.664, 8.1, 5.68, 3.002, -0.1348, -3.84, -7.81, -11.17, -12.71, -11.28, -6.46, 0.886, 8.43, 13.484, 14.31, 11.055, 5.297, -0.72, -5.04, -6.383, -4.816
-2.889, -0.359, 0.4868, 0.528, 1.196, 3.16, 5.832, 7.883, 8.34, 7.125, 4.844, 2.3, 0.2458, -0.795, -0.685, 0.3105, 1.572, 2.367, 2.203, 0.924, -1.166, -3.328, -4.633, -4.4, -2.54, 0.2761, 2.936, 4.418, 4.32, 2.736, 0.108, -3.15, -6.668, -10.04, -12.92, -15.125, -16.84, -18.4, -20.38, -22.94, -25.36, -26.05, -23.17, -16.17, -6.77, 2.293, 8.74, 11.836, 12.484, 11.984, 11.32, 10.83, 10.36, 9.76, 8.77, 7.344, 5.453, 3.037, 0.00749, -3.764, -8.29, -13.375, -18.66, -23.56, -27.39, -29.72, -30.1, -28.55, -25.11, -20.08, -13.805, -6.977, -0.0982, 6.117, 11.08, 14.29, 15.42, 14.7, 12.71, 10.17, 7.516, 4.74, 1.682, -1.815, -5.79, -9.74, -12.78, -13.77, -11.734, -6.414, 1.085, 8.36, 12.8, 12.93, 9.08, 2.979, -3.066, -7.145, -8.1, -6.156
-3.875, -1.057, 0.0387, 0.358, 1.243, 3.309, 6.004, 8.14, 8.8, 7.88, 5.848, 3.385, 1.138, -0.3728, -0.8813, -0.48, 0.3794, 1.015, 0.882, -0.246, -2.121, -4.01, -5.01, -4.535, -2.541, 0.2522, 2.795, 4.215, 4.17, 2.816, 0.4797, -2.59, -6.125, -9.79, -13.14, -15.96, -18.25, -20.16, -22.2, -24.45, -26.08, -25.42, -20.98, -12.73, -2.768, 6.035, 11.81, 14.39, 14.86, 14.4, 13.625, 12.8, 11.83, 10.75, 9.47, 7.87, 6.06, 3.895, 1.245, -2.033, -6.055, -10.77, -15.93, -20.92, -25.16, -28.05, -29.11, -28.28, -25.61, -21.34, -15.69, -9.24, -2.6, 3.658, 8.85, 12.38, 13.97, 13.72, 12.11, 9.766, 7.062, 4.043, 0.6006, -3.303, -7.477, -11.336, -14.11, -14.55, -11.94, -6.12, 1.465, 8.336, 12.055, 11.336, 6.81, 0.3867, -5.633, -9.31, -9.81, -7.47
-4.816, -1.837, -0.506, 0.03427, 1.103, 3.223, 5.883, 8.02, 8.88, 8.27, 6.582, 4.3, 2.004, 0.1406, -0.932, -1.132, -0.7495, -0.345, -0.4978, -1.472, -3.076, -4.64, -5.32, -4.61, -2.56, 0.11414, 2.455, 3.777, 3.832, 2.734, 0.6753, -2.201, -5.688, -9.49, -13.25, -16.61, -19.4, -21.73, -23.89, -25.73, -26.38, -24.27, -18.22, -8.78, 1.597, 10.02, 15.23, 17.44, 17.86, 17.25, 16.12, 14.68, 13.086, 11.47, 9.82, 8.16, 6.414, 4.496, 2.281, -0.4817, -4.0, -8.27, -13.13, -18.1, -22.58, -25.9, -27.56, -27.47, -25.53, -21.97, -16.97, -11.05, -4.7, 1.476, 6.742, 10.55, 12.52, 12.734, 11.56, 9.46, 6.727, 3.451, -0.3228, -4.496, -8.81, -12.67, -15.125, -15.08, -11.78, -5.504, 2.123, 8.516, 11.38, 9.71, 4.457, -2.28, -8.13, -11.34, -11.36, -8.6
-5.64, -2.635, -1.162, -0.4048, 0.8315, 2.988, 5.57, 7.676, 8.664, 8.336, 6.99, 4.984, 2.75, 0.6777, -0.854, -1.618, -1.73, -1.633, -1.861, -2.697, -3.977, -5.145, -5.504, -4.61, -2.6, -0.10004, 2.023, 3.246, 3.383, 2.5, 0.7095, -1.914, -5.312, -9.22, -13.28, -17.06, -20.39, -23.12, -25.34, -26.67, -26.22, -22.52, -14.79, -4.32, 6.215, 14.266, 18.97, 20.98, 21.17, 20.28, 18.52, 16.3, 13.984, 11.84, 9.92, 8.2, 6.617, 4.965, 3.096, 0.835, -2.125, -5.887, -10.4, -15.23, -19.78, -23.44, -25.64, -26.12, -24.89, -22.03, -17.72, -12.37, -6.42, -0.4531, 4.78, 8.8, 11.086, 11.71, 10.94, 9.05, 6.26, 2.771, -1.286, -5.7, -10.08, -13.77, -15.87, -15.266, -11.31, -4.535, 3.123, 9.016, 10.92, 8.266, 2.248, -4.754, -10.38, -13.09, -12.58, -9.53
-6.324, -3.367, -1.807, -0.88, 0.4846, 2.664, 5.184, 7.23, 8.27, 8.164, 7.152, 5.46, 3.365, 1.19, -0.6763, -1.934, -2.533, -2.766, -3.104, -3.8, -4.746, -5.51, -5.57, -4.527, -2.574, -0.3188, 1.568, 2.693, 2.904, 2.24, 0.7017, -1.712, -4.996, -8.93, -13.18, -17.39, -21.19, -24.3, -26.53, -27.19, -25.5, -20.12, -10.875, 0.4912, 11.02, 18.61, 22.92, 24.69, 24.56, 23.05, 20.61, 17.67, 14.73, 12.12, 9.99, 8.234, 6.77, 5.355, 3.8, 1.932, -0.498, -3.717, -7.734, -12.29, -16.83, -20.69, -23.33, -24.33, -23.72, -21.48, -17.89, -13.14, -7.684, -2.088, 3.04, 7.105, 9.625, 10.61, 10.15, 8.36, 5.49, 1.776, -2.545, -7.11, -11.43, -14.836, -16.39, -15.14, -10.44, -3.121, 4.63, 9.96, 10.93, 7.29, 0.6035, -6.64, -12.09, -14.41, -13.48, -10.195
-6.895, -4.027, -2.443, -1.344, 0.1687, 2.354, 4.75, 6.707, 7.746, 7.83, 7.105, 5.723, 3.799, 1.613, -0.4756, -2.121, -3.162, -3.707, -4.13, -4.688, -5.34, -5.76, -5.527, -4.387, -2.57, -0.579, 1.127, 2.195, 2.469, 1.942, 0.5776, -1.656, -4.76, -8.63, -13.01, -17.52, -21.77, -25.19, -27.28, -27.23, -24.11, -17.05, -6.406, 5.51, 15.86, 23.02, 26.88, 28.23, 27.64, 25.55, 22.53, 19.0, 15.586, 12.59, 10.195, 8.39, 6.992, 5.734, 4.44, 2.912, 0.9385, -1.754, -5.254, -9.43, -13.85, -17.84, -20.77, -22.22, -22.11, -20.44, -17.42, -13.28, -8.42, -3.285, 1.578, 5.566, 8.25, 9.41, 9.07, 7.3, 4.23, 0.2473, -4.27, -8.914, -13.05, -15.99, -16.86, -14.73, -9.17, -1.164, 6.723, 11.56, 11.65, 7.145, -0.1285, -7.633, -13.09, -15.21, -14.04, -10.66
-7.367, -4.613, -3.025, -1.79, -0.11426, 2.07, 4.32, 6.15, 7.184, 7.402, 6.92, 5.79, 4.1, 1.995, -0.2147, -2.176, -3.598, -4.45, -4.98, -5.41, -5.77, -5.887, -5.457, -4.31, -2.63, -0.805, 0.7744, 1.782, 2.08, 1.592, 0.2617, -1.845, -4.723, -8.36, -12.695, -17.47, -22.08, -25.73, -27.56, -26.7, -22.17, -13.49, -1.721, 10.52, 20.53, 27.17, 30.52, 31.22, 30.11, 27.56, 24.23, 20.48, 16.88, 13.57, 10.875, 8.84, 7.39, 6.164, 5.016, 3.742, 2.154, -0.0357, -2.988, -6.71, -10.85, -14.84, -18.03, -19.84, -20.16, -18.95, -16.45, -12.91, -8.59, -3.951, 0.534, 4.3, 6.95, 8.14, 7.73, 5.754, 2.512, -1.665, -6.33, -10.92, -14.84, -17.3, -17.3, -14.02, -7.324, 1.453, 9.48, 13.89, 13.164, 7.926, 0.0565, -7.88, -13.6, -15.76, -14.45, -11.055
-7.82, -5.13, -3.527, -2.172, -0.405, 1.766, 3.95, 5.688, 6.68, 6.934, 6.59, 5.668, 4.207, 2.268, 0.02121, -2.178, -3.95, -5.086, -5.703, -6.01, -6.105, -5.97, -5.4, -4.285, -2.701, -0.9604, 0.554, 1.508, 1.726, 1.104, -0.365, -2.463, -5.11, -8.36, -12.43, -17.22, -22.06, -25.9, -27.44, -25.58, -19.66, -9.63, 2.953, 15.29, 24.81, 30.64, 33.28, 33.3, 31.6, 28.8, 25.52, 21.98, 18.42, 15.0, 12.02, 9.67, 7.94, 6.645, 5.53, 4.453, 3.182, 1.462, -0.97, -4.19, -8.02, -11.89, -15.2, -17.38, -18.03, -17.25, -15.16, -12.04, -8.21, -4.06, -0.01101, 3.408, 5.848, 6.832, 6.234, 4.09, 0.6816, -3.6, -8.27, -12.87, -16.66, -18.61, -17.61, -13.04, -5.043, 4.59, 12.805, 16.83, 15.44, 9.55, 1.073, -7.54, -13.81, -16.19, -14.92, -11.47
-8.164, -5.492, -3.896, -2.508, -0.702, 1.5, 3.676, 5.344, 6.258, 6.44, 6.074, 5.24, 3.986, 2.285, 0.1431, -2.174, -4.26, -5.723, -6.457, -6.63, -6.47, -6.08, -5.367, -4.242, -2.688, -0.9507, 0.583, 1.49, 1.421, 0.3125, -1.572, -3.832, -6.23, -8.875, -12.31, -16.81, -21.75, -25.69, -26.83, -24.02, -16.78, -5.598, 7.473, 19.6, 28.45, 33.44, 35.1, 34.25, 31.89, 29.06, 26.1, 23.17, 20.02, 16.69, 13.51, 10.76, 8.67, 7.16, 6.03, 5.047, 3.994, 2.648, 0.6826, -1.997, -5.383, -9.04, -12.414, -14.85, -15.9, -15.45, -13.69, -10.89, -7.457, -3.67, -0.04242, 2.994, 5.066, 5.742, 4.91, 2.656, -0.7183, -4.883, -9.53, -14.234, -18.02, -19.61, -17.64, -11.66, -2.287, 8.18, 16.56, 20.14, 18.22, 11.7, 2.566, -6.773, -13.75, -16.58, -15.375, -11.89
-8.39, -5.77, -4.234, -2.857, -0.998, 1.315, 3.57, 5.22, 5.965, 5.883, 5.234, 4.27, 3.2, 1.89, 0.1236, -2.13, -4.453, -6.27, -7.207, -7.355, -6.99, -6.34, -5.438, -4.164, -2.453, -0.541, 1.091, 1.826, 1.182, -0.7876, -3.482, -6.176, -8.32, -10.11, -12.59, -16.47, -21.19, -25.02, -25.73, -22.02, -13.66, -1.622, 11.695, 23.4, 31.42, 35.3, 35.75, 33.84, 30.88, 27.98, 25.64, 23.58, 21.31, 18.44, 15.21, 12.13, 9.64, 7.797, 6.508, 5.527, 4.617, 3.557, 2.035, -0.1103, -2.965, -6.332, -9.65, -12.33, -13.78, -13.73, -12.29, -9.73, -6.52, -2.998, 0.292, 2.986, 4.69, 5.11, 4.17, 1.961, -1.24, -5.19, -9.79, -14.586, -18.53, -19.98, -17.14, -9.79, 0.931, 12.164, 20.58, 23.72, 21.17, 14.12, 4.42, -5.586, -13.234, -16.62, -15.66, -12.14
-8.5, -6.004, -4.598, -3.242, -1.231, 1.317, 3.768, 5.406, 5.848, 5.22, 3.934, 2.61, 1.648, 0.8804, -0.2008, -2.027, -4.387, -6.543, -7.86, -8.17, -7.707, -6.793, -5.582, -3.982, -1.865, 0.4846, 2.303, 2.674, 1.102, -2.16, -6.105, -9.53, -11.484, -12.34, -13.41, -16.17, -20.44, -24.03, -24.3, -19.7, -10.34, 2.271, 15.53, 26.56, 33.6, 36.28, 35.4, 32.38, 28.67, 25.77, 24.12, 23.19, 21.98, 19.84, 16.9, 13.73, 10.85, 8.625, 7.055, 5.96, 5.12, 4.273, 3.135, 1.474, -0.858, -3.797, -6.94, -9.74, -11.57, -12.016, -10.96, -8.69, -5.64, -2.318, 0.785, 3.26, 4.734, 5.06, 4.14, 2.066, -0.978, -4.81, -9.34, -14.13, -18.17, -19.47, -16.02, -7.426, 4.457, 16.3, 24.53, 27.05, 23.8, 16.33, 6.42, -3.87, -11.99, -15.92, -15.4, -12.06
-8.43, -6.258, -5.043, -3.664, -1.339, 1.706, 4.496, 6.098, 6.008, 4.465, 2.203, 0.2142, -0.839, -0.992, -1.026, -1.925, -3.938, -6.34, -8.17, -8.91, -8.55, -7.42, -5.785, -3.566, -0.7495, 2.252, 4.31, 4.26, 1.542, -3.352, -8.97, -13.48, -15.555, -15.43, -14.88, -16.12, -19.47, -22.7, -22.55, -17.31, -7.21, 5.805, 18.83, 29.14, 35.03, 36.4, 34.28, 30.08, 25.8, 22.83, 21.72, 21.86, 21.84, 20.77, 18.42, 15.38, 12.3, 9.73, 7.785, 6.47, 5.54, 4.81, 3.969, 2.777, 0.983, -1.432, -4.246, -7.047, -9.19, -10.164, -9.71, -7.863, -5.043, -1.869, 1.139, 3.555, 5.04, 5.42, 4.52, 2.404, -0.7354, -4.633, -9.08, -13.586, -17.33, -18.25, -14.22, -4.72, 8.086, 20.23, 28.1, 29.78, 25.86, 18.12, 8.47, -1.559, -9.88, -14.37, -14.44, -11.62
-8.305, -6.656, -5.625, -4.023, -1.056, 2.693, 5.93, 7.434, 6.707, 4.074, 0.5444, -2.543, -4.07, -3.764, -2.56, -2.053, -3.191, -5.51, -7.863, -9.305, -9.4, -8.17, -5.918, -2.766, 1.1045, 4.95, 7.293, 6.79, 2.824, -3.867, -11.41, -17.36, -19.92, -19.0, -16.83, -16.27, -18.47, -21.16, -20.7, -14.89, -4.297, 8.8, 21.47, 30.97, 35.78, 35.88, 32.53, 27.44, 22.64, 19.6, 18.92, 19.83, 20.92, 20.98, 19.55, 16.95, 13.914, 11.06, 8.74, 7.062, 5.973, 5.27, 4.574, 3.713, 2.424, 0.5737, -1.777, -4.36, -6.656, -8.11, -8.31, -7.105, -4.73, -1.802, 1.155, 3.602, 5.207, 5.594, 4.555, 2.174, -1.305, -5.418, -9.74, -13.766, -16.66, -16.77, -12.05, -1.789, 11.56, 23.77, 31.0, 31.77, 27.11, 19.38, 10.4, 1.037, -7.152, -12.12, -12.914, -10.82
-8.164, -7.094, -6.188, -4.1, -0.2458, 4.426, 8.25, 9.73, 8.4, 4.727, -0.2335, -4.836, -7.426, -7.188, -4.91, -2.688, -2.332, -4.074, -6.773, -9.09, -9.93, -8.79, -5.832, -1.471, 3.713, 8.516, 11.195, 10.2, 5.09, -3.242, -12.695, -20.34, -23.81, -22.5, -18.9, -16.61, -17.48, -19.47, -18.67, -12.57, -1.7705, 11.27, 23.45, 32.1, 35.9, 34.94, 30.67, 24.88, 19.73, 16.66, 16.12, 17.44, 19.34, 20.38, 19.9, 18.1, 15.414, 12.59, 10.01, 7.96, 6.547, 5.64, 4.945, 4.26, 3.354, 2.01, 0.1968, -1.987, -4.184, -5.88, -6.633, -6.09, -4.383, -1.905, 0.8105, 3.178, 4.73, 4.965, 3.744, 1.149, -2.518, -6.777, -11.12, -14.74, -16.61, -15.52, -9.82, 1.055, 14.69, 26.62, 33.06, 32.88, 27.62, 20.05, 11.9, 3.596, -4.15, -9.41, -10.99, -9.836
-8.0, -7.453, -6.527, -3.746, 1.26, 7.035, 11.484, 13.02, 11.305, 6.773, 0.4365, -6.01, -10.34, -10.89, -7.977, -3.973, -1.631, -2.148, -4.84, -8.0, -9.81, -8.95, -5.332, 0.362, 6.906, 12.64, 15.54, 14.09, 8.13, -1.377, -12.42, -21.8, -26.4, -25.14, -20.62, -16.86, -16.44, -17.7, -16.62, -10.5, 0.2974, 13.11, 24.72, 32.6, 35.53, 33.78, 28.86, 22.73, 17.42, 14.23, 13.59, 14.914, 17.06, 18.8, 19.36, 18.5, 16.62, 14.164, 11.55, 9.234, 7.418, 6.15, 5.254, 4.543, 3.79, 2.799, 1.431, -0.287, -2.14, -3.758, -4.758, -4.766, -3.756, -1.927, 0.2489, 2.191, 3.373, 3.436, 2.297, 0.09827, -3.035, -7.12, -11.7, -15.5, -16.9, -14.695, -7.863, 3.559, 17.23, 28.77, 34.38, 33.3, 27.48, 20.05, 12.88, 5.84, -1.15, -6.62, -9.03, -8.86
-7.754, -7.504, -6.336, -2.695, 3.506, 10.32, 15.3, 16.88, 14.91, 9.734, 2.27, -5.934, -12.36, -14.42, -11.56, -6.027, -1.42, -0.0827, -2.115, -5.875, -8.76, -8.414, -4.27, 2.633, 10.375, 16.77, 19.64, 17.81, 11.37, 1.328, -10.51, -21.12, -26.9, -26.3, -21.42, -16.73, -15.22, -15.805, -14.62, -8.695, 1.798, 14.26, 25.38, 32.56, 34.84, 32.56, 27.28, 20.98, 15.64, 12.375, 11.43, 12.484, 14.484, 16.5, 17.77, 17.98, 17.1, 15.37, 13.14, 10.805, 8.695, 7.027, 5.76, 4.79, 3.914, 2.994, 1.864, 0.4976, -0.9565, -2.3, -3.242, -3.453, -2.89, -1.675, -0.1873, 1.0625, 1.737, 1.784, 1.328, 0.3914, -1.479, -4.973, -9.984, -14.73, -16.69, -14.086, -6.36, 5.54, 19.1, 30.03, 34.9, 33.06, 26.78, 19.45, 13.22, 7.496, 1.433, -4.023, -7.21, -7.97
-7.46, -7.15, -5.47, -0.9014, 6.34, 13.875, 19.03, 20.45, 18.05, 12.46, 4.418, -4.953, -13.26, -17.23, -15.195, -8.79, -2.057, 1.504, 0.712, -3.121, -6.77, -7.008, -2.639, 5.137, 13.67, 20.33, 22.9, 20.67, 14.12, 4.395, -7.22, -18.25, -25.06, -25.45, -20.97, -15.96, -13.74, -13.79, -12.61, -7.09, 2.816, 14.67, 25.2, 31.92, 33.8, 31.27, 25.77, 19.45, 14.08, 10.73, 9.6, 10.234, 11.8, 13.695, 15.31, 16.3, 16.45, 15.74, 14.28, 12.33, 10.266, 8.34, 6.723, 5.383, 4.203, 3.07, 1.859, 0.5527, -0.75, -1.889, -2.664, -2.805, -2.3, -1.328, -0.248, 0.525, 0.9194, 1.248, 1.809, 2.266, 1.585, -1.42, -6.797, -12.57, -15.57, -13.32, -5.28, 6.97, 20.27, 30.66, 34.84, 32.38, 25.64, 18.28, 12.74, 8.375, 3.518, -1.771, -5.668, -7.254
-7.1, -6.39, -3.975, 1.378, 9.234, 17.0, 22.02, 22.88, 19.88, 14.02, 6.094, -3.412, -12.836, -18.7, -18.16, -11.83, -3.719, 1.852, 2.62, -0.644, -4.527, -5.098, -0.638, 7.5, 16.3, 22.78, 24.89, 22.17, 15.76, 7.03, -3.209, -13.65, -20.98, -22.62, -19.3, -14.75, -12.234, -11.84, -10.64, -5.707, 3.377, 14.42, 24.31, 30.62, 32.3, 29.67, 24.1, 17.69, 12.32, 9.08, 7.812, 8.05, 9.11, 10.6, 12.18, 13.6, 14.625, 14.93, 14.45, 13.27, 11.69, 9.914, 8.15, 6.55, 5.06, 3.6, 2.092, 0.543, -0.9736, -2.316, -3.186, -3.32, -2.678, -1.516, -0.2471, 0.6855, 1.315, 2.09, 3.219, 4.062, 3.314, -0.0612, -5.582, -11.36, -14.57, -12.6, -4.547, 7.797, 20.8, 30.61, 34.2, 31.27, 24.08, 16.6, 11.48, 8.35, 4.836, 0.0838, -4.25, -6.613
-6.723, -5.48, -2.19, 3.723, 11.63, 19.12, 23.45, 23.5, 19.88, 13.99, 6.867, -1.637, -10.96, -18.11, -19.44, -14.336, -6.156, 0.4426, 2.484, 0.2166, -3.059, -3.346, 1.199, 9.27, 17.88, 23.81, 25.23, 22.02, 15.91, 8.55, 0.3926, -8.305, -15.45, -18.31, -16.77, -13.4, -11.12, -10.375, -9.03, -4.58, 3.516, 13.5, 22.61, 28.5, 30.03, 27.33, 21.64, 15.24, 10.05, 7.06, 5.945, 5.984, 6.625, 7.58, 8.82, 10.29, 11.71, 12.74, 13.24, 13.03, 12.21, 10.96, 9.52, 7.99, 6.4, 4.754, 3.035, 1.173, -0.7725, -2.66, -4.098, -4.69, -4.2, -2.78, -1.012, 0.579, 1.834, 2.883, 3.574, 3.068, 0.383, -4.43, -9.89, -14.164, -15.57, -12.55, -4.168, 8.09, 20.67, 29.83, 32.9, 29.39, 21.81, 14.16, 9.44, 7.336, 5.242, 1.434, -2.977, -5.984
-6.184, -4.547, -0.5728, 5.594, 13.0, 19.47, 22.66, 21.75, 17.58, 12.086, 6.414, -0.05557, -7.9, -15.17, -18.19, -15.266, -8.59, -2.408, 0.1704, -0.9214, -2.88, -2.303, 2.426, 10.12, 17.88, 22.88, 23.38, 19.69, 13.984, 8.195, 2.613, -3.568, -9.6, -13.2, -13.516, -11.93, -10.49, -9.65, -8.06, -3.947, 3.193, 11.98, 20.06, 25.27, 26.4, 23.48, 17.81, 11.695, 7.06, 4.63, 3.844, 3.877, 4.21, 4.727, 5.54, 6.684, 8.04, 9.4, 10.445, 10.98, 11.02, 10.55, 9.71, 8.625, 7.293, 5.85, 4.22, 2.293, 0.10333, -2.246, -4.375, -5.75, -5.918, -4.816, -2.863, -0.745, 0.963, 1.818, 1.257, -1.588, -7.02, -13.65, -18.86, -20.67, -18.89, -13.445, -4.188, 7.875, 19.75, 27.92, 30.08, 25.94, 18.16, 10.766, 6.664, 5.52, 4.7, 2.14, -1.802, -5.145
-5.04, -3.424, 0.652, 6.29, 12.35, 17.05, 18.67, 16.84, 12.75, 8.28, 4.484, 0.637, -4.613, -10.45, -14.09, -13.47, -9.46, -5.004, -2.695, -2.77, -3.268, -1.751, 2.846, 9.38, 15.53, 18.92, 18.42, 14.66, 9.81, 5.777, 2.684, -0.7227, -4.77, -8.1, -9.63, -9.65, -9.26, -8.69, -7.113, -3.479, 2.486, 9.69, 16.14, 20.03, 20.34, 17.22, 12.055, 6.984, 3.506, 1.895, 1.544, 1.657, 1.835, 2.062, 2.51, 3.2, 4.184, 5.355, 6.44, 7.273, 7.8, 7.938, 7.715, 7.19, 6.418, 5.465, 4.273, 2.764, 0.904, -1.326, -3.629, -5.516, -6.44, -6.082, -4.617, -2.719, -1.141, -0.7666, -2.408, -6.793, -13.74, -21.19, -25.88, -25.84, -21.5, -14.016, -4.07, 7.215, 17.39, 23.7, 24.34, 19.7, 12.55, 6.484, 3.49, 3.11, 3.184, 1.887, -0.982, -3.906
-3.498, -2.31, 0.668, 4.58, 8.266, 10.6, 10.79, 8.875, 5.953, 3.283, 1.481, -0.083, -2.533, -5.81, -8.51, -9.05, -7.477, -5.234, -3.828, -3.447, -3.082, -1.48, 1.86, 6.1, 9.65, 11.07, 9.96, 7.086, 3.982, 1.908, 0.752, -0.4644, -2.31, -4.324, -5.77, -6.453, -6.69, -6.516, -5.434, -2.896, 1.083, 5.703, 9.59, 11.59, 11.04, 8.45, 4.906, 1.825, -0.0654, -0.7876, -0.8213, -0.6787, -0.559, -0.4712, -0.2983, 0.0353, 0.5312, 1.223, 1.944, 2.59, 3.072, 3.393, 3.518, 3.416, 3.145, 2.723, 2.104, 1.271, 0.2009, -1.183, -2.768, -4.27, -5.266, -5.438, -4.785, -3.695, -2.762, -2.762, -4.34, -8.05, -13.61, -19.45, -23.0, -22.48, -18.2, -11.44, -3.217, 5.098, 11.86, 15.234, 14.45, 10.51, 5.598, 1.965, 0.437, 0.514, 0.904, 0.529, -0.919, -2.713
-2.525, -2.1, -1.08, 0.1744, 1.2295, 1.705, 1.465, 0.6733, -0.3052, -1.082, -1.484, -1.776, -2.357, -3.28, -4.16, -4.527, -4.246, -3.668, -3.223, -2.986, -2.75, -2.137, -0.989, 0.2834, 1.232, 1.399, 0.8135, -0.215, -1.141, -1.671, -1.896, -2.047, -2.492, -3.057, -3.566, -3.936, -4.133, -4.098, -3.756, -2.887, -1.552, -0.1675, 0.9346, 1.307, 0.8896, -0.1294, -1.302, -2.242, -2.697, -2.818, -2.783, -2.732, -2.654, -2.598, -2.562, -2.467, -2.312, -2.086, -1.832, -1.598, -1.402, -1.238, -1.149, -1.163, -1.196, -1.275, -1.448, -1.701, -1.989, -2.408, -2.914, -3.414, -3.812, -3.947, -3.822, -3.541, -3.277, -3.316, -3.934, -5.266, -7.31, -9.45, -10.71, -10.38, -8.414, -5.57, -2.268, 0.7285, 2.805, 3.496, 2.865, 1.301, -0.2952, -1.374, -1.7295, -1.591, -1.368, -1.396, -1.768, -2.29
