-4.668, -4.54, -4.465, -4.64, -5.12, -5.81, -6.367, -6.742, -6.926, -6.883, -6.547, -5.996, -5.324, -4.793, -4.426, -4.277, -4.28, -4.28, -4.316, -4.516, -4.84, -5.227, -5.484, -5.7, -5.84, -5.953, -6.098, -6.273, -6.457, -6.46, -6.242, -5.754, -5.082, -4.484, -4.13, -3.986, -3.988, -3.945, -4.03, -4.23, -4.477, -4.71, -5.047, -5.465, -5.984, -6.477, -6.82, -6.984, -6.984, -6.72, -6.336, -6.07, -6.07, -6.336, -6.793, -7.395, -7.902, -8.305, -8.41, -8.21, -7.695, -6.863, -5.953, -5.145, -4.61, -4.227, -3.922, -3.76, -3.61, -3.633, -3.787, -4.035, -4.316, -4.637, -4.934, -5.16, -5.363, -5.566, -5.684, -5.777, -5.82, -5.9, -5.832, -5.703, -5.633, -5.473, -5.324, -5.375, -5.465, -5.707, -5.953, -6.21, -6.336, -6.41, -6.465, -6.438, -6.22, -5.76, -5.195, -4.8
-0.293, 0.271, 0.3103, -0.662, -2.54, -4.703, -6.445, -7.574, -8.17, -8.14, -7.35, -5.656, -3.398, -1.165, 0.4507, 1.29, 1.648, 1.718, 1.346, 0.4302, -0.903, -2.348, -3.562, -4.445, -5.008, -5.38, -5.84, -6.426, -6.965, -7.2, -6.633, -5.086, -2.854, -0.6714, 0.9517, 1.711, 1.94, 1.853, 1.36, 0.537, -0.511, -1.74, -3.086, -4.633, -6.273, -7.69, -8.61, -8.88, -8.46, -7.418, -6.125, -5.19, -5.13, -5.973, -7.473, -9.18, -10.75, -11.945, -12.5, -12.195, -10.9, -8.64, -5.816, -3.025, -0.75, 0.7954, 1.8955, 2.547, 2.902, 2.812, 2.32, 1.506, 0.526, -0.4954, -1.479, -2.234, -2.863, -3.342, -3.627, -3.883, -3.93, -3.887, -3.637, -3.24, -2.727, -2.303, -2.041, -2.191, -2.787, -3.695, -4.586, -5.25, -5.484, -5.54, -5.617, -5.668, -5.184, -3.969, -2.375, -1.072
5.008, 5.9, 5.45, 3.203, -0.3154, -3.902, -6.55, -8.1, -9.0, -9.266, -8.47, -6.082, -2.29, 1.973, 5.605, 7.91, 8.984, 9.05, 8.055, 6.03, 3.295, 0.4192, -1.993, -3.598, -4.47, -4.914, -5.38, -6.137, -7.17, -7.895, -7.473, -5.3, -1.52, 2.82, 6.4, 8.49, 9.25, 8.9, 7.664, 5.805, 3.463, 0.8916, -1.827, -4.645, -7.242, -9.234, -10.22, -10.12, -8.83, -6.7, -4.33, -2.783, -2.717, -4.176, -6.52, -9.17, -11.65, -13.68, -15.04, -15.34, -14.14, -11.25, -6.965, -2.143, 2.268, 5.73, 8.16, 9.58, 10.26, 10.13, 9.27, 7.918, 6.17, 4.414, 2.766, 1.436, 0.428, -0.2502, -0.7104, -1.044, -1.0, -0.739, -0.2622, 0.3547, 0.991, 1.355, 1.289, 0.63, -0.675, -2.297, -3.666, -4.285, -4.215, -3.795, -3.533, -3.482, -2.977, -1.385, 1.036, 3.344
9.53, 10.35, 9.06, 5.703, 1.097, -3.172, -5.934, -7.414, -8.336, -8.984, -8.695, -6.543, -2.164, 3.525, 9.086, 13.17, 15.34, 15.56, 14.01, 10.85, 6.926, 2.846, -0.6123, -2.746, -3.598, -3.795, -3.975, -4.69, -5.996, -7.344, -7.633, -5.71, -1.307, 4.58, 10.14, 13.92, 15.52, 15.164, 13.24, 10.29, 6.695, 2.812, -1.188, -5.027, -8.22, -10.18, -10.62, -9.61, -7.297, -4.188, -1.176, 0.506, 0.1869, -1.896, -4.887, -7.984, -10.76, -13.06, -14.875, -15.87, -15.49, -13.18, -8.77, -2.967, 3.123, 8.44, 12.39, 14.81, 15.945, 16.06, 15.15, 13.47, 11.32, 9.04, 6.895, 5.17, 3.834, 2.977, 2.336, 2.197, 2.281, 2.588, 3.088, 3.654, 4.074, 4.11, 3.49, 2.236, 0.332, -1.68, -3.055, -3.281, -2.469, -1.206, -0.2444, 0.1284, 0.594, 2.055, 4.645, 7.438
12.305, 12.71, 10.83, 6.816, 1.902, -2.26, -4.7, -5.816, -6.61, -7.49, -7.87, -6.484, -2.652, 3.309, 9.93, 15.61, 19.06, 19.9, 18.3, 14.6, 9.94, 5.03, 0.9424, -1.454, -2.188, -2.043, -1.909, -2.514, -3.89, -5.676, -6.758, -5.67, -1.658, 4.562, 11.34, 16.72, 19.48, 19.56, 17.45, 13.78, 9.25, 4.332, -0.7285, -5.332, -8.836, -10.54, -10.38, -8.51, -5.414, -1.76, 1.2705, 2.57, 1.7, -0.87, -4.164, -7.363, -9.99, -11.97, -13.57, -14.695, -14.945, -13.62, -10.12, -4.668, 1.814, 8.21, 13.484, 17.11, 19.11, 19.77, 19.22, 17.81, 15.73, 13.3, 10.945, 8.836, 7.184, 6.094, 5.47, 5.227, 5.28, 5.49, 5.76, 5.953, 5.984, 5.516, 4.504, 2.848, 0.7, -1.466, -2.76, -2.574, -1.1, 0.9707, 2.707, 3.703, 4.34, 5.54, 7.69, 10.26
13.055, 13.15, 10.95, 6.89, 2.213, -1.495, -3.523, -4.32, -4.934, -5.8, -6.496, -5.906, -3.11, 1.973, 8.49, 14.89, 19.52, 21.31, 20.16, 16.7, 11.93, 6.867, 2.52, -0.00852, -0.6826, -0.3855, -0.10516, -0.532, -1.804, -3.66, -5.17, -4.97, -2.027, 3.45, 10.234, 16.44, 20.42, 21.3, 19.48, 15.71, 10.75, 5.246, -0.417, -5.625, -9.305, -10.875, -10.42, -8.25, -4.953, -1.395, 1.365, 2.328, 1.315, -1.176, -4.324, -7.4, -9.84, -11.51, -12.57, -13.375, -13.664, -12.95, -10.516, -6.227, -0.5303, 5.88, 11.734, 16.28, 19.27, 20.81, 21.12, 20.39, 18.88, 16.8, 14.54, 12.32, 10.55, 9.22, 8.516, 8.2, 7.984, 7.88, 7.703, 7.33, 6.86, 6.03, 4.72, 2.895, 0.6147, -1.609, -2.867, -2.584, -0.8804, 1.641, 4.03, 5.684, 6.715, 7.785, 9.4, 11.44
12.305, 12.19, 10.04, 6.324, 2.22, -0.9463, -2.584, -3.252, -3.729, -4.453, -5.16, -5.02, -3.25, 0.5444, 5.99, 11.97, 17.05, 19.7, 19.48, 16.9, 12.72, 7.934, 3.695, 1.202, 0.5215, 0.7944, 1.051, 0.7373, -0.2441, -1.754, -3.207, -3.57, -1.818, 2.277, 8.02, 14.055, 18.52, 20.23, 19.17, 15.92, 11.07, 5.297, -0.63, -6.016, -9.79, -11.46, -11.19, -9.27, -6.35, -3.182, -0.617, 0.561, 0.1172, -1.7295, -4.49, -7.477, -9.914, -11.4, -12.19, -12.57, -12.6, -11.984, -10.28, -7.105, -2.582, 2.895, 8.5, 13.38, 17.1, 19.53, 20.88, 21.14, 20.55, 19.14, 17.34, 15.35, 13.58, 12.31, 11.55, 11.016, 10.555, 9.89, 9.11, 8.09, 7.1, 6.01, 4.527, 2.572, 0.2161, -2.03, -3.338, -3.186, -1.599, 0.8667, 3.496, 5.64, 7.137, 8.29, 9.53, 11.055
10.805, 10.62, 8.71, 5.504, 2.07, -0.4985, -1.888, -2.541, -2.975, -3.475, -3.967, -3.98, -2.924, -0.3416, 3.723, 8.64, 13.36, 16.5, 17.27, 15.72, 12.48, 8.305, 4.453, 2.121, 1.383, 1.479, 1.601, 1.375, 0.7715, -0.1403, -1.142, -1.637, -0.812, 1.826, 6.074, 10.99, 15.21, 17.5, 17.27, 14.695, 10.28, 4.617, -1.297, -6.633, -10.375, -12.22, -12.3, -10.94, -8.65, -5.863, -3.197, -1.363, -0.925, -2.023, -4.402, -7.344, -9.78, -11.33, -12.14, -12.375, -12.11, -11.36, -9.89, -7.38, -3.85, 0.6157, 5.43, 10.14, 14.12, 17.27, 19.5, 20.81, 21.17, 20.58, 19.33, 17.72, 16.3, 15.06, 14.266, 13.66, 12.87, 11.73, 10.22, 8.586, 7.113, 5.742, 4.15, 2.064, -0.3477, -2.627, -3.99, -3.94, -2.59, -0.399, 2.127, 4.44, 6.23, 7.453, 8.52, 9.79
9.21, 9.086, 7.426, 4.734, 1.948, -0.1222, -1.3125, -1.99, -2.447, -2.746, -2.879, -2.783, -2.15, -0.4927, 2.354, 6.074, 10.07, 13.19, 14.625, 13.98, 11.555, 8.14, 4.875, 2.79, 2.002, 1.896, 1.807, 1.578, 1.293, 1.006, 0.6904, 0.4744, 0.817, 2.316, 5.055, 8.7, 12.18, 14.48, 14.72, 12.766, 8.71, 3.35, -2.303, -7.383, -10.97, -12.93, -13.38, -12.5, -10.664, -8.086, -5.19, -2.668, -1.468, -2.08, -4.27, -7.137, -9.56, -11.164, -12.1, -12.45, -12.19, -11.34, -9.8, -7.562, -4.62, -0.8887, 3.256, 7.508, 11.57, 15.1, 17.94, 20.0, 21.16, 21.3, 20.66, 19.52, 18.39, 17.4, 16.67, 15.875, 14.82, 13.164, 11.09, 8.875, 6.992, 5.363, 3.656, 1.442, -1.031, -3.287, -4.586, -4.53, -3.266, -1.241, 1.1455, 3.361, 5.066, 6.227, 7.184, 8.26
7.773, 7.723, 6.332, 4.082, 1.862, 0.1814, -0.9336, -1.695, -2.148, -2.242, -2.014, -1.639, -1.035, 0.06866, 1.962, 4.652, 7.754, 10.555, 12.21, 12.125, 10.38, 7.66, 5.01, 3.25, 2.457, 2.123, 1.755, 1.366, 1.243, 1.478, 1.89, 2.258, 2.664, 3.57, 5.227, 7.605, 10.18, 12.016, 12.26, 10.49, 6.703, 1.65, -3.572, -8.195, -11.65, -13.69, -14.266, -13.58, -11.86, -9.336, -6.207, -3.258, -1.717, -2.182, -4.3, -7.02, -9.25, -10.84, -11.95, -12.6, -12.56, -11.836, -10.336, -8.14, -5.37, -1.966, 1.786, 5.773, 9.74, 13.48, 16.77, 19.3, 20.97, 21.62, 21.42, 20.78, 20.0, 19.23, 18.58, 17.72, 16.36, 14.35, 11.74, 9.08, 6.9, 5.055, 3.117, 0.8057, -1.733, -3.914, -5.047, -4.832, -3.453, -1.365, 0.9707, 2.982, 4.39, 5.26, 5.953, 6.906
6.61, 6.59, 5.445, 3.611, 1.828, 0.396, -0.72, -1.579, -2.08, -2.012, -1.461, -0.7266, 0.0782, 0.978, 2.275, 4.145, 6.406, 8.66, 10.18, 10.305, 9.03, 6.95, 4.906, 3.523, 2.754, 2.164, 1.467, 0.835, 0.6772, 1.194, 2.207, 3.303, 4.176, 5.02, 6.125, 7.58, 9.22, 10.34, 10.21, 8.33, 4.617, -0.12164, -4.938, -9.12, -12.336, -14.35, -14.95, -14.29, -12.52, -9.87, -6.652, -3.627, -2.107, -2.598, -4.543, -6.902, -8.89, -10.43, -11.72, -12.66, -12.95, -12.48, -11.21, -9.164, -6.418, -3.082, 0.54, 4.535, 8.516, 12.38, 15.89, 18.67, 20.75, 21.77, 21.94, 21.72, 21.28, 20.75, 20.08, 19.17, 17.61, 15.2, 12.13, 9.164, 6.75, 4.734, 2.621, 0.1935, -2.383, -4.496, -5.438, -4.977, -3.295, -1.001, 1.342, 3.17, 4.223, 4.72, 5.113, 5.855
5.703, 5.72, 4.816, 3.32, 1.816, 0.5137, -0.663, -1.642, -2.215, -2.06, -1.2705, -0.145, 1.009, 1.998, 2.996, 4.258, 5.79, 7.414, 8.52, 8.63, 7.69, 6.18, 4.723, 3.658, 2.86, 2.016, 0.96, 0.02658, -0.273, 0.3347, 1.722, 3.44, 5.004, 6.207, 7.2, 8.16, 9.03, 9.4, 8.63, 6.363, 2.648, -1.869, -6.242, -10.01, -13.016, -14.94, -15.51, -14.81, -12.94, -10.17, -6.938, -4.08, -2.78, -3.236, -4.867, -6.78, -8.44, -9.945, -11.38, -12.59, -13.266, -13.125, -12.164, -10.34, -7.77, -4.426, -0.7104, 3.328, 7.46, 11.41, 15.125, 18.3, 20.53, 21.86, 22.4, 22.47, 22.3, 21.92, 21.33, 20.31, 18.4, 15.68, 12.33, 9.17, 6.633, 4.402, 2.15, -0.4463, -3.088, -5.094, -5.785, -5.062, -3.12, -0.596, 1.814, 3.514, 4.254, 4.4, 4.543, 5.082
5.06, 5.15, 4.438, 3.201, 1.856, 0.5137, -0.787, -1.882, -2.504, -2.352, -1.41, 0.01573, 1.576, 2.848, 3.818, 4.69, 5.656, 6.61, 7.254, 7.258, 6.574, 5.523, 4.496, 3.666, 2.797, 1.664, 0.3154, -0.8706, -1.349, -0.8003, 0.69, 2.766, 4.9, 6.664, 7.98, 8.766, 9.15, 8.86, 7.45, 4.742, 0.9043, -3.38, -7.402, -10.805, -13.55, -15.35, -15.875, -15.1, -13.15, -10.36, -7.242, -4.684, -3.555, -3.924, -5.137, -6.54, -7.934, -9.42, -11.016, -12.47, -13.414, -13.6, -13.0, -11.5, -9.09, -5.875, -2.135, 1.993, 6.316, 10.516, 14.46, 17.92, 20.45, 22.1, 22.88, 23.19, 23.17, 22.89, 22.23, 21.0, 18.98, 15.87, 12.266, 9.05, 6.465, 4.15, 1.711, -1.072, -3.72, -5.633, -6.184, -5.21, -3.03, -0.3171, 2.164, 3.727, 4.2, 4.082, 4.062, 4.48
4.598, 4.8, 4.246, 3.174, 1.85, 0.412, -1.035, -2.223, -2.861, -2.732, -1.774, -0.2046, 1.646, 3.266, 4.438, 5.195, 5.74, 6.17, 6.355, 6.19, 5.68, 5.004, 4.324, 3.574, 2.562, 1.164, -0.3909, -1.697, -2.275, -1.907, -0.5815, 1.4795, 3.88, 6.156, 7.91, 8.91, 9.125, 8.39, 6.477, 3.428, -0.4248, -4.51, -8.29, -11.51, -14.055, -15.625, -15.96, -15.08, -13.08, -10.35, -7.44, -5.176, -4.184, -4.344, -5.098, -6.094, -7.32, -8.836, -10.625, -12.305, -13.5, -14.0, -13.69, -12.54, -10.445, -7.52, -3.719, 0.4878, 4.94, 9.44, 13.734, 17.48, 20.39, 22.39, 23.47, 23.95, 24.11, 23.83, 23.06, 21.58, 19.23, 15.99, 12.2, 8.914, 6.297, 3.852, 1.237, -1.659, -4.33, -6.164, -6.598, -5.457, -3.074, -0.2502, 2.303, 3.78, 4.023, 3.709, 3.582, 4.0
4.258, 4.59, 4.176, 3.137, 1.746, 0.179, -1.387, -2.598, -3.21, -3.086, -2.21, -0.6753, 1.277, 3.193, 4.645, 5.5, 5.87, 5.94, 5.76, 5.445, 5.055, 4.645, 4.164, 3.41, 2.2, 0.556, -1.141, -2.434, -3.0, -2.771, -1.742, 0.02675, 2.322, 4.81, 6.934, 8.266, 8.62, 7.727, 5.54, 2.338, -1.449, -5.324, -8.91, -12.055, -14.43, -15.8, -15.9, -14.76, -12.67, -10.04, -7.31, -5.277, -4.387, -4.3, -4.703, -5.445, -6.61, -8.28, -10.234, -12.086, -13.49, -14.28, -14.266, -13.39, -11.63, -8.96, -5.375, -1.225, 3.32, 8.0, 12.63, 16.78, 20.11, 22.58, 24.05, 24.8, 25.05, 24.77, 23.78, 22.08, 19.42, 15.95, 12.07, 8.81, 6.105, 3.49, 0.6963, -2.297, -4.984, -6.742, -7.05, -5.746, -3.203, -0.1992, 2.402, 3.766, 3.816, 3.291, 3.094, 3.559
4.043, 4.51, 4.164, 3.064, 1.523, -0.1823, -1.816, -2.979, -3.48, -3.314, -2.578, -1.221, 0.6562, 2.676, 4.414, 5.5, 5.89, 5.777, 5.42, 5.01, 4.688, 4.41, 3.967, 3.102, 1.678, -0.11536, -1.842, -3.033, -3.5, -3.318, -2.57, -1.23, 0.6772, 3.0, 5.273, 6.95, 7.582, 6.785, 4.6, 1.444, -2.213, -5.895, -9.34, -12.45, -14.71, -15.81, -15.58, -14.18, -11.88, -9.22, -6.7, -4.906, -4.035, -3.832, -3.967, -4.582, -5.85, -7.668, -9.77, -11.79, -13.414, -14.414, -14.66, -14.08, -12.664, -10.336, -7.15, -3.113, 1.3955, 6.223, 11.14, 15.75, 19.56, 22.52, 24.5, 25.52, 25.97, 25.66, 24.53, 22.45, 19.5, 15.78, 11.87, 8.59, 5.81, 3.047, 0.07135, -2.986, -5.676, -7.34, -7.543, -6.035, -3.293, -0.077, 2.61, 3.861, 3.666, 2.93, 2.658, 3.197
3.912, 4.48, 4.145, 2.97, 1.229, -0.657, -2.312, -3.328, -3.625, -3.424, -2.79, -1.683, -0.03705, 1.959, 3.852, 5.2, 5.742, 5.69, 5.25, 4.805, 4.5, 4.234, 3.713, 2.672, 1.053, -0.8276, -2.475, -3.47, -3.752, -3.568, -3.06, -2.133, -0.702, 1.251, 3.426, 5.293, 6.195, 5.656, 3.656, 0.6733, -2.74, -6.23, -9.59, -12.65, -14.85, -15.664, -15.03, -13.195, -10.71, -7.996, -5.652, -4.055, -3.254, -2.889, -2.943, -3.574, -4.945, -6.99, -9.25, -11.4, -13.195, -14.42, -14.88, -14.58, -13.48, -11.56, -8.78, -5.125, -0.669, 4.12, 9.24, 14.2, 18.5, 22.0, 24.53, 26.06, 26.66, 26.36, 25.05, 22.69, 19.44, 15.516, 11.664, 8.38, 5.516, 2.557, -0.565, -3.71, -6.36, -8.0, -8.01, -6.215, -3.201, 0.2136, 2.998, 4.094, 3.598, 2.66, 2.33, 2.924
3.84, 4.492, 4.13, 2.842, 0.912, -1.134, -2.736, -3.562, -3.64, -3.355, -2.84, -2.014, -0.676, 1.163, 3.121, 4.707, 5.496, 5.56, 5.203, 4.754, 4.418, 4.066, 3.38, 2.14, 0.3862, -1.5, -2.973, -3.688, -3.758, -3.547, -3.238, -2.727, -1.764, -0.2231, 1.725, 3.645, 4.805, 4.566, 2.832, 0.08905, -3.107, -6.406, -9.71, -12.77, -14.85, -15.32, -14.25, -12.06, -9.24, -6.516, -4.336, -2.95, -2.127, -1.729, -1.751, -2.459, -4.023, -6.23, -8.66, -10.92, -12.84, -14.22, -14.92, -14.9, -14.164, -12.664, -10.39, -7.113, -2.906, 1.848, 6.94, 12.164, 16.95, 20.9, 24.06, 26.08, 26.94, 26.75, 25.34, 22.77, 19.28, 15.35, 11.51, 8.23, 5.246, 2.13, -1.195, -4.395, -7.06, -8.62, -8.42, -6.324, -2.994, 0.66, 3.447, 4.344, 3.656, 2.555, 2.164, 2.78
3.85, 4.53, 4.156, 2.719, 0.635, -1.515, -3.023, -3.576, -3.414, -3.043, -2.691, -2.174, -1.188, 0.3853, 2.303, 4.066, 5.18, 5.473, 5.223, 4.785, 4.37, 3.848, 2.959, 1.524, -0.3152, -2.123, -3.336, -3.71, -3.537, -3.291, -3.193, -3.107, -2.627, -1.514, 0.2053, 2.086, 3.424, 3.514, 2.08, -0.4253, -3.416, -6.605, -9.82, -12.805, -14.71, -14.85, -13.38, -10.65, -7.684, -4.96, -2.928, -1.68, -0.8403, -0.3904, -0.471, -1.328, -3.135, -5.508, -8.02, -10.34, -12.36, -13.91, -14.836, -15.09, -14.72, -13.67, -11.83, -9.07, -5.2, -0.6284, 4.43, 9.73, 14.78, 19.23, 22.9, 25.42, 26.67, 26.7, 25.34, 22.72, 19.16, 15.24, 11.55, 8.25, 5.086, 1.728, -1.766, -5.066, -7.727, -9.13, -8.72, -6.316, -2.652, 1.189, 3.953, 4.715, 3.846, 2.637, 2.18, 2.762
3.9, 4.574, 4.17, 2.615, 0.3694, -1.814, -3.15, -3.371, -2.938, -2.498, -2.334, -2.209, -1.639, -0.3477, 1.512, 3.44, 4.82, 5.406, 5.29, 4.85, 4.29, 3.557, 2.432, 0.834, -1.037, -2.686, -3.55, -3.508, -3.049, -2.773, -2.936, -3.32, -3.377, -2.707, -1.285, 0.4978, 1.957, 2.32, 1.216, -1.039, -3.832, -6.87, -10.04, -12.92, -14.55, -14.25, -12.336, -9.3, -6.066, -3.344, -1.462, -0.2445, 0.5957, 0.9854, 0.7495, -0.331, -2.348, -4.832, -7.387, -9.72, -11.78, -13.47, -14.625, -15.164, -15.19, -14.58, -13.19, -10.88, -7.473, -3.156, 1.766, 6.98, 12.25, 17.02, 21.2, 24.11, 25.83, 26.16, 25.03, 22.47, 19.05, 15.26, 11.625, 8.266, 4.906, 1.344, -2.316, -5.69, -8.32, -9.586, -8.81, -6.05, -2.129, 1.828, 4.527, 5.133, 4.19, 2.893, 2.36, 2.863
4.03, 4.637, 4.15, 2.498, 0.1375, -2.002, -3.07, -2.916, -2.191, -1.701, -1.791, -2.086, -1.978, -1.019, 0.74, 2.793, 4.438, 5.293, 5.34, 4.895, 4.152, 3.17, 1.812, 0.07227, -1.794, -3.197, -3.594, -3.053, -2.268, -1.981, -2.438, -3.31, -3.965, -3.84, -2.803, -1.21, 0.2961, 0.9136, 0.1293, -1.854, -4.473, -7.36, -10.45, -13.16, -14.4, -13.625, -11.19, -7.84, -4.496, -1.791, 0.03467, 1.276, 2.033, 2.258, 1.739, 0.4287, -1.683, -4.168, -6.69, -8.99, -11.055, -12.875, -14.27, -15.15, -15.48, -15.27, -14.4, -12.555, -9.55, -5.64, -0.9907, 4.1, 9.34, 14.375, 18.83, 22.2, 24.44, 25.22, 24.34, 22.05, 18.83, 15.234, 11.695, 8.28, 4.703, 0.894, -2.93, -6.332, -8.88, -9.9, -8.76, -5.645, -1.411, 2.602, 5.2, 5.668, 4.656, 3.273, 2.664, 3.086
4.145, 4.668, 4.094, 2.363, -0.04514, -2.066, -2.79, -2.215, -1.176, -0.65, -0.9873, -1.757, -2.174, -1.625, -0.06866, 2.043, 3.941, 5.08, 5.324, 4.88, 3.953, 2.7, 1.127, -0.742, -2.557, -3.611, -3.441, -2.346, -1.236, -0.96, -1.729, -3.096, -4.344, -4.81, -4.246, -2.912, -1.444, -0.687, -1.205, -2.936, -5.37, -8.13, -11.055, -13.48, -14.234, -13.055, -10.13, -6.523, -2.994, -0.3005, 1.512, 2.693, 3.334, 3.305, 2.492, 0.9893, -1.089, -3.473, -5.87, -8.11, -10.195, -12.125, -13.79, -14.94, -15.6, -15.805, -15.38, -14.08, -11.61, -8.055, -3.734, 1.152, 6.207, 11.35, 16.0, 19.86, 22.58, 23.73, 23.28, 21.39, 18.5, 15.16, 11.7, 8.18, 4.406, 0.368, -3.545, -6.945, -9.38, -10.07, -8.484, -4.94, -0.5293, 3.473, 5.906, 6.32, 5.22, 3.781, 3.04, 3.316
4.164, 4.574, 3.965, 2.174, -0.1852, -1.974, -2.32, -1.299, 0.05682, 0.639, 0.0541, -1.189, -2.178, -2.123, -0.862, 1.208, 3.3, 4.74, 5.223, 4.785, 3.701, 2.201, 0.3894, -1.585, -3.252, -3.842, -3.053, -1.42, -0.03357, 0.2147, -0.8696, -2.668, -4.43, -5.457, -5.402, -4.438, -3.166, -2.424, -2.781, -4.25, -6.473, -9.055, -11.74, -13.766, -14.07, -12.4, -9.12, -5.227, -1.631, 1.098, 2.883, 3.955, 4.375, 3.99, 2.924, 1.377, -0.5503, -2.701, -4.914, -7.113, -9.26, -11.29, -13.12, -14.54, -15.46, -16.02, -16.05, -15.25, -13.34, -10.27, -6.285, -1.708, 3.213, 8.24, 13.016, 17.16, 20.2, 21.75, 21.81, 20.47, 18.03, 14.984, 11.586, 7.95, 3.984, -0.2068, -4.18, -7.547, -9.79, -10.06, -7.98, -4.047, 0.4814, 4.42, 6.758, 7.06, 5.895, 4.336, 3.406, 3.486
4.02, 4.36, 3.701, 1.916, -0.3171, -1.797, -1.725, -0.301, 1.336, 1.985, 1.22, -0.3987, -1.924, -2.438, -1.581, 0.3198, 2.498, 4.22, 4.94, 4.594, 3.398, 1.677, -0.3257, -2.355, -3.775, -3.852, -2.46, -0.366, 1.22, 1.373, 0.03014, -2.107, -4.242, -5.742, -6.18, -5.688, -4.773, -4.176, -4.457, -5.703, -7.668, -10.03, -12.41, -13.98, -13.83, -11.76, -8.17, -4.11, -0.4602, 2.244, 4.023, 4.953, 5.07, 4.465, 3.236, 1.733, 0.01845, -1.8545, -3.86, -6.01, -8.24, -10.39, -12.35, -13.94, -15.07, -15.88, -16.3, -15.99, -14.66, -12.18, -8.7, -4.395, 0.2986, 5.152, 10.06, 14.44, 17.62, 19.56, 20.08, 19.3, 17.4, 14.664, 11.35, 7.633, 3.56, -0.799, -4.824, -8.15, -10.1, -9.94, -7.344, -3.084, 1.545, 5.383, 7.61, 7.793, 6.55, 4.812, 3.63, 3.482
3.635, 3.932, 3.283, 1.558, -0.4673, -1.604, -1.117, 0.6636, 2.51, 3.217, 2.334, 0.4888, -1.433, -2.488, -2.146, -0.574, 1.558, 3.457, 4.363, 4.15, 2.934, 1.097, -1.031, -3.023, -4.105, -3.643, -1.732, 0.6724, 2.328, 2.35, 0.8516, -1.471, -3.877, -5.695, -6.633, -6.652, -6.176, -5.83, -6.11, -7.176, -8.89, -11.0, -13.0, -14.07, -13.445, -10.97, -7.066, -2.893, 0.7534, 3.385, 5.047, 5.742, 5.535, 4.69, 3.457, 2.078, 0.6533, -0.8994, -2.734, -4.83, -7.12, -9.36, -11.42, -13.15, -14.516, -15.5, -16.14, -16.23, -15.49, -13.66, -10.805, -6.973, -2.37, 2.416, 7.285, 11.586, 15.03, 17.25, 18.17, 17.94, 16.55, 14.17, 10.984, 7.195, 2.938, -1.514, -5.543, -8.73, -10.39, -9.68, -6.574, -2.01, 2.64, 6.34, 8.42, 8.5, 7.16, 5.2, 3.678, 3.24
2.943, 3.17, 2.545, 0.999, -0.714, -1.444, -0.539, 1.526, 3.516, 4.215, 3.297, 1.385, -0.75, -2.246, -2.453, -1.355, 0.5225, 2.412, 3.479, 3.412, 2.258, 0.3838, -1.774, -3.598, -4.25, -3.24, -0.9644, 1.581, 3.174, 3.078, 1.489, -0.861, -3.303, -5.367, -6.69, -7.234, -7.26, -7.242, -7.605, -8.55, -10.09, -11.94, -13.52, -14.03, -12.875, -9.914, -5.74, -1.471, 2.146, 4.637, 6.062, 6.383, 5.887, 4.883, 3.658, 2.506, 1.356, 0.03027, -1.607, -3.611, -5.89, -8.164, -10.266, -12.13, -13.71, -14.914, -15.75, -16.12, -15.86, -14.7, -12.445, -9.1, -4.848, -0.1876, 4.562, 8.92, 12.41, 14.83, 16.2, 16.4, 15.484, 13.43, 10.42, 6.547, 2.125, -2.404, -6.39, -9.336, -10.49, -9.2, -5.594, -0.877, 3.717, 7.223, 9.12, 9.08, 7.63, 5.42, 3.525, 2.738
1.932, 2.06, 1.495, 0.1957, -1.101, -1.356, -0.0579, 2.236, 4.273, 4.938, 4.043, 2.21, 0.0668, -1.717, -2.46, -1.92, -0.449, 1.239, 2.344, 2.387, 1.3125, -0.4993, -2.564, -4.086, -4.215, -2.725, -0.1858, 2.338, 3.758, 3.52, 1.945, -0.3079, -2.674, -4.8, -6.43, -7.418, -7.914, -8.27, -8.78, -9.72, -11.16, -12.766, -13.84, -13.72, -11.875, -8.42, -3.977, 0.3965, 3.832, 6.105, 7.055, 6.97, 6.17, 5.07, 3.943, 2.967, 2.088, 1.009, -0.4707, -2.373, -4.586, -6.832, -8.94, -10.88, -12.65, -14.11, -15.13, -15.82, -15.94, -15.336, -13.73, -10.875, -7.03, -2.434, 2.188, 6.492, 10.0, 12.53, 14.07, 14.695, 14.24, 12.55, 9.66, 5.676, 1.146, -3.406, -7.27, -9.875, -10.46, -8.57, -4.53, 0.313, 4.8, 8.086, 9.7, 9.5, 7.883, 5.45, 3.205, 2.021
0.696, 0.671, 0.1875, -0.796, -1.6, -1.342, 0.3184, 2.768, 4.76, 5.41, 4.605, 2.963, 0.974, -0.9043, -2.107, -2.195, -1.279, 0.077, 1.08, 1.166, 0.1934, -1.488, -3.33, -4.45, -4.07, -2.18, 0.5044, 2.943, 4.133, 3.768, 2.238, 0.1682, -2.021, -4.117, -5.934, -7.26, -8.15, -8.82, -9.52, -10.54, -11.95, -13.305, -13.875, -13.03, -10.43, -6.387, -1.659, 2.69, 5.89, 7.69, 8.09, 7.44, 6.3, 5.137, 4.184, 3.457, 2.775, 1.8545, 0.5225, -1.218, -3.283, -5.453, -7.54, -9.516, -11.4, -13.1, -14.414, -15.36, -15.81, -15.61, -14.52, -12.13, -8.625, -4.355, 0.2284, 4.457, 7.863, 10.37, 12.086, 12.97, 12.8, 11.445, 8.63, 4.676, 0.1234, -4.383, -8.05, -10.24, -10.21, -7.73, -3.373, 1.554, 5.83, 8.805, 10.16, 9.73, 7.883, 5.254, 2.695, 1.109
-0.6523, -0.824, -1.21, -1.84, -2.094, -1.332, 0.634, 3.127, 5.027, 5.633, 4.992, 3.621, 1.906, 0.05884, -1.465, -2.16, -1.87, -0.9985, -0.2152, -0.1498, -1.002, -2.492, -4.016, -4.676, -3.848, -1.685, 1.045, 3.336, 4.312, 3.842, 2.396, 0.5527, -1.447, -3.475, -5.387, -6.96, -8.12, -9.05, -9.95, -11.07, -12.45, -13.54, -13.56, -11.94, -8.57, -3.96, 1.042, 5.36, 8.195, 9.33, 8.98, 7.773, 6.38, 5.215, 4.44, 3.908, 3.373, 2.598, 1.414, -0.1306, -2.023, -4.074, -6.133, -8.15, -10.1, -11.984, -13.6, -14.78, -15.51, -15.64, -14.94, -13.02, -9.91, -5.87, -1.468, 2.639, 5.98, 8.48, 10.21, 11.24, 11.31, 10.125, 7.527, 3.646, -0.879, -5.273, -8.67, -10.37, -9.72, -6.695, -2.123, 2.746, 6.81, 9.445, 10.42, 9.734, 7.605, 4.742, 1.927, 0.02753
-2.064, -2.316, -2.6, -2.824, -2.55, -1.303, 0.885, 3.352, 5.098, 5.64, 5.2, 4.145, 2.738, 1.063, -0.623, -1.838, -2.205, -1.905, -1.451, -1.454, -2.178, -3.426, -4.562, -4.754, -3.57, -1.245, 1.442, 3.537, 4.297, 3.775, 2.459, 0.823, -1.002, -2.969, -4.957, -6.715, -8.086, -9.2, -10.25, -11.445, -12.73, -13.52, -13.0, -10.58, -6.445, -1.194, 4.055, 8.22, 10.52, 10.81, 9.72, 8.02, 6.46, 5.332, 4.71, 4.316, 3.865, 3.195, 2.162, 0.76, -0.945, -2.84, -4.793, -6.805, -8.84, -10.9, -12.766, -14.195, -15.125, -15.54, -15.13, -13.64, -10.875, -7.152, -2.998, 1.0205, 4.24, 6.758, 8.5, 9.59, 9.83, 8.76, 6.266, 2.568, -1.795, -5.957, -9.01, -10.22, -8.984, -5.582, -0.9287, 3.82, 7.664, 10.07, 10.664, 9.49, 6.934, 3.75, 0.7617, -1.2705
-3.484, -3.74, -3.883, -3.744, -2.945, -1.253, 1.133, 3.473, 5.0, 5.484, 5.19, 4.46, 3.406, 1.977, 0.2766, -1.303, -2.266, -2.54, -2.496, -2.637, -3.268, -4.227, -4.965, -4.754, -3.28, -0.8755, 1.679, 3.521, 4.113, 3.602, 2.451, 1.022, -0.669, -2.586, -4.652, -6.562, -8.12, -9.36, -10.5, -11.72, -12.87, -13.27, -12.1, -8.91, -3.89, 1.883, 7.285, 11.195, 12.74, 12.2, 10.4, 8.3, 6.63, 5.535, 4.957, 4.613, 4.242, 3.643, 2.693, 1.411, -0.0842, -1.781, -3.605, -5.58, -7.67, -9.83, -11.836, -13.52, -14.71, -15.38, -15.16, -13.99, -11.61, -8.2, -4.285, -0.4543, 2.787, 5.2, 6.945, 8.03, 8.23, 7.297, 4.953, 1.519, -2.607, -6.473, -9.09, -9.836, -8.15, -4.47, 0.2362, 4.86, 8.555, 10.7, 10.77, 8.98, 5.754, 2.215, -0.816, -2.734
-4.742, -4.9, -4.926, -4.473, -3.223, -1.158, 1.329, 3.535, 4.848, 5.23, 5.06, 4.605, 3.877, 2.73, 1.139, -0.609, -2.025, -2.836, -3.213, -3.553, -4.14, -4.855, -5.227, -4.65, -2.977, -0.598, 1.782, 3.357, 3.83, 3.4, 2.45, 1.183, -0.396, -2.303, -4.41, -6.45, -8.16, -9.516, -10.734, -11.945, -12.875, -12.83, -10.92, -6.88, -1.13, 5.137, 10.63, 14.04, 14.8, 13.41, 11.13, 8.78, 6.992, 5.9, 5.258, 4.887, 4.543, 3.986, 3.139, 2.025, 0.7256, -0.784, -2.477, -4.355, -6.43, -8.63, -10.8, -12.67, -14.21, -15.1, -15.14, -14.164, -12.09, -8.98, -5.336, -1.711, 1.479, 3.91, 5.516, 6.51, 6.664, 5.81, 3.7, 0.4363, -3.33, -6.797, -9.0, -9.234, -7.17, -3.328, 1.363, 5.902, 9.46, 11.28, 10.73, 8.055, 4.08, 0.1802, -2.717, -4.26
-5.758, -5.758, -5.68, -4.965, -3.371, -1.023, 1.502, 3.521, 4.625, 4.926, 4.836, 4.605, 4.168, 3.283, 1.894, 0.16, -1.522, -2.77, -3.553, -4.133, -4.73, -5.26, -5.344, -4.504, -2.736, -0.417, 1.727, 3.074, 3.498, 3.219, 2.475, 1.374, -0.1228, -2.025, -4.16, -6.312, -8.16, -9.63, -10.92, -12.1, -12.766, -12.14, -9.42, -4.496, 1.883, 8.68, 14.01, 16.66, 16.55, 14.625, 12.055, 9.59, 7.688, 6.42, 5.67, 5.22, 4.816, 4.285, 3.541, 2.576, 1.47, 0.1614, -1.343, -3.102, -5.125, -7.316, -9.555, -11.664, -13.43, -14.586, -14.945, -14.27, -12.51, -9.69, -6.195, -2.695, 0.3953, 2.691, 4.24, 5.04, 5.15, 4.316, 2.377, -0.532, -3.934, -7.02, -8.77, -8.61, -6.242, -2.191, 2.578, 7.215, 10.62, 11.875, 10.414, 6.766, 2.078, -2.057, -4.656, -5.64
-6.41, -6.234, -6.066, -5.223, -3.412, -0.916, 1.586, 3.447, 4.39, 4.625, 4.605, 4.53, 4.312, 3.658, 2.467, 0.8574, -0.91, -2.441, -3.564, -4.363, -5.027, -5.457, -5.332, -4.36, -2.586, -0.4253, 1.484, 2.691, 3.152, 3.049, 2.51, 1.546, 0.1181, -1.753, -3.889, -6.09, -8.07, -9.664, -11.01, -12.09, -12.44, -11.17, -7.6, -1.918, 5.04, 12.15, 17.14, 18.98, 18.1, 15.85, 13.234, 10.73, 8.66, 7.164, 6.195, 5.566, 5.098, 4.582, 3.914, 3.105, 2.152, 1.063, -0.2466, -1.827, -3.72, -5.855, -8.16, -10.414, -12.41, -13.85, -14.5, -14.16, -12.695, -10.17, -6.95, -3.637, -0.618, 1.621, 3.066, 3.803, 3.734, 2.91, 1.115, -1.5205, -4.562, -7.2, -8.51, -7.92, -5.293, -1.053, 3.951, 8.7, 11.914, 12.516, 10.07, 5.42, 0.1471, -4.11, -6.293, -6.71
-6.695, -6.36, -6.13, -5.266, -3.389, -0.864, 1.559, 3.295, 4.16, 4.414, 4.445, 4.457, 4.348, 3.854, 2.834, 1.362, -0.3574, -2.055, -3.414, -4.387, -5.117, -5.523, -5.297, -4.26, -2.543, -0.5728, 1.133, 2.281, 2.844, 2.924, 2.557, 1.651, 0.2734, -1.52, -3.6, -5.836, -7.906, -9.58, -10.94, -11.91, -11.87, -9.96, -5.594, 0.7495, 8.25, 15.41, 19.98, 21.02, 19.7, 17.25, 14.65, 12.1, 9.805, 8.04, 6.793, 5.977, 5.39, 4.867, 4.273, 3.568, 2.76, 1.852, 0.76, -0.614, -2.361, -4.45, -6.74, -9.04, -11.17, -12.86, -13.77, -13.71, -12.61, -10.42, -7.52, -4.414, -1.547, 0.6196, 1.95, 2.496, 2.318, 1.455, -0.2416, -2.576, -5.215, -7.406, -8.31, -7.363, -4.383, 0.1364, 5.43, 10.3, 13.32, 13.17, 9.75, 4.414, -1.227, -5.473, -7.35, -7.33
-6.633, -6.207, -6.008, -5.195, -3.371, -0.9043, 1.453, 3.13, 4.016, 4.34, 4.426, 4.45, 4.344, 3.885, 2.973, 1.619, -0.04886, -1.771, -3.262, -4.375, -5.137, -5.504, -5.234, -4.223, -2.613, -0.8267, 0.768, 1.94, 2.639, 2.848, 2.537, 1.644, 0.29, -1.401, -3.371, -5.516, -7.63, -9.42, -10.78, -11.56, -11.1, -8.54, -3.51, 3.502, 11.4, 18.45, 22.55, 22.97, 21.33, 18.86, 16.22, 13.55, 11.04, 8.96, 7.44, 6.4, 5.684, 5.137, 4.59, 3.98, 3.293, 2.549, 1.629, 0.448, -1.112, -3.074, -5.28, -7.594, -9.84, -11.69, -12.83, -13.06, -12.31, -10.516, -7.945, -5.09, -2.41, -0.421, 0.6787, 1.018, 0.7114, -0.2078, -1.749, -3.764, -5.973, -7.68, -8.195, -6.88, -3.475, 1.456, 7.105, 12.17, 14.86, 14.03, 9.95, 4.145, -1.677, -5.996, -7.76, -7.477
-6.375, -5.934, -5.812, -5.137, -3.426, -1.018, 1.316, 3.018, 3.998, 4.418, 4.53, 4.484, 4.28, 3.81, 2.945, 1.661, 0.0435, -1.712, -3.295, -4.473, -5.215, -5.52, -5.195, -4.234, -2.744, -1.069, 0.511, 1.788, 2.602, 2.803, 2.375, 1.386, 0.076, -1.459, -3.2, -5.176, -7.28, -9.17, -10.57, -11.15, -10.195, -6.965, -1.371, 6.098, 14.25, 21.17, 24.73, 24.81, 23.02, 20.55, 17.88, 15.125, 12.41, 10.04, 8.234, 6.93, 6.04, 5.402, 4.87, 4.336, 3.754, 3.098, 2.324, 1.345, 0.02597, -1.694, -3.756, -6.098, -8.47, -10.45, -11.77, -12.266, -11.82, -10.4, -8.17, -5.656, -3.26, -1.515, -0.66, -0.547, -0.9404, -1.885, -3.248, -4.977, -6.74, -8.05, -8.11, -6.324, -2.434, 2.982, 9.016, 14.25, 16.58, 15.19, 10.734, 4.723, -1.285, -5.76, -7.625, -7.316
-6.098, -5.72, -5.73, -5.21, -3.59, -1.1875, 1.2295, 3.03, 4.11, 4.582, 4.625, 4.395, 4.035, 3.557, 2.818, 1.623, 0.004856, -1.84, -3.555, -4.777, -5.46, -5.65, -5.26, -4.273, -2.828, -1.1455, 0.539, 1.948, 2.75, 2.717, 1.965, 0.766, -0.518, -1.774, -3.137, -4.85, -6.89, -8.87, -10.305, -10.66, -9.164, -5.324, 0.8105, 8.53, 16.8, 23.52, 26.62, 26.45, 24.58, 22.17, 19.55, 16.78, 13.98, 11.37, 9.234, 7.64, 6.52, 5.74, 5.152, 4.645, 4.137, 3.55, 2.93, 2.15, 1.07, -0.3948, -2.258, -4.477, -6.887, -9.06, -10.59, -11.33, -11.18, -10.1, -8.24, -5.992, -3.908, -2.396, -1.687, -1.652, -2.123, -2.99, -4.254, -5.79, -7.28, -8.28, -7.977, -5.676, -1.151, 4.785, 11.17, 16.45, 18.38, 16.66, 12.09, 5.977, -0.2499, -5.06, -7.207, -7.0
-5.98, -5.652, -5.812, -5.426, -3.807, -1.294, 1.271, 3.215, 4.37, 4.72, 4.453, 3.908, 3.404, 3.01, 2.518, 1.55, -0.003576, -1.97, -3.854, -5.2, -5.863, -5.934, -5.414, -4.336, -2.787, -0.9087, 1.01, 2.514, 3.104, 2.557, 1.215, -0.3445, -1.616, -2.492, -3.314, -4.574, -6.46, -8.516, -10.02, -10.13, -8.1, -3.703, 2.799, 10.72, 19.02, 25.4, 28.16, 27.8, 26.0, 23.72, 21.17, 18.47, 15.62, 12.91, 10.55, 8.664, 7.223, 6.21, 5.49, 4.934, 4.457, 3.951, 3.428, 2.822, 1.9795, 0.7812, -0.787, -2.76, -5.055, -7.363, -9.2, -10.29, -10.47, -9.734, -8.16, -6.125, -4.195, -2.732, -1.99, -1.88, -2.309, -3.176, -4.39, -5.863, -7.32, -8.14, -7.562, -4.727, 0.3042, 6.75, 13.62, 18.77, 20.31, 18.34, 13.8, 7.668, 1.16, -4.145, -6.793, -6.82
-5.99, -5.688, -5.965, -5.664, -3.98, -1.206, 1.642, 3.773, 4.824, 4.75, 3.914, 2.86, 2.146, 1.932, 1.896, 1.412, 0.1604, -1.788, -3.846, -5.418, -6.21, -6.28, -5.598, -4.28, -2.422, -0.1703, 2.066, 3.58, 3.719, 2.408, 0.2356, -1.885, -3.254, -3.744, -3.861, -4.45, -5.965, -8.04, -9.625, -9.54, -7.06, -2.219, 4.453, 12.42, 20.6, 26.73, 29.2, 28.86, 27.17, 25.06, 22.62, 20.0, 17.23, 14.59, 12.24, 10.07, 8.24, 6.883, 5.938, 5.258, 4.72, 4.266, 3.84, 3.365, 2.723, 1.836, 0.565, -1.117, -3.176, -5.44, -7.5, -8.95, -9.57, -9.21, -7.926, -6.05, -4.113, -2.5, -1.551, -1.308, -1.689, -2.635, -3.979, -5.492, -6.94, -7.668, -6.773, -3.516, 1.928, 8.836, 16.05, 21.02, 22.23, 20.16, 15.72, 9.68, 2.854, -3.188, -6.48, -6.812
-6.004, -5.656, -5.977, -5.71, -3.846, -0.7397, 2.5, 4.805, 5.55, 4.805, 3.121, 1.332, 0.2542, 0.1918, 0.7573, 1.078, 0.505, -1.084, -3.166, -4.996, -6.15, -6.43, -5.668, -3.98, -1.587, 1.191, 3.742, 5.156, 4.703, 2.496, -0.62, -3.521, -5.266, -5.516, -4.918, -4.617, -5.496, -7.36, -8.97, -8.84, -6.05, -0.9673, 5.816, 13.66, 21.58, 27.44, 29.8, 29.48, 28.02, 26.05, 23.8, 21.38, 18.9, 16.53, 14.33, 11.984, 9.71, 7.88, 6.547, 5.62, 4.984, 4.504, 4.12, 3.746, 3.25, 2.574, 1.604, 0.2712, -1.392, -3.365, -5.44, -7.184, -8.26, -8.41, -7.55, -5.938, -4.008, -2.246, -1.103, -0.771, -1.239, -2.336, -3.842, -5.426, -6.754, -7.14, -5.777, -2.13, 3.664, 10.93, 18.34, 23.16, 24.03, 21.92, 17.75, 11.99, 4.836, -2.08, -6.168, -6.86
-5.953, -5.383, -5.668, -5.363, -3.262, 0.2903, 3.986, 6.36, 6.69, 5.168, 2.543, -0.1669, -1.924, -2.139, -1.068, 0.2666, 0.8315, 0.1589, -1.537, -3.574, -5.293, -6.055, -5.39, -3.318, -0.2935, 3.111, 6.027, 7.273, 6.312, 3.379, -0.6274, -4.53, -7.11, -7.637, -6.574, -5.258, -5.137, -6.434, -7.965, -7.88, -5.074, 0.1053, 6.81, 14.4, 21.95, 27.48, 29.81, 29.58, 28.16, 26.31, 24.34, 22.39, 20.48, 18.64, 16.67, 14.29, 11.695, 9.34, 7.496, 6.203, 5.316, 4.707, 4.28, 3.912, 3.494, 2.955, 2.23, 1.24, 0.00936, -1.531, -3.297, -5.055, -6.434, -7.1, -6.85, -5.785, -4.22, -2.63, -1.594, -1.353, -1.954, -3.205, -4.8, -6.316, -7.305, -7.07, -5.03, -0.83, 5.332, 12.914, 20.33, 24.89, 25.61, 23.67, 20.06, 14.59, 7.14, -0.614, -5.742, -6.902
-5.883, -4.83, -4.855, -4.402, -2.025, 2.002, 6.11, 8.5, 8.44, 6.363, 3.006, -0.6943, -3.6, -4.652, -3.66, -1.453, 0.559, 1.378, 0.655, -1.255, -3.502, -4.926, -4.55, -2.227, 1.44, 5.46, 8.7, 9.92, 8.72, 5.477, 0.839, -4.21, -8.21, -9.766, -8.78, -6.56, -5.094, -5.387, -6.55, -6.59, -4.023, 0.998, 7.516, 14.71, 21.81, 27.11, 29.34, 29.08, 27.45, 25.45, 23.66, 22.45, 21.38, 20.38, 18.9, 16.75, 14.08, 11.33, 8.98, 7.23, 5.98, 5.11, 4.465, 3.959, 3.477, 2.934, 2.316, 1.55, 0.653, -0.428, -1.709, -3.139, -4.453, -5.387, -5.71, -5.41, -4.58, -3.627, -2.97, -2.912, -3.562, -4.824, -6.35, -7.785, -8.445, -7.586, -4.727, 0.1758, 6.777, 14.59, 22.02, 26.33, 27.06, 25.45, 22.23, 17.1, 9.51, 0.981, -5.234, -7.027
-5.926, -4.17, -3.584, -2.8, -0.10376, 4.32, 8.71, 11.17, 10.98, 8.766, 5.094, 0.544, -3.848, -6.582, -6.656, -4.33, -0.9966, 1.635, 2.428, 1.187, -1.248, -3.23, -3.2, -0.675, 3.557, 8.17, 11.67, 13.0, 11.97, 8.81, 3.91, -2.248, -8.09, -11.445, -11.27, -8.53, -5.637, -4.477, -4.855, -4.902, -2.764, 1.831, 7.984, 14.75, 21.4, 26.44, 28.47, 27.86, 25.73, 23.47, 21.73, 21.08, 20.94, 20.97, 20.42, 18.88, 16.55, 13.805, 11.164, 8.984, 7.297, 6.027, 5.035, 4.234, 3.533, 2.832, 2.104, 1.271, 0.426, -0.4163, -1.282, -2.156, -3.025, -3.73, -4.223, -4.44, -4.316, -4.03, -3.799, -3.824, -4.305, -5.312, -6.793, -8.33, -9.086, -7.98, -4.594, 0.847, 7.86, 15.86, 23.12, 27.3, 27.97, 26.39, 23.31, 18.47, 11.12, 2.318, -4.707, -7.2
-6.242, -3.734, -2.148, -0.735, 2.293, 6.953, 11.53, 14.13, 14.25, 12.336, 8.71, 3.602, -2.234, -7.12, -9.21, -7.895, -4.168, -0.0943, 2.344, 2.266, 0.287, -1.687, -1.622, 1.172, 5.953, 11.01, 14.76, 16.31, 15.68, 13.016, 8.13, 1.157, -6.523, -12.02, -13.34, -10.766, -6.797, -4.047, -3.238, -2.988, -1.279, 2.643, 8.22, 14.55, 20.8, 25.52, 27.23, 26.16, 23.4, 20.48, 18.69, 18.17, 18.73, 19.64, 20.22, 19.72, 18.3, 16.12, 13.695, 11.36, 9.37, 7.734, 6.383, 5.25, 4.26, 3.275, 2.203, 1.061, -0.11414, -1.133, -1.944, -2.45, -2.748, -2.918, -3.04, -3.104, -3.123, -3.014, -2.838, -2.727, -2.887, -3.688, -5.234, -7.137, -8.35, -7.582, -4.234, 1.386, 8.58, 16.61, 23.72, 27.64, 27.92, 25.81, 22.33, 17.75, 11.305, 3.178, -4.1, -7.35
-6.832, -3.805, -1.058, 1.353, 4.863, 9.664, 14.28, 17.03, 17.5, 15.99, 12.63, 7.44, 0.7744, -5.934, -10.305, -10.914, -8.13, -3.902, -0.467, 0.7363, -0.0668, -1.103, -0.317, 3.105, 8.33, 13.65, 17.42, 19.11, 18.72, 16.48, 11.98, 4.883, -3.654, -10.78, -13.87, -12.3, -8.195, -4.367, -2.346, -1.477, 0.07605, 3.4, 8.375, 14.33, 20.22, 24.4, 25.5, 23.7, 20.27, 16.7, 14.58, 14.086, 14.945, 16.31, 17.7, 18.22, 17.97, 16.81, 15.19, 13.414, 11.56, 9.914, 8.445, 7.14, 5.934, 4.707, 3.285, 1.68, -0.04745, -1.626, -2.85, -3.518, -3.654, -3.42, -3.01, -2.566, -2.139, -1.692, -1.252, -0.9014, -0.9487, -1.811, -3.541, -5.7, -7.137, -6.594, -3.467, 1.98, 9.11, 16.98, 23.75, 27.14, 26.62, 23.44, 19.34, 15.08, 10.125, 3.586, -3.29, -7.305
-7.11, -4.16, -0.382, 3.164, 7.215, 11.95, 16.27, 18.72, 19.0, 17.52, 14.5, 9.914, 3.688, -3.373, -9.16, -11.83, -11.09, -8.12, -4.81, -2.742, -2.057, -1.468, 0.646, 4.855, 10.31, 15.42, 18.78, 19.97, 19.33, 17.23, 13.336, 7.332, -0.3547, -7.695, -12.02, -12.09, -8.984, -5.156, -2.463, -0.8657, 0.927, 4.008, 8.586, 14.11, 19.28, 22.4, 22.61, 20.03, 16.08, 12.305, 9.95, 9.375, 10.11, 11.46, 13.055, 14.164, 14.86, 14.914, 14.43, 13.586, 12.51, 11.28, 10.13, 8.984, 7.86, 6.57, 5.08, 3.232, 1.11, -1.028, -2.855, -4.125, -4.684, -4.656, -4.2, -3.518, -2.752, -2.033, -1.43, -1.159, -1.526, -2.727, -4.6, -6.47, -7.293, -6.223, -2.885, 2.59, 9.63, 17.1, 22.97, 25.23, 23.58, 19.38, 14.9, 11.2, 8.03, 3.648, -2.086, -6.59
-6.125, -3.895, 0.09985, 4.246, 8.42, 12.56, 15.766, 17.14, 16.72, 14.984, 12.56, 9.33, 4.875, -0.5903, -5.887, -9.56, -10.8, -9.72, -7.492, -5.367, -3.615, -1.6455, 1.4795, 5.918, 10.82, 14.945, 17.19, 17.36, 16.14, 14.016, 11.14, 7.12, 1.885, -3.785, -8.03, -9.375, -7.926, -5.21, -2.71, -0.7593, 1.306, 4.273, 8.33, 12.87, 16.61, 18.36, 17.39, 14.47, 10.59, 7.49, 5.664, 5.14, 5.547, 6.473, 7.598, 8.766, 9.73, 10.46, 10.89, 10.97, 10.766, 10.3, 9.72, 9.05, 8.29, 7.31, 6.09, 4.473, 2.545, 0.4097, -1.623, -3.285, -4.395, -4.96, -4.996, -4.664, -4.145, -3.625, -3.3, -3.45, -4.28, -5.777, -7.527, -8.664, -8.43, -6.383, -2.514, 3.035, 9.64, 15.914, 20.05, 20.7, 18.05, 13.74, 9.664, 7.055, 5.535, 3.354, -0.628, -4.77
-3.549, -2.324, 0.644, 3.906, 6.973, 9.57, 11.06, 11.28, 10.375, 8.94, 7.445, 5.844, 3.785, 0.954, -2.21, -5.027, -6.71, -6.926, -5.938, -4.492, -2.83, -0.779, 1.958, 5.23, 8.36, 10.66, 11.414, 10.875, 9.53, 7.965, 6.395, 4.566, 2.174, -0.786, -3.523, -4.953, -4.758, -3.486, -1.93, -0.3972, 1.267, 3.475, 6.26, 9.016, 10.94, 11.21, 9.805, 7.438, 4.914, 3.096, 2.13, 1.895, 2.105, 2.543, 3.152, 3.799, 4.5, 5.2, 5.79, 6.28, 6.477, 6.492, 6.4, 6.215, 5.89, 5.43, 4.76, 3.803, 2.602, 1.194, -0.2235, -1.524, -2.56, -3.326, -3.727, -3.861, -3.822, -3.717, -3.766, -4.19, -5.03, -6.26, -7.445, -7.883, -7.094, -4.914, -1.508, 2.887, 7.633, 11.516, 13.445, 12.91, 10.43, 7.203, 4.645, 3.406, 3.084, 2.465, 0.487, -2.215
-0.8525, -0.4648, 0.5483, 1.671, 2.65, 3.355, 3.666, 3.506, 3.031, 2.557, 2.135, 1.753, 1.28, 0.5796, -0.3088, -1.204, -1.897, -2.092, -1.823, -1.332, -0.6523, 0.1332, 1.133, 2.19, 3.082, 3.576, 3.572, 3.242, 2.656, 2.176, 1.753, 1.319, 0.7563, -0.01033, -0.8403, -1.376, -1.466, -1.226, -0.772, -0.2368, 0.3245, 1.036, 1.915, 2.695, 3.107, 2.973, 2.326, 1.433, 0.63, 0.1686, -0.03027, -0.0357, 0.0363, 0.1875, 0.3547, 0.5967, 0.8423, 1.059, 1.329, 1.636, 1.79, 1.915, 1.919, 1.899, 1.869, 1.788, 1.571, 1.263, 0.8794, 0.4, -0.06323, -0.5264, -0.913, -1.217, -1.439, -1.57, -1.638, -1.647, -1.731, -1.95, -2.28, -2.666, -3.014, -2.953, -2.438, -1.434, -0.05286, 1.588, 3.188, 4.305, 4.69, 4.22, 3.2, 2.07, 1.265, 0.9946, 1.031, 1.013, 0.4927, -0.3313
