-6.754, -7.098, -7.33, -7.67, -8.07, -8.414, -8.76, -8.95, -9.0, -8.83, -8.35, -7.723, -7.06, -6.613, -6.477, -6.582, -6.85, -7.195, -7.56, -7.86, -8.02, -8.01, -7.95, -7.84, -7.773, -7.812, -8.016, -8.35, -8.58, -8.47, -7.867, -7.074, -6.46, -6.133, -6.086, -6.074, -6.207, -6.355, -6.65, -6.9, -7.18, -7.492, -7.79, -8.164, -8.64, -9.03, -9.36, -9.47, -9.28, -8.76, -8.1, -7.695, -7.734, -8.32, -9.305, -10.35, -11.24, -11.82, -11.86, -11.47, -10.61, -9.484, -8.41, -7.656, -7.195, -6.91, -6.727, -6.625, -6.72, -6.902, -7.19, -7.54, -7.84, -8.01, -8.195, -8.4, -8.555, -8.66, -8.82, -8.95, -9.086, -9.1, -9.02, -8.99, -8.85, -8.72, -8.6, -8.516, -8.516, -8.49, -8.39, -8.125, -7.85, -7.617, -7.387, -7.06, -6.586, -6.117, -5.938, -6.27
-2.035, -3.123, -4.047, -5.305, -6.688, -7.93, -8.914, -9.55, -9.79, -9.41, -8.11, -5.945, -3.617, -1.992, -1.372, -1.589, -2.402, -3.592, -4.902, -5.97, -6.527, -6.555, -6.246, -5.855, -5.67, -5.9, -6.73, -7.965, -8.83, -8.445, -6.555, -3.89, -1.661, -0.4058, 0.02881, 0.05646, -0.2861, -0.9824, -1.974, -3.082, -4.23, -5.414, -6.637, -7.973, -9.336, -10.57, -11.44, -11.58, -10.67, -8.88, -6.84, -5.56, -5.8, -7.645, -10.4, -13.27, -15.64, -17.16, -17.58, -16.7, -14.48, -11.17, -7.555, -4.637, -2.682, -1.555, -0.842, -0.593, -0.891, -1.687, -2.781, -3.91, -4.812, -5.46, -5.945, -6.37, -6.76, -7.195, -7.613, -7.926, -8.08, -8.0, -7.695, -7.25, -6.76, -6.277, -5.977, -5.848, -5.902, -5.926, -5.742, -5.195, -4.44, -3.785, -3.18, -2.426, -1.335, -0.1746, 0.1711, -0.675
3.518, 1.666, -0.3918, -2.938, -5.51, -7.52, -8.875, -9.83, -10.4, -10.17, -8.32, -4.68, -0.3232, 3.102, 4.81, 4.74, 3.36, 1.065, -1.682, -3.998, -5.35, -5.555, -4.957, -4.117, -3.549, -3.82, -5.254, -7.445, -9.17, -8.86, -5.734, -0.8857, 3.625, 6.43, 7.69, 7.867, 7.18, 5.69, 3.592, 1.16, -1.396, -3.92, -6.336, -8.71, -10.92, -12.71, -13.625, -13.3, -11.33, -8.0, -4.484, -2.52, -3.15, -6.098, -10.21, -14.38, -17.86, -20.27, -21.39, -20.95, -18.42, -13.59, -7.547, -1.857, 2.443, 5.11, 6.562, 6.934, 6.332, 4.81, 2.791, 0.6943, -1.065, -2.39, -3.293, -3.967, -4.51, -5.188, -5.824, -6.24, -6.324, -6.027, -5.44, -4.69, -4.0, -3.475, -3.256, -3.371, -3.738, -3.938, -3.598, -2.559, -1.126, 0.1377, 1.156, 2.209, 3.732, 5.438, 6.176, 5.336
8.43, 5.973, 2.76, -0.998, -4.395, -6.71, -8.016, -8.984, -9.94, -10.17, -8.42, -4.01, 2.043, 7.555, 10.81, 11.37, 9.77, 6.47, 2.24, -1.588, -4.043, -4.668, -3.902, -2.492, -1.35, -1.388, -3.059, -5.95, -8.555, -8.695, -5.05, 1.446, 8.09, 12.82, 15.13, 15.59, 14.586, 12.16, 8.65, 4.66, 0.5195, -3.406, -6.98, -10.055, -12.59, -14.37, -14.836, -13.55, -10.31, -5.656, -1.298, 0.6787, -0.6455, -4.527, -9.46, -14.06, -17.73, -20.39, -21.95, -22.27, -20.4, -15.61, -8.305, -0.2401, 6.586, 11.17, 13.664, 14.445, 13.67, 11.5, 8.69, 5.637, 2.922, 0.8145, -0.6235, -1.559, -2.234, -2.854, -3.477, -3.809, -3.734, -3.324, -2.607, -1.834, -1.275, -1.096, -1.281, -1.844, -2.535, -2.871, -2.31, -0.739, 1.446, 3.502, 4.957, 6.203, 7.773, 9.62, 10.72, 10.24
12.0, 9.27, 5.285, 0.7173, -3.107, -5.38, -6.387, -7.2, -8.41, -9.33, -8.15, -3.793, 3.277, 10.695, 15.83, 17.72, 16.42, 12.56, 7.25, 1.888, -1.821, -3.125, -2.377, -0.5317, 1.1875, 1.6045, 0.04617, -3.145, -6.387, -7.234, -3.855, 3.236, 11.375, 17.66, 21.11, 21.98, 20.56, 17.16, 12.34, 6.95, 1.512, -3.416, -7.766, -11.3, -13.91, -15.31, -15.125, -12.81, -8.51, -3.154, 1.224, 2.639, 0.5884, -3.812, -8.97, -13.54, -17.08, -19.44, -20.9, -21.48, -20.47, -16.52, -9.44, -0.2175, 8.7, 15.516, 19.64, 21.22, 20.62, 18.27, 14.9, 11.08, 7.367, 4.37, 2.26, 0.9966, 0.2695, -0.198, -0.5815, -0.7524, -0.566, -0.1288, 0.427, 0.8774, 0.958, 0.5835, -0.141, -1.121, -2.072, -2.479, -1.795, 0.0854, 2.84, 5.543, 7.496, 8.89, 10.3, 11.96, 13.32, 13.39
13.805, 11.32, 7.152, 2.275, -1.656, -3.836, -4.594, -5.2, -6.492, -7.89, -7.535, -3.809, 3.432, 12.07, 19.05, 22.72, 22.44, 18.69, 12.77, 6.33, 1.397, -0.819, -0.385, 1.599, 3.715, 4.613, 3.496, 0.5767, -2.775, -4.31, -1.827, 4.723, 13.09, 20.23, 24.45, 25.58, 23.81, 19.66, 13.97, 7.6, 1.421, -4.07, -8.77, -12.39, -14.94, -16.06, -15.445, -12.65, -7.89, -2.436, 1.605, 2.602, 0.4358, -3.732, -8.56, -13.04, -16.55, -18.78, -19.88, -20.33, -19.69, -16.73, -10.59, -1.614, 8.41, 17.16, 23.2, 26.2, 26.45, 24.38, 20.92, 16.67, 12.28, 8.46, 5.57, 3.855, 3.02, 2.672, 2.594, 2.639, 2.86, 3.182, 3.354, 3.238, 2.664, 1.699, 0.4521, -0.86, -2.018, -2.6, -2.043, -0.1842, 2.672, 5.625, 7.965, 9.56, 10.86, 12.32, 13.75, 14.45
13.945, 12.2, 8.34, 3.547, -0.356, -2.406, -3.0, -3.404, -4.562, -6.14, -6.54, -3.832, 2.686, 11.62, 20.03, 25.34, 26.55, 23.58, 17.8, 10.91, 5.047, 1.87, 1.652, 3.355, 5.547, 6.844, 6.438, 4.34, 1.506, -0.2642, 1.092, 6.176, 13.516, 20.4, 24.78, 25.88, 23.88, 19.36, 13.23, 6.58, 0.255, -5.29, -9.91, -13.46, -15.92, -17.06, -16.48, -13.81, -9.31, -4.19, -0.3496, 0.863, -0.6006, -3.88, -8.06, -12.484, -16.06, -18.39, -19.38, -19.55, -18.88, -16.64, -11.73, -3.885, 6.0, 15.805, 23.67, 28.39, 29.98, 28.9, 25.84, 21.62, 17.03, 12.836, 9.34, 7.082, 5.914, 5.61, 5.715, 5.965, 6.195, 6.297, 5.984, 5.234, 4.016, 2.52, 0.8477, -0.8096, -2.23, -3.068, -2.797, -1.25, 1.288, 4.133, 6.594, 8.336, 9.586, 10.85, 12.35, 13.66
12.87, 11.99, 8.76, 4.367, 0.641, -1.339, -1.826, -1.931, -2.674, -4.11, -5.02, -3.521, 1.634, 9.83, 18.67, 25.25, 27.92, 26.31, 21.31, 14.625, 8.35, 4.38, 3.287, 4.38, 6.33, 7.793, 8.09, 7.137, 5.387, 3.977, 4.5, 7.824, 13.32, 18.95, 22.69, 23.55, 21.39, 16.86, 10.89, 4.438, -1.6875, -6.96, -11.32, -14.664, -17.02, -18.25, -18.06, -15.984, -12.125, -7.426, -3.467, -1.429, -1.73, -4.004, -7.67, -11.91, -15.6, -18.06, -19.22, -19.3, -18.47, -16.56, -12.71, -6.344, 2.363, 12.08, 20.92, 27.23, 30.53, 30.81, 28.9, 25.36, 21.14, 17.0, 13.27, 10.484, 9.02, 8.52, 8.695, 8.97, 9.17, 8.97, 8.23, 6.957, 5.195, 3.174, 1.141, -0.8325, -2.562, -3.701, -3.762, -2.586, -0.4368, 2.18, 4.613, 6.387, 7.54, 8.586, 10.01, 11.74
11.234, 11.086, 8.54, 4.72, 1.288, -0.6255, -1.087, -0.958, -1.17, -2.1, -3.053, -2.512, 0.961, 7.58, 15.695, 22.67, 26.47, 26.28, 22.6, 16.81, 10.75, 6.355, 4.5, 4.78, 6.113, 7.395, 8.06, 8.086, 7.676, 7.28, 7.71, 9.74, 13.29, 17.23, 19.92, 20.3, 18.08, 13.71, 7.992, 1.911, -3.846, -8.75, -12.76, -15.875, -18.14, -19.55, -19.66, -18.1, -14.79, -10.29, -5.977, -3.041, -2.285, -3.887, -7.297, -11.414, -15.06, -17.75, -19.17, -19.47, -18.62, -16.75, -13.51, -8.48, -1.3, 7.266, 15.97, 23.22, 28.06, 30.08, 29.62, 27.44, 24.14, 20.5, 16.89, 13.914, 12.125, 11.35, 11.37, 11.59, 11.67, 11.18, 10.06, 8.375, 6.227, 3.828, 1.399, -0.9233, -2.99, -4.36, -4.594, -3.57, -1.549, 0.94, 3.328, 5.01, 5.926, 6.566, 7.723, 9.58
9.51, 9.82, 7.887, 4.695, 1.635, -0.253, -0.7886, -0.535, -0.2335, -0.4277, -0.943, -0.872, 1.139, 5.836, 12.32, 18.75, 23.02, 24.02, 21.72, 17.25, 11.914, 7.58, 5.258, 4.746, 5.258, 6.027, 6.61, 7.1, 7.703, 8.55, 9.7, 11.445, 13.84, 16.33, 17.95, 17.77, 15.39, 11.12, 5.5, -0.3726, -5.836, -10.52, -14.23, -17.1, -19.33, -20.7, -20.86, -19.36, -16.11, -11.54, -6.812, -3.312, -2.152, -3.592, -6.96, -10.99, -14.586, -17.36, -19.19, -19.78, -19.11, -17.28, -14.305, -10.11, -4.355, 2.654, 10.445, 17.88, 23.66, 27.19, 28.52, 27.95, 25.95, 23.22, 20.08, 17.14, 15.11, 14.016, 13.66, 13.67, 13.5, 12.88, 11.52, 9.52, 7.035, 4.406, 1.689, -1.0205, -3.424, -4.965, -5.184, -3.996, -1.704, 0.974, 3.361, 4.81, 5.297, 5.414, 6.074, 7.73
7.965, 8.48, 7.035, 4.344, 1.674, -0.1458, -0.868, -0.6836, -0.03114, 0.5615, 0.841, 1.076, 2.2, 5.188, 9.77, 14.95, 18.95, 20.58, 19.47, 16.17, 11.89, 8.05, 5.574, 4.504, 4.273, 4.273, 4.316, 4.695, 5.707, 7.44, 9.63, 11.98, 14.25, 16.17, 17.16, 16.53, 13.93, 9.445, 3.74, -2.217, -7.652, -12.17, -15.72, -18.42, -20.48, -21.69, -21.5, -19.52, -15.83, -10.9, -5.95, -2.484, -1.62, -3.328, -6.723, -10.555, -14.05, -16.94, -19.12, -20.2, -19.9, -18.22, -15.32, -11.46, -6.617, -0.874, 5.76, 12.6, 18.66, 23.31, 26.12, 27.22, 26.73, 25.05, 22.6, 20.02, 17.83, 16.3, 15.56, 15.16, 14.75, 13.94, 12.484, 10.36, 7.74, 4.89, 1.861, -1.173, -3.838, -5.46, -5.523, -3.99, -1.241, 1.824, 4.254, 5.418, 5.402, 4.914, 5.043, 6.332
6.605, 7.15, 6.066, 3.879, 1.551, -0.2404, -1.228, -1.278, -0.5127, 0.681, 1.839, 2.748, 3.764, 5.656, 8.695, 12.31, 15.49, 17.12, 16.61, 14.234, 10.95, 7.832, 5.555, 4.215, 3.383, 2.64, 1.946, 1.734, 2.53, 4.527, 7.41, 10.59, 13.53, 15.74, 16.72, 15.96, 13.23, 8.55, 2.64, -3.484, -9.05, -13.58, -17.03, -19.72, -21.64, -22.39, -21.45, -18.64, -14.22, -9.055, -4.273, -1.4, -1.165, -3.262, -6.562, -10.1, -13.445, -16.45, -19.02, -20.58, -20.73, -19.39, -16.7, -12.91, -8.36, -3.271, 2.46, 8.516, 14.42, 19.56, 23.5, 25.92, 26.73, 26.2, 24.56, 22.23, 20.02, 18.16, 16.92, 16.11, 15.33, 14.36, 12.92, 10.83, 8.24, 5.28, 2.04, -1.323, -4.258, -5.93, -5.793, -3.768, -0.4868, 2.92, 5.38, 6.22, 5.652, 4.676, 4.33, 5.215
5.402, 5.906, 5.113, 3.355, 1.309, -0.503, -1.729, -2.082, -1.421, 0.0462, 1.912, 3.629, 5.098, 6.65, 8.64, 10.98, 13.1, 14.19, 13.79, 12.03, 9.586, 7.18, 5.305, 3.857, 2.559, 1.181, -0.1262, -0.9165, -0.6733, 0.9536, 3.836, 7.465, 11.1, 14.016, 15.56, 15.18, 12.51, 7.85, 1.857, -4.348, -10.055, -14.734, -18.31, -20.94, -22.58, -22.75, -20.97, -17.25, -12.164, -6.875, -2.691, -0.653, -1.0625, -3.312, -6.332, -9.5, -12.67, -15.86, -18.8, -20.84, -21.55, -20.67, -18.3, -14.63, -10.13, -5.11, 0.267, 5.81, 11.484, 16.78, 21.34, 24.64, 26.42, 26.78, 25.81, 23.89, 21.69, 19.52, 17.83, 16.5, 15.336, 14.2, 12.85, 10.914, 8.49, 5.55, 2.13, -1.514, -4.637, -6.305, -5.926, -3.504, 0.1729, 3.848, 6.223, 6.742, 5.766, 4.375, 3.705, 4.254
4.395, 4.895, 4.324, 2.842, 0.9443, -0.9097, -2.291, -2.879, -2.459, -1.0, 1.199, 3.531, 5.63, 7.39, 8.96, 10.42, 11.516, 11.945, 11.414, 10.04, 8.21, 6.457, 4.895, 3.38, 1.737, -0.068, -1.778, -2.936, -3.182, -2.182, 0.1403, 3.535, 7.36, 10.86, 13.1, 13.34, 11.23, 6.91, 1.147, -5.06, -10.87, -15.74, -19.39, -21.97, -23.28, -22.81, -20.17, -15.625, -10.16, -5.086, -1.624, -0.338, -1.124, -3.229, -5.85, -8.66, -11.75, -15.17, -18.45, -20.98, -22.2, -21.89, -19.95, -16.56, -12.03, -6.957, -1.558, 3.945, 9.52, 14.83, 19.69, 23.53, 26.05, 27.1, 26.67, 25.08, 22.86, 20.45, 18.2, 16.31, 14.8, 13.55, 12.31, 10.75, 8.55, 5.664, 2.066, -1.805, -5.05, -6.668, -6.043, -3.21, 0.811, 4.637, 6.85, 6.992, 5.64, 3.99, 3.148, 3.457
3.656, 4.125, 3.682, 2.365, 0.4895, -1.403, -2.855, -3.557, -3.31, -2.049, 0.0848, 2.654, 5.215, 7.375, 8.98, 10.01, 10.42, 10.266, 9.516, 8.336, 7.047, 5.754, 4.387, 2.791, 0.8853, -1.177, -2.97, -4.19, -4.67, -4.223, -2.71, -0.04385, 3.393, 6.945, 9.66, 10.62, 9.32, 5.695, 0.4092, -5.66, -11.51, -16.55, -20.38, -22.89, -23.78, -22.61, -19.08, -13.875, -8.266, -3.645, -0.8647, -0.1504, -1.053, -2.854, -5.09, -7.7, -10.8, -14.42, -17.98, -20.89, -22.62, -22.9, -21.56, -18.67, -14.32, -9.164, -3.514, 2.21, 7.914, 13.4, 18.53, 22.72, 25.75, 27.25, 27.19, 25.83, 23.55, 20.84, 18.1, 15.695, 13.81, 12.49, 11.44, 10.195, 8.33, 5.55, 1.833, -2.21, -5.508, -6.98, -6.066, -2.896, 1.453, 5.344, 7.34, 7.117, 5.473, 3.63, 2.684, 2.875
3.178, 3.584, 3.158, 1.853, -0.04202, -1.94, -3.342, -3.986, -3.805, -2.797, -0.987, 1.43, 4.137, 6.656, 8.48, 9.42, 9.57, 9.05, 8.13, 7.125, 6.133, 5.1, 3.816, 2.107, 0.0398, -2.053, -3.688, -4.695, -5.15, -5.023, -4.242, -2.549, 0.08417, 3.22, 6.047, 7.57, 7.043, 4.242, -0.4421, -6.242, -12.12, -17.27, -21.25, -23.7, -24.08, -22.06, -17.81, -12.055, -6.51, -2.34, -0.1381, 0.238, -0.6255, -2.158, -4.12, -6.617, -9.82, -13.57, -17.39, -20.6, -22.83, -23.72, -23.03, -20.67, -16.72, -11.695, -5.88, 0.2379, 6.266, 12.07, 17.44, 21.95, 25.34, 27.23, 27.45, 26.22, 23.89, 20.84, 17.67, 14.71, 12.52, 11.164, 10.38, 9.445, 7.86, 5.168, 1.375, -2.75, -6.008, -7.277, -5.96, -2.326, 2.334, 6.258, 7.957, 7.332, 5.355, 3.35, 2.36, 2.49
2.959, 3.307, 2.791, 1.388, -0.555, -2.404, -3.637, -4.07, -3.852, -3.086, -1.7, 0.3005, 2.842, 5.504, 7.61, 8.73, 8.86, 8.23, 7.266, 6.285, 5.414, 4.457, 3.156, 1.35, -0.756, -2.672, -3.973, -4.598, -4.848, -4.88, -4.684, -3.857, -2.13, 0.3477, 2.98, 4.79, 4.914, 2.857, -1.279, -6.78, -12.61, -17.92, -22.05, -24.33, -24.19, -21.36, -16.25, -10.125, -4.625, -0.9243, 0.7847, 0.983, 0.2213, -1.16, -3.016, -5.527, -8.805, -12.64, -16.61, -20.12, -22.8, -24.28, -24.25, -22.56, -19.23, -14.445, -8.625, -2.256, 4.14, 10.38, 16.11, 21.05, 24.81, 27.06, 27.55, 26.39, 23.95, 20.62, 16.9, 13.52, 11.086, 9.81, 9.22, 8.53, 7.1, 4.453, 0.68, -3.412, -6.543, -7.496, -5.684, -1.526, 3.473, 7.395, 8.74, 7.65, 5.312, 3.168, 2.172, 2.336
2.938, 3.2, 2.541, 0.9736, -1.004, -2.709, -3.65, -3.797, -3.482, -2.904, -1.993, -0.5073, 1.692, 4.285, 6.594, 8.0, 8.32, 7.74, 6.773, 5.773, 4.88, 3.857, 2.426, 0.543, -1.469, -3.08, -3.91, -4.086, -4.094, -4.25, -4.46, -4.34, -3.408, -1.582, 0.7114, 2.637, 3.166, 1.638, -2.053, -7.254, -13.03, -18.42, -22.66, -24.77, -24.02, -20.4, -14.56, -8.09, -2.758, 0.5894, 2.008, 2.078, 1.303, -0.05707, -1.926, -4.445, -7.72, -11.56, -15.57, -19.36, -22.48, -24.56, -25.2, -24.2, -21.44, -17.1, -11.51, -5.082, 1.571, 8.125, 14.336, 19.78, 24.02, 26.5, 27.34, 26.34, 23.81, 20.25, 16.17, 12.44, 9.77, 8.414, 7.934, 7.418, 6.156, 3.555, -0.1771, -4.145, -7.05, -7.637, -5.273, -0.554, 4.832, 8.71, 9.68, 8.1, 5.383, 3.068, 2.08, 2.305
2.99, 3.19, 2.367, 0.6587, -1.299, -2.773, -3.33, -3.15, -2.744, -2.4, -1.969, -1.026, 0.7295, 3.133, 5.59, 7.3, 7.883, 7.48, 6.52, 5.457, 4.43, 3.268, 1.683, -0.2375, -2.068, -3.266, -3.562, -3.316, -3.178, -3.5, -4.13, -4.574, -4.242, -2.916, -0.9194, 0.977, 1.72, 0.5894, -2.725, -7.72, -13.41, -18.81, -23.05, -24.94, -23.66, -19.28, -12.8, -6.066, -0.924, 2.148, 3.324, 3.264, 2.387, 0.979, -0.8906, -3.389, -6.574, -10.32, -14.41, -18.39, -21.92, -24.56, -25.92, -25.58, -23.55, -19.66, -14.45, -8.26, -1.513, 5.395, 11.98, 17.86, 22.5, 25.6, 26.77, 26.02, 23.58, 19.9, 15.516, 11.5, 8.65, 7.207, 6.72, 6.21, 4.94, 2.35, -1.287, -5.066, -7.637, -7.703, -4.734, 0.593, 6.336, 10.13, 10.734, 8.695, 5.57, 3.045, 2.02, 2.303
3.053, 3.23, 2.271, 0.456, -1.415, -2.566, -2.703, -2.209, -1.747, -1.67, -1.745, -1.391, -0.1024, 2.086, 4.617, 6.61, 7.535, 7.32, 6.42, 5.273, 4.07, 2.691, 0.966, -0.9463, -2.518, -3.219, -2.953, -2.33, -2.125, -2.75, -3.873, -4.848, -5.02, -4.094, -2.355, -0.535, 0.3315, -0.5396, -3.553, -8.266, -13.8, -19.23, -23.42, -25.03, -23.19, -18.11, -11.15, -4.242, 0.8193, 3.67, 4.617, 4.42, 3.404, 1.921, 0.08185, -2.285, -5.297, -8.88, -12.94, -17.12, -21.0, -24.19, -26.19, -26.62, -25.36, -22.12, -17.42, -11.51, -4.793, 2.24, 9.08, 15.4, 20.53, 24.11, 25.81, 25.52, 23.33, 19.67, 15.17, 10.91, 7.82, 6.203, 5.52, 4.918, 3.521, 0.8677, -2.668, -6.168, -8.25, -7.742, -4.125, 1.763, 7.848, 11.58, 11.88, 9.336, 5.84, 3.086, 1.962, 2.295
3.031, 3.227, 2.234, 0.4092, -1.317, -2.102, -1.79, -0.9907, -0.539, -0.798, -1.393, -1.607, -0.8, 1.115, 3.637, 5.875, 7.12, 7.188, 6.402, 5.137, 3.717, 2.076, 0.2225, -1.6, -2.812, -2.95, -2.152, -1.196, -1.019, -1.964, -3.64, -5.2, -5.93, -5.418, -3.951, -2.24, -1.286, -1.946, -4.637, -9.03, -14.4, -19.75, -23.8, -25.03, -22.6, -16.97, -9.625, -2.639, 2.352, 4.992, 5.785, 5.434, 4.316, 2.78, 0.975, -1.216, -3.932, -7.32, -11.34, -15.67, -19.86, -23.47, -26.05, -27.19, -26.73, -24.31, -20.28, -14.71, -8.32, -1.213, 5.95, 12.54, 18.16, 22.22, 24.47, 24.73, 22.98, 19.58, 15.1, 10.7, 7.387, 5.496, 4.48, 3.527, 1.877, -0.845, -4.25, -7.363, -8.93, -7.812, -3.566, 2.87, 9.25, 12.98, 12.984, 10.086, 6.184, 3.09, 1.811, 2.168
2.871, 3.186, 2.229, 0.4626, -1.05, -1.442, -0.685, 0.4033, 0.8247, 0.2487, -0.89, -1.688, -1.387, 0.1997, 2.64, 5.055, 6.64, 7.008, 6.348, 5.016, 3.373, 1.462, -0.5244, -2.191, -2.963, -2.51, -1.182, 0.04504, 0.1852, -1.078, -3.277, -5.46, -6.754, -6.77, -5.7, -4.203, -3.248, -3.705, -6.066, -10.12, -15.21, -20.38, -24.17, -24.98, -22.0, -15.78, -8.14, -1.104, 3.729, 6.19, 6.844, 6.29, 5.117, 3.607, 1.873, -0.1129, -2.502, -5.65, -9.516, -13.96, -18.4, -22.36, -25.44, -27.28, -27.62, -26.12, -22.83, -17.88, -11.81, -4.883, 2.363, 9.234, 15.3, 19.98, 22.89, 23.81, 22.62, 19.6, 15.32, 10.914, 7.39, 5.105, 3.635, 2.176, 0.1278, -2.693, -5.957, -8.68, -9.65, -7.902, -3.035, 3.871, 10.55, 14.27, 13.98, 10.76, 6.457, 2.97, 1.4795, 1.859
2.506, 3.041, 2.242, 0.608, -0.6646, -0.6694, 0.5107, 1.876, 2.291, 1.452, -0.1707, -1.544, -1.797, -0.6206, 1.6455, 4.176, 6.04, 6.72, 6.215, 4.863, 3.016, 0.8984, -1.219, -2.723, -3.03, -1.991, -0.1432, 1.356, 1.473, -0.0685, -2.682, -5.402, -7.258, -7.89, -7.34, -6.2, -5.348, -5.664, -7.71, -11.39, -16.17, -21.05, -24.44, -24.73, -21.11, -14.46, -6.55, 0.3987, 5.0, 7.258, 7.742, 7.05, 5.816, 4.355, 2.812, 1.069, -1.078, -3.953, -7.695, -12.086, -16.64, -20.84, -24.42, -26.98, -28.1, -27.4, -24.84, -20.58, -15.016, -8.305, -1.107, 5.863, 12.28, 17.55, 21.12, 22.8, 22.3, 19.81, 15.875, 11.51, 7.78, 5.08, 3.016, 0.928, -1.618, -4.676, -7.773, -10.11, -10.51, -8.086, -2.57, 4.82, 11.68, 15.31, 14.82, 11.22, 6.535, 2.68, 0.9253, 1.286
1.946, 2.803, 2.22, 0.8, -0.1909, 0.1846, 1.733, 3.344, 3.793, 2.766, 0.765, -1.134, -1.959, -1.297, 0.6646, 3.146, 5.23, 6.184, 5.9, 4.58, 2.598, 0.319, -1.848, -3.18, -3.06, -1.465, 0.8604, 2.613, 2.72, 0.999, -1.909, -5.004, -7.387, -8.625, -8.68, -8.01, -7.406, -7.668, -9.42, -12.75, -17.19, -21.72, -24.61, -24.16, -19.88, -12.734, -4.78, 1.93, 6.242, 8.195, 8.49, 7.715, 6.45, 5.086, 3.762, 2.285, 0.3242, -2.283, -5.824, -10.08, -14.66, -19.03, -22.97, -26.14, -27.98, -28.12, -26.42, -22.92, -17.9, -11.625, -4.613, 2.404, 9.13, 14.91, 19.14, 21.55, 21.88, 20.11, 16.64, 12.54, 8.61, 5.406, 2.611, -0.1594, -3.227, -6.523, -9.555, -11.55, -11.375, -8.3, -2.252, 5.58, 12.55, 16.03, 15.25, 11.36, 6.344, 2.139, 0.1481, 0.4985
1.198, 2.428, 2.156, 0.9844, 0.2644, 0.954, 2.816, 4.68, 5.223, 4.117, 1.859, -0.4788, -1.857, -1.741, -0.2045, 2.09, 4.24, 5.457, 5.38, 4.145, 2.104, -0.2976, -2.467, -3.58, -3.045, -0.9634, 1.74, 3.656, 3.766, 1.9795, -1.069, -4.363, -7.117, -8.94, -9.664, -9.56, -9.28, -9.625, -11.19, -14.19, -18.28, -22.34, -24.56, -23.38, -18.4, -10.84, -2.857, 3.533, 7.453, 9.1, 9.12, 8.26, 7.027, 5.848, 4.72, 3.428, 1.697, -0.696, -4.02, -8.1, -12.56, -17.08, -21.33, -24.95, -27.39, -28.31, -27.42, -24.73, -20.33, -14.64, -7.977, -1.009, 5.9, 12.08, 16.95, 20.16, 21.27, 20.28, 17.47, 13.67, 9.64, 5.97, 2.459, -1.14, -4.76, -8.25, -11.24, -12.914, -12.26, -8.56, -2.006, 6.1, 13.02, 16.3, 15.164, 10.99, 5.73, 1.277, -0.919, -0.5435
0.222, 1.886, 1.978, 1.098, 0.648, 1.597, 3.707, 5.758, 6.45, 5.38, 3.014, 0.381, -1.465, -1.8955, -0.873, 1.089, 3.152, 4.492, 4.594, 3.47, 1.429, -1.032, -3.121, -3.969, -3.059, -0.5566, 2.408, 4.41, 4.496, 2.701, -0.3079, -3.62, -6.625, -8.96, -10.33, -10.836, -10.984, -11.47, -12.93, -15.68, -19.39, -22.89, -24.33, -22.16, -16.36, -8.375, -0.5635, 5.363, 8.766, 10.0, 9.7, 8.74, 7.59, 6.56, 5.574, 4.46, 2.918, 0.7256, -2.314, -6.14, -10.48, -15.04, -19.52, -23.42, -26.33, -27.86, -27.78, -25.89, -22.25, -17.19, -11.1, -4.285, 2.553, 9.02, 14.42, 18.45, 20.42, 20.17, 18.11, 14.734, 10.74, 6.58, 2.352, -1.963, -6.15, -9.93, -12.86, -14.164, -12.99, -8.79, -1.812, 6.39, 13.14, 16.0, 14.51, 10.11, 4.574, 0.006737, -2.28, -1.827
-0.9155, 1.14, 1.598, 1.055, 0.898, 2.09, 4.4, 6.594, 7.438, 6.48, 4.145, 1.44, -0.731, -1.706, -1.286, 0.1821, 1.992, 3.316, 3.527, 2.53, 0.5244, -1.885, -3.781, -4.336, -3.049, -0.2605, 2.861, 4.836, 4.887, 3.127, 0.2668, -2.93, -6.047, -8.8, -10.766, -11.875, -12.49, -13.18, -14.62, -17.12, -20.44, -23.27, -23.67, -20.47, -13.75, -5.504, 2.113, 7.49, 10.28, 11.0, 10.34, 9.25, 8.125, 7.26, 6.375, 5.37, 3.967, 1.955, -0.7803, -4.246, -8.33, -12.88, -17.42, -21.56, -24.88, -26.95, -27.45, -26.27, -23.56, -19.23, -13.69, -7.316, -0.7188, 5.797, 11.69, 16.34, 19.11, 19.72, 18.34, 15.39, 11.48, 7.01, 2.2, -2.705, -7.36, -11.375, -14.29, -15.29, -13.61, -8.875, -1.546, 6.63, 12.94, 15.26, 13.31, 8.58, 2.943, -1.726, -3.977, -3.332
-2.22, 0.2057, 1.015, 0.7993, 0.9478, 2.389, 4.85, 7.156, 8.125, 7.336, 5.203, 2.57, 0.2291, -1.198, -1.393, -0.547, 0.8335, 1.962, 2.197, 1.286, -0.5776, -2.82, -4.438, -4.613, -2.982, -0.0008087, 3.129, 5.004, 4.992, 3.338, 0.7256, -2.287, -5.45, -8.52, -11.02, -12.72, -13.76, -14.695, -16.16, -18.47, -21.31, -23.31, -22.58, -18.05, -10.59, -2.035, 5.234, 9.9, 12.0, 12.164, 11.234, 9.96, 8.836, 7.957, 7.14, 6.164, 4.836, 3.023, 0.5625, -2.53, -6.27, -10.625, -15.17, -19.38, -22.95, -25.47, -26.56, -26.06, -24.05, -20.6, -15.914, -10.15, -3.857, 2.568, 8.67, 13.82, 17.28, 18.7, 18.06, 15.63, 11.98, 7.434, 2.264, -3.135, -8.195, -12.5, -15.414, -16.2, -13.97, -8.66, -1.064, 6.875, 12.5, 14.19, 11.73, 6.605, 0.787, -3.898, -5.977, -5.008
-3.645, -0.89, 0.2194, 0.3206, 0.7954, 2.49, 5.082, 7.453, 8.51, 7.883, 6.04, 3.625, 1.284, -0.4846, -1.287, -1.103, -0.2676, 0.5483, 0.707, -0.10785, -1.786, -3.748, -5.008, -4.79, -2.873, 0.1752, 3.154, 4.9, 4.848, 3.357, 1.024, -1.753, -4.91, -8.195, -11.12, -13.3, -14.78, -15.97, -17.48, -19.66, -22.02, -23.0, -20.98, -15.11, -6.707, 1.934, 8.69, 12.63, 13.99, 13.56, 12.33, 10.92, 9.7, 8.734, 7.844, 6.836, 5.562, 3.914, 1.755, -0.991, -4.35, -8.37, -12.71, -17.02, -20.78, -23.62, -25.17, -25.28, -24.12, -21.36, -17.47, -12.47, -6.656, -0.5527, 5.52, 11.02, 15.09, 17.17, 17.23, 15.4, 12.09, 7.605, 2.297, -3.346, -8.74, -13.3, -16.25, -16.7, -13.98, -8.18, -0.414, 7.17, 12.09, 12.945, 9.79, 4.164, -1.857, -6.445, -8.15, -6.78
-5.055, -2.074, -0.714, -0.297, 0.4824, 2.422, 5.14, 7.508, 8.59, 8.13, 6.58, 4.477, 2.268, 0.2932, -1.029, -1.464, -1.214, -0.781, -0.7603, -1.527, -2.994, -4.59, -5.457, -4.875, -2.746, 0.292, 3.04, 4.53, 4.453, 3.178, 1.146, -1.39, -4.44, -7.84, -11.08, -13.695, -15.586, -17.08, -18.69, -20.67, -22.39, -22.3, -18.77, -11.56, -2.332, 6.34, 12.414, 15.586, 16.17, 15.27, 13.664, 12.09, 10.69, 9.53, 8.51, 7.426, 6.152, 4.605, 2.68, 0.3364, -2.576, -6.184, -10.28, -14.56, -18.47, -21.62, -23.56, -24.17, -23.5, -21.56, -18.39, -14.21, -9.1, -3.473, 2.416, 7.957, 12.38, 15.06, 15.85, 14.7, 11.91, 7.676, 2.39, -3.408, -9.055, -13.78, -16.67, -16.83, -13.586, -7.332, 0.4734, 7.66, 11.8, 11.66, 7.63, 1.43, -4.797, -9.14, -10.32, -8.48
-6.32, -3.254, -1.699, -0.976, 0.1329, 2.305, 5.094, 7.395, 8.42, 8.1, 6.824, 5.062, 3.09, 1.04, -0.6797, -1.685, -1.988, -1.961, -2.135, -2.875, -4.1, -5.3, -5.73, -4.805, -2.578, 0.3071, 2.758, 4.016, 3.965, 2.922, 1.215, -1.095, -4.055, -7.496, -10.914, -13.9, -16.17, -17.97, -19.7, -21.47, -22.47, -21.12, -15.984, -7.535, 2.3, 10.766, 16.19, 18.6, 18.62, 17.36, 15.445, 13.51, 11.79, 10.29, 9.03, 7.855, 6.56, 5.094, 3.412, 1.402, -1.068, -4.15, -7.902, -12.055, -16.06, -19.47, -21.77, -22.8, -22.6, -21.22, -18.67, -15.23, -10.88, -5.824, -0.4275, 4.887, 9.48, 12.66, 14.08, 13.59, 11.35, 7.45, 2.234, -3.617, -9.31, -14.086, -16.86, -16.62, -12.86, -6.195, 1.624, 8.34, 11.64, 10.41, 5.387, -1.464, -7.81, -11.74, -12.32, -9.98
-7.348, -4.266, -2.602, -1.597, -0.1475, 2.232, 4.99, 7.133, 8.06, 7.87, 6.895, 5.453, 3.701, 1.657, -0.318, -1.769, -2.553, -2.928, -3.322, -4.043, -5.027, -5.816, -5.812, -4.613, -2.367, 0.253, 2.377, 3.438, 3.453, 2.656, 1.2295, -0.861, -3.688, -7.15, -10.68, -13.914, -16.55, -18.66, -20.48, -21.95, -22.08, -19.44, -12.71, -3.094, 7.14, 15.22, 19.97, 21.72, 21.39, 19.7, 17.45, 15.13, 12.93, 11.04, 9.516, 8.195, 6.86, 5.508, 4.027, 2.348, 0.294, -2.309, -5.617, -9.555, -13.57, -17.16, -19.77, -21.2, -21.38, -20.45, -18.4, -15.57, -11.875, -7.58, -2.848, 2.19, 6.758, 10.2, 12.14, 12.23, 10.41, 6.754, 1.627, -4.168, -9.82, -14.4, -16.84, -16.11, -11.81, -4.73, 3.225, 9.484, 11.76, 9.42, 3.387, -4.004, -10.31, -13.805, -13.78, -11.086
-8.016, -5.082, -3.355, -2.076, -0.3157, 2.201, 4.86, 6.8, 7.633, 7.547, 6.797, 5.67, 4.125, 2.14, 0.02013, -1.758, -2.94, -3.66, -4.23, -4.9, -5.66, -6.105, -5.746, -4.387, -2.201, 0.1348, 1.949, 2.871, 2.973, 2.418, 1.212, -0.7046, -3.42, -6.793, -10.375, -13.78, -16.72, -19.08, -20.98, -22.06, -21.25, -17.08, -8.97, 1.583, 12.055, 19.67, 23.73, 25.0, 24.25, 22.2, 19.61, 16.8, 14.13, 11.87, 10.04, 8.484, 7.094, 5.84, 4.574, 3.176, 1.514, -0.686, -3.535, -7.12, -11.03, -14.74, -17.66, -19.42, -19.95, -19.3, -17.6, -15.125, -11.99, -8.37, -4.215, 0.329, 4.633, 8.164, 10.34, 10.734, 9.016, 5.438, 0.35, -5.277, -10.63, -14.836, -16.77, -15.336, -10.38, -2.785, 5.258, 11.05, 12.305, 8.87, 2.008, -5.742, -11.97, -15.01, -14.63, -11.67
-8.375, -5.688, -3.936, -2.428, -0.4133, 2.164, 4.66, 6.387, 7.137, 7.156, 6.65, 5.766, 4.395, 2.486, 0.3352, -1.637, -3.154, -4.176, -4.895, -5.51, -6.016, -6.176, -5.64, -4.203, -2.168, -0.0962, 1.484, 2.375, 2.615, 2.242, 1.148, -0.6704, -3.266, -6.473, -9.92, -13.39, -16.61, -19.27, -21.19, -21.84, -19.95, -14.33, -4.94, 6.402, 16.78, 23.83, 27.28, 27.95, 26.9, 24.61, 21.69, 18.47, 15.43, 12.805, 10.62, 8.89, 7.44, 6.22, 5.035, 3.809, 2.453, 0.6953, -1.67, -4.79, -8.484, -12.25, -15.43, -17.58, -18.44, -18.02, -16.52, -14.234, -11.4, -8.19, -4.57, -0.5933, 3.38, 6.668, 8.71, 8.93, 7.12, 3.473, -1.418, -6.83, -11.8, -15.46, -16.69, -14.445, -8.62, -0.3706, 7.848, 13.164, 13.54, 9.12, 1.682, -6.316, -12.53, -15.44, -14.79, -11.83
-8.57, -6.105, -4.36, -2.715, -0.52, 2.062, 4.375, 5.906, 6.637, 6.7, 6.38, 5.68, 4.496, 2.74, 0.608, -1.542, -3.322, -4.586, -5.434, -5.98, -6.26, -6.137, -5.48, -4.1, -2.264, -0.3977, 1.081, 2.03, 2.387, 2.006, 0.8623, -0.9717, -3.428, -6.277, -9.45, -12.96, -16.39, -19.23, -21.14, -21.22, -18.3, -11.336, -0.7803, 11.15, 21.23, 27.56, 30.33, 30.42, 29.02, 26.55, 23.5, 20.19, 16.9, 13.91, 11.39, 9.36, 7.79, 6.562, 5.484, 4.4, 3.303, 1.881, -0.06683, -2.72, -6.07, -9.74, -13.07, -15.55, -16.8, -16.66, -15.31, -13.02, -10.305, -7.316, -4.1, -0.6313, 2.775, 5.504, 7.008, 6.84, 4.816, 1.145, -3.527, -8.555, -13.09, -16.16, -16.58, -13.375, -6.55, 2.457, 10.9, 15.734, 15.39, 10.336, 2.479, -5.82, -12.3, -15.27, -14.625, -11.77
-8.64, -6.348, -4.664, -2.95, -0.671, 1.874, 4.043, 5.484, 6.184, 6.273, 5.973, 5.367, 4.34, 2.773, 0.7715, -1.458, -3.5, -5.06, -6.03, -6.49, -6.516, -6.188, -5.406, -4.074, -2.379, -0.6123, 0.904, 1.953, 2.248, 1.594, 0.1289, -1.857, -4.1, -6.49, -9.234, -12.555, -16.02, -19.06, -20.88, -20.44, -16.4, -8.17, 3.28, 15.445, 25.11, 30.6, 32.47, 32.0, 30.2, 27.75, 24.95, 21.84, 18.52, 15.32, 12.46, 10.13, 8.336, 6.99, 5.875, 4.883, 3.97, 2.832, 1.285, -0.9165, -3.861, -7.293, -10.68, -13.44, -15.05, -15.28, -14.07, -11.83, -9.02, -6.066, -3.084, -0.1357, 2.555, 4.566, 5.39, 4.727, 2.49, -1.041, -5.35, -10.01, -14.18, -16.78, -16.34, -12.1, -4.105, 5.754, 14.39, 18.78, 17.9, 12.49, 4.312, -4.562, -11.63, -15.016, -14.49, -11.73
-8.74, -6.504, -4.91, -3.184, -0.9062, 1.643, 3.816, 5.234, 5.863, 5.836, 5.348, 4.65, 3.738, 2.473, 0.7524, -1.412, -3.68, -5.582, -6.75, -7.14, -6.938, -6.35, -5.406, -4.05, -2.35, -0.4932, 1.1875, 2.223, 2.178, 0.893, -1.229, -3.549, -5.586, -7.31, -9.305, -12.1, -15.555, -18.72, -20.4, -19.33, -14.34, -5.105, 7.066, 19.28, 28.28, 32.88, 33.8, 32.62, 30.45, 28.1, 25.81, 23.3, 20.31, 17.08, 13.91, 11.164, 9.06, 7.49, 6.277, 5.305, 4.496, 3.586, 2.348, 0.5894, -1.888, -4.953, -8.24, -11.195, -13.22, -13.81, -12.89, -10.72, -7.855, -4.85, -2.008, 0.5063, 2.56, 3.855, 4.04, 3.055, 0.8296, -2.42, -6.402, -10.766, -14.75, -17.02, -15.88, -10.5, -1.363, 9.305, 18.11, 22.17, 20.86, 15.17, 6.66, -2.906, -10.766, -14.7, -14.48, -11.8
-8.88, -6.66, -5.188, -3.525, -1.203, 1.507, 3.834, 5.27, 5.715, 5.3, 4.36, 3.322, 2.418, 1.585, 0.429, -1.377, -3.738, -5.98, -7.484, -7.93, -7.59, -6.754, -5.562, -3.994, -2.037, 0.1769, 2.072, 2.959, 2.238, -0.12103, -3.299, -6.242, -8.13, -8.99, -9.86, -11.82, -14.96, -18.16, -19.73, -18.05, -12.05, -1.957, 10.61, 22.58, 30.78, 34.34, 34.34, 32.3, 29.69, 27.45, 25.81, 24.23, 22.02, 18.98, 15.67, 12.56, 10.04, 8.195, 6.773, 5.72, 4.938, 4.19, 3.256, 1.908, -0.09686, -2.738, -5.77, -8.75, -11.086, -12.21, -11.766, -9.86, -6.99, -3.926, -1.119, 1.157, 2.803, 3.635, 3.48, 2.326, 0.188, -2.838, -6.566, -10.69, -14.57, -16.64, -14.98, -8.555, 1.724, 13.125, 22.02, 25.61, 23.95, 18.08, 9.22, -0.945, -9.586, -14.266, -14.45, -11.9
-9.02, -6.95, -5.61, -3.969, -1.464, 1.614, 4.242, 5.74, 5.816, 4.695, 2.89, 1.191, 0.2103, -0.07904, -0.3474, -1.415, -3.521, -6.004, -7.926, -8.734, -8.45, -7.418, -5.88, -3.82, -1.281, 1.48, 3.664, 4.234, 2.562, -1.177, -5.746, -9.586, -11.57, -11.555, -11.09, -11.84, -14.36, -17.42, -18.86, -16.61, -9.75, 0.982, 13.71, 25.36, 32.66, 35.22, 34.22, 31.19, 28.0, 25.75, 24.84, 24.39, 23.14, 20.73, 17.58, 14.29, 11.38, 9.12, 7.383, 6.195, 5.375, 4.734, 4.01, 2.998, 1.454, -0.6846, -3.314, -6.19, -8.75, -10.33, -10.46, -9.07, -6.504, -3.477, -0.6035, 1.674, 3.234, 3.967, 3.732, 2.486, 0.294, -2.725, -6.344, -10.24, -13.86, -15.66, -13.48, -6.227, 5.004, 16.95, 25.75, 28.88, 26.73, 20.56, 11.61, 1.191, -8.03, -13.41, -14.18, -11.88
-9.16, -7.35, -6.137, -4.414, -1.491, 2.148, 5.25, 6.777, 6.332, 4.22, 1.237, -1.433, -2.807, -2.652, -1.81, -1.683, -3.035, -5.45, -7.8, -9.18, -9.27, -8.18, -6.16, -3.389, 0.0513, 3.582, 6.098, 6.293, 3.559, -1.675, -7.855, -12.94, -15.336, -14.734, -12.87, -12.164, -13.78, -16.61, -17.81, -15.055, -7.5, 3.652, 16.33, 27.42, 33.88, 35.5, 33.5, 29.53, 25.69, 23.39, 22.95, 23.53, 23.48, 22.03, 19.4, 16.14, 13.0, 10.336, 8.266, 6.785, 5.78, 5.09, 4.52, 3.78, 2.7, 1.063, -1.092, -3.637, -6.215, -8.15, -8.89, -8.21, -6.168, -3.402, -0.5415, 1.875, 3.588, 4.41, 4.13, 2.67, 0.1377, -3.154, -6.746, -10.28, -13.27, -14.414, -11.695, -3.78, 8.15, 20.45, 28.92, 31.4, 28.64, 22.25, 13.46, 3.37, -5.977, -11.96, -13.42, -11.64
-9.086, -7.742, -6.67, -4.656, -1.033, 3.416, 7.055, 8.57, 7.598, 4.48, 0.2, -3.78, -6.035, -5.863, -3.986, -2.299, -2.357, -4.22, -6.87, -8.98, -9.75, -8.805, -6.195, -2.445, 2.145, 6.605, 9.48, 9.27, 5.637, -0.9097, -8.805, -15.53, -18.77, -18.06, -14.99, -12.805, -13.32, -15.63, -16.62, -13.49, -5.457, 5.95, 18.36, 28.83, 34.56, 35.25, 32.3, 27.52, 23.12, 20.73, 20.52, 21.73, 22.69, 22.39, 20.61, 17.88, 14.81, 11.92, 9.46, 7.598, 6.297, 5.426, 4.824, 4.223, 3.473, 2.32, 0.6885, -1.402, -3.697, -5.746, -6.996, -7.004, -5.695, -3.438, -0.8022, 1.609, 3.373, 4.152, 3.668, 1.89, -0.9795, -4.508, -8.19, -11.38, -13.484, -13.56, -9.875, -1.328, 10.984, 23.31, 31.39, 33.1, 29.61, 23.03, 14.64, 5.4, -3.559, -9.94, -12.12, -11.016
-8.91, -8.01, -7.0, -4.47, 0.0998, 5.477, 9.68, 11.33, 9.99, 6.13, 0.633, -4.97, -8.73, -9.23, -6.81, -3.523, -1.74, -2.418, -4.945, -7.824, -9.49, -8.91, -5.863, -0.9683, 4.906, 10.336, 13.49, 13.125, 8.85, 1.186, -8.24, -16.72, -21.38, -21.02, -17.2, -13.61, -12.88, -14.52, -15.266, -11.88, -3.695, 7.79, 20.0, 29.77, 34.66, 34.6, 30.88, 25.5, 20.64, 18.02, 17.81, 19.22, 20.84, 21.55, 20.89, 19.02, 16.5, 13.73, 11.06, 8.82, 7.1, 5.89, 5.113, 4.46, 3.805, 2.955, 1.745, 0.164, -1.683, -3.537, -4.918, -5.4, -4.805, -3.26, -1.219, 0.7827, 2.207, 2.693, 2.03, 0.2593, -2.402, -5.793, -9.51, -12.76, -14.336, -13.234, -8.31, 0.9316, 13.414, 25.48, 32.94, 33.94, 29.78, 22.97, 15.266, 7.152, -1.017, -7.484, -10.445, -10.18
-8.5, -7.875, -6.742, -3.572, 1.942, 8.266, 13.07, 14.87, 13.4, 9.08, 2.576, -4.664, -10.39, -12.336, -10.07, -5.46, -1.563, -0.4153, -2.213, -5.58, -8.28, -8.32, -4.99, 0.977, 8.055, 14.28, 17.72, 17.14, 12.57, 4.312, -6.285, -16.4, -22.66, -23.1, -19.06, -14.336, -12.37, -13.234, -13.7, -10.34, -2.201, 9.19, 21.06, 30.23, 34.38, 33.75, 29.47, 23.67, 18.58, 15.67, 15.09, 16.28, 18.1, 19.44, 19.81, 19.11, 17.58, 15.42, 12.94, 10.516, 8.41, 6.758, 5.555, 4.68, 3.895, 3.07, 2.066, 0.84, -0.5513, -2.01, -3.197, -3.775, -3.615, -2.738, -1.466, -0.2324, 0.543, 0.675, 0.2123, -0.772, -2.447, -5.215, -9.07, -12.99, -14.94, -13.25, -7.285, 2.66, 15.22, 26.92, 33.66, 34.03, 29.25, 22.33, 15.29, 8.48, 1.407, -4.99, -8.66, -9.22
-7.945, -7.3, -5.754, -1.915, 4.445, 11.484, 16.73, 18.62, 17.06, 12.484, 5.324, -3.191, -10.875, -14.78, -13.48, -8.18, -2.246, 1.148, 0.6987, -2.63, -6.15, -6.875, -3.49, 3.238, 11.23, 17.95, 21.4, 20.69, 15.875, 7.543, -3.363, -14.445, -22.12, -23.73, -20.05, -14.695, -11.69, -11.7, -11.914, -8.71, -0.9136, 10.13, 21.52, 30.08, 33.72, 32.66, 27.98, 21.97, 16.66, 13.35, 12.39, 13.164, 14.65, 16.17, 17.28, 17.8, 17.45, 16.36, 14.56, 12.37, 10.15, 8.17, 6.55, 5.25, 4.13, 3.098, 1.993, 0.7905, -0.403, -1.5625, -2.426, -2.809, -2.664, -2.088, -1.328, -0.7056, -0.443, -0.3767, -0.2102, -0.000806, -0.4814, -2.625, -6.81, -11.7, -14.62, -13.19, -6.695, 3.846, 16.44, 27.67, 33.75, 33.4, 28.12, 20.97, 14.57, 9.16, 3.44, -2.566, -6.81, -8.22
-7.277, -6.29, -4.14, 0.3435, 7.176, 14.58, 19.88, 21.62, 19.84, 15.09, 7.863, -1.189, -10.2, -16.17, -16.53, -11.39, -4.08, 1.405, 2.63, -0.08966, -3.852, -4.977, -1.628, 5.523, 13.96, 20.77, 23.92, 22.84, 17.97, 10.07, -0.07465, -10.95, -19.5, -22.5, -19.73, -14.55, -10.945, -10.19, -10.07, -7.152, 0.0979, 10.52, 21.23, 29.2, 32.47, 31.19, 26.33, 20.03, 14.53, 11.03, 9.68, 9.89, 10.99, 12.31, 13.69, 15.04, 15.875, 16.03, 15.23, 13.72, 11.836, 9.914, 8.1, 6.473, 5.008, 3.605, 2.195, 0.719, -0.7124, -1.978, -2.83, -3.084, -2.73, -1.998, -1.147, -0.5215, -0.1993, 0.1992, 1.002, 1.827, 1.595, -0.7324, -5.324, -10.71, -14.125, -12.984, -6.336, 4.57, 17.23, 27.97, 33.3, 32.3, 26.47, 19.03, 13.125, 9.04, 4.8, -0.494, -5.055, -7.227
-6.66, -5.195, -2.29, 2.682, 9.67, 16.86, 21.77, 22.95, 20.69, 15.8, 9.07, 0.712, -8.484, -15.945, -18.23, -14.29, -6.86, -0.1929, 2.453, 0.8257, -2.332, -3.277, 0.1627, 7.355, 15.72, 22.17, 24.78, 23.11, 18.1, 11.086, 2.732, -6.652, -15.0, -19.17, -18.0, -13.91, -10.42, -9.16, -8.6, -5.84, 0.7495, 10.3, 20.16, 27.47, 30.38, 28.9, 23.78, 17.4, 11.81, 8.414, 6.938, 6.84, 7.473, 8.375, 9.66, 11.3, 12.82, 13.98, 14.3, 13.805, 12.664, 11.23, 9.64, 8.03, 6.44, 4.805, 3.072, 1.253, -0.629, -2.373, -3.688, -4.285, -4.04, -3.076, -1.795, -0.6064, 0.3298, 1.173, 1.956, 2.02, 0.3906, -3.271, -8.27, -12.99, -15.24, -13.26, -6.195, 4.934, 17.4, 27.56, 32.22, 30.45, 24.02, 16.34, 10.836, 7.94, 5.29, 1.107, -3.43, -6.26
-5.99, -4.242, -0.639, 4.652, 11.25, 17.58, 21.48, 21.77, 18.83, 14.06, 8.52, 1.972, -5.883, -13.47, -17.44, -15.65, -9.6, -3.227, 0.02234, -0.4219, -2.254, -2.227, 1.514, 8.41, 16.08, 21.61, 23.25, 20.9, 15.93, 10.15, 4.168, -2.6, -9.6, -14.23, -14.83, -12.52, -10.07, -8.8, -7.793, -4.953, 0.983, 9.43, 18.14, 24.52, 26.89, 25.02, 19.78, 13.5, 8.375, 5.38, 4.188, 4.074, 4.383, 4.938, 5.836, 7.207, 8.875, 10.44, 11.5, 11.945, 11.69, 11.08, 10.06, 8.86, 7.51, 6.004, 4.285, 2.357, 0.2314, -1.968, -3.936, -5.277, -5.62, -4.957, -3.55, -1.905, -0.4453, 0.4883, 0.4983, -1.216, -5.152, -10.68, -15.89, -18.89, -18.55, -14.375, -6.273, 5.02, 16.97, 26.12, 29.67, 26.95, 20.1, 12.68, 7.83, 5.938, 4.77, 2.014, -1.97, -5.184
-4.797, -3.14, 0.5786, 5.56, 11.03, 15.72, 18.02, 17.2, 13.98, 9.945, 6.11, 2.043, -3.178, -9.234, -13.6, -13.914, -10.41, -5.824, -2.932, -2.41, -2.762, -1.648, 2.197, 8.195, 14.25, 18.19, 18.61, 15.74, 11.41, 7.17, 3.645, -0.1862, -4.777, -8.71, -10.414, -9.984, -8.93, -8.1, -6.977, -4.227, 0.915, 7.832, 14.76, 19.58, 20.89, 18.47, 13.56, 8.24, 4.305, 2.254, 1.5625, 1.614, 1.799, 2.057, 2.55, 3.438, 4.69, 6.05, 7.22, 8.05, 8.44, 8.484, 8.16, 7.56, 6.734, 5.69, 4.418, 2.885, 1.063, -1.013, -3.145, -4.945, -5.977, -6.008, -5.098, -3.66, -2.324, -1.733, -2.607, -5.684, -11.086, -17.45, -22.42, -23.77, -21.05, -14.91, -6.008, 4.797, 15.26, 22.47, 24.22, 20.66, 14.15, 7.863, 4.305, 3.441, 3.342, 1.9795, -0.8945, -3.81
-3.232, -2.04, 0.7407, 4.152, 7.562, 10.0, 10.67, 9.414, 6.906, 4.39, 2.424, 0.7285, -1.686, -5.047, -8.086, -9.18, -8.0, -5.703, -3.904, -3.145, -2.674, -1.31, 1.621, 5.535, 9.05, 10.82, 10.336, 7.97, 5.09, 2.744, 1.322, -0.06854, -2.133, -4.348, -5.88, -6.4, -6.324, -6.04, -5.21, -3.168, 0.3489, 4.8, 8.96, 11.555, 11.6, 9.38, 5.82, 2.58, 0.4219, -0.533, -0.693, -0.567, -0.478, -0.3665, -0.1654, 0.2544, 0.896, 1.679, 2.455, 3.129, 3.582, 3.879, 3.967, 3.824, 3.492, 3.025, 2.383, 1.561, 0.4963, -0.818, -2.309, -3.717, -4.754, -5.156, -4.9, -4.168, -3.42, -3.225, -4.254, -7.04, -11.51, -16.56, -20.25, -20.73, -17.67, -11.94, -4.535, 3.527, 10.62, 14.7, 14.73, 11.34, 6.676, 2.91, 0.9873, 0.826, 1.151, 0.765, -0.6855, -2.484
-2.229, -1.795, -0.8374, 0.2402, 1.196, 1.817, 1.732, 1.111, 0.2319, -0.533, -0.992, -1.314, -1.885, -2.824, -3.8, -4.285, -4.117, -3.492, -2.945, -2.639, -2.338, -1.794, -0.8228, 0.3818, 1.345, 1.641, 1.207, 0.3577, -0.5693, -1.171, -1.466, -1.662, -2.137, -2.77, -3.338, -3.607, -3.697, -3.676, -3.393, -2.66, -1.476, -0.0465, 1.112, 1.634, 1.33, 0.3564, -0.823, -1.782, -2.314, -2.525, -2.482, -2.361, -2.316, -2.29, -2.24, -2.09, -1.929, -1.69, -1.471, -1.223, -1.028, -0.875, -0.761, -0.723, -0.8013, -0.9004, -1.0625, -1.28, -1.59, -1.994, -2.496, -2.984, -3.375, -3.586, -3.596, -3.436, -3.232, -3.219, -3.67, -4.746, -6.383, -8.21, -9.55, -9.51, -8.05, -5.53, -2.58, 0.3748, 2.684, 3.604, 3.268, 1.858, 0.2476, -0.887, -1.385, -1.233, -1.073, -1.113, -1.447, -1.961
