-7.297907038618015, -7.735975545411853, -8.016660289005106, -8.313208211639791, -8.636624447651483, -8.93075370860835, -9.165574498693156, -9.333024096347353, -9.387951006608082, -9.225338688288664, -8.769316307072332, -8.107414934181117, -7.489089537209754, -7.143244213165923, -7.119416622819023, -7.328171527010096, -7.662347599298886, -8.029105920236612, -8.333693860380619, -8.50174636822612, -8.515375336446052, -8.412907270921842, -8.255528408424011, -8.101315998115656, -8.013845425144282, -8.073826521226172, -8.327519025702918, -8.680415216012173, -8.872200131745466, -8.649550082367208, -8.017106631352695, -7.276634822605607, -6.763822463003948, -6.5717918836441855, -6.579323560547752, -6.669650962284481, -6.81742299516336, -7.022728606822283, -7.266174241107518, -7.523713789393796, -7.786663735796608, -8.06569992242143, -8.382862298808487, -8.7561388133938, -9.180053960849675, -9.607148665274668, -9.938402963499968, -10.038200020425357, -9.798350173536315, -9.244476271955294, -8.59751495169319, -8.198084697592268, -8.322332097572064, -9.025681650687316, -10.132742144082561, -11.350361729690528, -12.386928267650072, -13.013916444391638, -13.083421111153084, -12.547762872878879, -11.50640889341085, -10.229550996439034, -9.068997039802625, -8.266815618119416, -7.824794590298489, -7.589006239643558, -7.454417966407622, -7.434503701400323, -7.562465652434055, -7.81171472463564, -8.112073615727201, -8.39491014650612, -8.620298357691784, -8.783704257575591, -8.907746652750442, -9.024575177036088, -9.156907348712199, -9.306584052637252, -9.456083290183626, -9.580873024108662, -9.662673355042102, -9.693806702766166, -9.673008456752191, -9.602108966111466, -9.489651506161648, -9.356461126125593, -9.233015353735935, -9.144167209315098, -9.087551632961286, -9.02150414316522, -8.881752603126294, -8.631138052587705, -8.30342987519724, -7.973332920860303, -7.656112514158597, -7.275988534032991, -6.801093037833726, -6.388804039144905, -6.315674605370936, -6.7049225270575645
-2.729688513437394, -4.039954749548846, -5.066768455410277, -6.191081159941223, -7.333958482188535, -8.293996619499634, -9.019547384343383, -9.558322455017821, -9.81592425958259, -9.431985485395545, -8.061949269562133, -5.88484009645709, -3.7010926411172838, -2.3541426144753848, -2.111459239150168, -2.7219563233589925, -3.8276360079678913, -5.100437666567651, -6.200728748915563, -6.8497643557808985, -6.953238207484969, -6.617456875324677, -6.054147528598422, -5.491456940036293, -5.181821242569464, -5.414511410415536, -6.335009415863718, -7.616488992443405, -8.394360837671915, -7.799836383416475, -5.768170384046325, -3.242183430903651, -1.3742691397875115, -0.5571213967462743, -0.4465214370309957, -0.6827556611934811, -1.1871745460675354, -1.953753886668793, -2.906756774220604, -3.9489159451385887, -5.027326073038085, -6.147833867979972, -7.349407084191177, -8.656395754285299, -10.024723658346256, -11.29766674062457, -12.184719198726903, -12.29657720977711, -11.327071691752503, -9.399330519119015, -7.279103769425298, -6.079464772143596, -6.5689329276782304, -8.709546766028351, -11.826452505332147, -15.090086584384087, -17.831687536819235, -19.58820952986058, -20.01395844301675, -18.844428147660118, -16.068973204894156, -12.210704003367944, -8.289879034232387, -5.2581827751796535, -3.3855795453091426, -2.3362979894016997, -1.7943717849799852, -1.7480476588711698, -2.2369315587415364, -3.1287300014295703, -4.17360260962046, -5.13960696130577, -5.89092056474302, -6.406850701980645, -6.758940437794893, -7.057649320328081, -7.388881913563179, -7.769712166311698, -8.146603923259827, -8.434271861188066, -8.563900488869674, -8.50617182606616, -8.265794794171704, -7.873182883605308, -7.38964900246072, -6.911117540965509, -6.54454358353446, -6.352507067478455, -6.292215634270207, -6.196246234429524, -5.845542197747676, -5.1371863759368885, -4.217182468494846, -3.364299726022818, -2.648748720180947, -1.8205874324134046, -0.7344671959680774, 0.19146342090869253, 0.19128686394217007, -1.0352328513353333
2.6620267805796463, 0.4514928211632837, -1.7000556514218241, -4.004225474772329, -6.103863411572959, -7.65239104189381, -8.704727492440178, -9.543379385195635, -10.149124007847144, -9.868830914664596, -7.860671321738343, -4.118742896970306, 0.0764779704196031, 3.0404893726563067, 3.9829963956698005, 3.1687135078814093, 1.2067776797412537, -1.277086498902542, -3.5989374589399206, -5.147159894370447, -5.629247086254753, -5.153748024131589, -4.098267416420679, -2.938520104075381, -2.2105084790049196, -2.486313687841062, -4.056900467932569, -6.395282273833425, -8.020328432860927, -7.3044871894359495, -3.868774434556037, 0.8287474914097248, 4.6716344797248475, 6.698201717222297, 7.308947458536072, 7.060637829772421, 6.092871446979466, 4.452242192036326, 2.330950655407754, -0.022508094174874663, -2.4301419963448736, -4.820631920091059, -7.1908964938605795, -9.529658074144695, -11.736543103262207, -13.562496811710467, -14.581102518914259, -14.228648851967794, -12.084713230288013, -8.46787761961255, -4.793831605585593, -2.944168562791142, -3.957204982954293, -7.421046255128524, -12.099644601689322, -16.81565187169216, -20.804996046220467, -23.62742753870125, -24.90978608878239, -24.132481586074842, -20.79736108369825, -15.090688502429947, -8.331694107637107, -2.3499841168180975, 1.796094244158952, 4.228051169448686, 5.40424005407177, 5.473427641366599, 4.500234549484513, 2.7789330770675047, 0.765427197341677, -1.1189997989197544, -2.606519844432246, -3.622732026928479, -4.267052026964023, -4.735677840490628, -5.208248369123801, -5.750632256552381, -6.290182474565482, -6.676706263145161, -6.778969313977673, -6.546728756849603, -6.016504349633995, -5.293405946312533, -4.535876087387995, -3.9292199899002833, -3.6243508320211837, -3.65116690008052, -3.849884100835829, -3.8778250739836038, -3.3513440175716096, -2.1234620834776172, -0.4970446086318916, 0.9735632283599837, 2.0739699403935314, 3.1894828698772386, 4.682477189570127, 6.105516757201987, 6.3880661599990205, 4.970164855202681
7.5219837015963495, 4.628168668263567, 1.3603794352738037, -2.033407931225439, -4.83226416881907, -6.601723050275243, -7.618685831883392, -8.532983235902622, -9.527527533254265, -9.735404827671237, -7.739869350832311, -3.0412381102067694, 2.966099038469466, 7.844487382228652, 10.029043859225267, 9.504510242902763, 6.982224467813109, 3.339152912830774, -0.3847987105993994, -3.1667576040753587, -4.381543164179898, -4.006154454570806, -2.516547674327094, -0.6533865438299993, 0.7080353281473226, 0.677069695253836, -1.2145769266971163, -4.3594009579605455, -6.875363926202267, -6.486044608760176, -2.2903042344371225, 4.159490603686975, 10.02031361075871, 13.593983588944539, 15.014074216001484, 14.867155282929057, 13.36527311655561, 10.665599010281472, 7.143498469554261, 3.2590170676222794, -0.6308776426253102, -4.334287741618267, -7.776000545231, -10.893869855699236, -13.530904407152482, -15.365295341211144, -15.899604514585079, -14.54570788634755, -10.993026073437436, -5.928415601602807, -1.3623089012455323, 0.4048850559215186, -1.4773310726923847, -6.012828168835537, -11.550493254126469, -16.83728120770628, -21.20880313158399, -24.398013781870116, -26.23300165209089, -26.22439163431238, -23.468686432272428, -17.42072268000757, -8.97960916714899, -0.3933323710562489, 6.310822522750469, 10.54309166069859, 12.635462612836381, 12.900021618589227, 11.576538883793571, 9.112409163205916, 6.129772658117136, 3.2291427748767427, 0.8439054845404246, -0.8339874949601812, -1.8644130114207464, -2.4892175076261336, -2.9866439211155638, -3.513687363119847, -4.03325991782964, -4.374493216690334, -4.371384102805613, -3.9719723189355802, -3.262757304647466, -2.4338797903692857, -1.7246669598050237, -1.3552166566086032, -1.4411779800730224, -1.9131217882856664, -2.4768019910215595, -2.653618084763486, -1.9577459038677143, -0.22698902711569888, 2.1072800306658093, 4.237408424630016, 5.722304233546663, 6.936084236400477, 8.469356540652505, 10.131757867529336, 10.87606615285481, 9.867525307454757
11.181120468844634, 8.074513403022598, 4.062087764594167, -0.09449291142319191, -3.3104968444008924, -5.073716257423233, -5.8673417228515286, -6.692326691295245, -7.985453405747037, -8.82105113887355, -7.342681241197624, -2.4329191123117933, 4.818409026513138, 11.585500116591108, 15.485905687121322, 15.913618902368361, 13.427287023437469, 9.018714918457865, 4.0161911045553085, -0.14041304355805384, -2.4012241822751097, -2.471408066661724, -0.8110664035881298, 1.619308098356495, 3.618435658686146, 4.019725175479266, 2.2093606604849, -1.250887395056962, -4.413668053539296, -4.6740225843775125, -0.5712228575864375, 6.705644185438945, 14.074231295409469, 19.14401993504605, 21.47236430051295, 21.45915622952572, 19.396858194370246, 15.634122007047193, 10.776617718514801, 5.5044014332576845, 0.3420283459381639, -4.415741154513892, -8.639484173683929, -12.232590231564885, -14.992399651561994, -16.527429650684677, -16.2919781076648, -13.783991949164902, -9.00528270041016, -3.118463993585931, 1.4934543459796623, 2.6022879971776933, -0.11988137695143246, -5.223745192825882, -11.019610099423703, -16.39896539495561, -20.745480705425486, -23.812348106547944, -25.61427266928453, -25.965260056093243, -24.000042950278157, -18.61803764595024, -9.869443432870074, 0.3260310995555443, 9.343845573062634, 15.652112783119247, 19.088892108919765, 19.97373911749407, 18.68566393203034, 15.777677263106039, 11.99044237222474, 8.089384794293222, 4.695446838051736, 2.1745458739945547, 0.5881325656758762, -0.27448290278785675, -0.7560804611437049, -1.129969225944992, -1.4630575396584689, -1.6411502625508676, -1.520135331820639, -1.0693233116178893, -0.41369242481799645, 0.21499879205813902, 0.5649516820403692, 0.45530901852591654, -0.1453583643567985, -1.070125713987618, -1.9471001719334133, -2.25266133308607, -1.4796622527197234, 0.5393821999465498, 3.339220794924226, 5.991349951020527, 7.847405088238569, 9.122912910174149, 10.500927892617899, 12.144714054174289, 13.309866723237034, 13.040542935735283
13.300407312283753, 10.570845879770227, 6.344368991309848, 1.7842835164223048, -1.692761093704056, -3.444492195627374, -4.030470162748611, -4.672179111763836, -6.057230239192478, -7.390617937952423, -6.640436767571657, -2.1411042711703208, 5.621153126732744, 13.910138948316721, 19.73038362806163, 21.693314977713708, 19.928949735252502, 15.363719499108814, 9.492463717892479, 4.090376995058643, 0.6274787104040721, -0.24722880685054427, 1.144581921060111, 3.7358771520877037, 6.109750325083103, 6.953317792299634, 5.592352428504531, 2.4411304219307177, -0.8434771614375133, -1.7683981339190065, 1.5248751392608724, 8.524330532858384, 16.456418210645392, 22.519679480662997, 25.56854783203059, 25.630398171157644, 23.05026680072307, 18.410956912791832, 12.550123540080314, 6.317392678181201, 0.3369693208434119, -5.051366108132564, -9.704654539411504, -13.521554922073769, -16.279680550519533, -17.538353188288028, -16.715312799312322, -13.412152442937764, -7.956087569476525, -1.8824251479300962, 2.3650955945412013, 2.9589693412206173, 0.05055400232893303, -4.876392314079262, -10.456219591802334, -15.78233723435237, -20.139750579903996, -23.087186017193137, -24.62990593196769, -24.886399327373212, -23.382096718453894, -18.953704436960454, -10.900794875566003, -0.2864571352846499, 10.35442171874071, 18.74652416655767, 23.957228281414682, 26.00887948164301, 25.275063952073157, 22.36135234778713, 18.100968573843584, 13.404971320035717, 9.066483730443112, 5.633208897161551, 3.339856294004593, 2.0908811030071326, 1.550600430687873, 1.3470088783428202, 1.2657975589047652, 1.2903997368888152, 1.4822588117840076, 1.8337926772126756, 2.2137140590636926, 2.4137889001008834, 2.238656510943505, 1.5882119292391903, 0.5105604146498102, -0.7778942153633172, -1.9007070990786565, -2.368063898818247, -1.7141704758178777, 0.2281124303442822, 3.0538871026419607, 5.883338287769828, 7.9814457943737676, 9.355183439349172, 10.600791662384857, 12.129718546438758, 13.61899143008117, 14.229282130076331
13.84116957719254, 11.94691489388885, 7.997237476721579, 3.3690070280278763, -0.2594157864662772, -2.0619772443754028, -2.5142809276482323, -2.8869735124126192, -4.086117882340717, -5.62863705160628, -5.607828653878411, -1.9999884534478285, 5.447285171797352, 14.525501722912907, 22.014231118536934, 25.762569981950612, 25.26935747602308, 21.208979550968632, 15.08407884089524, 8.84355863079252, 4.263496449535945, 2.3420208430679583, 3.000029885420347, 5.228687837996459, 7.573440338515657, 8.73091386483282, 8.056100389419942, 5.783045355663967, 3.0480389749770067, 1.8070286532459738, 3.9634718533921305, 9.731653950711374, 17.083321790314827, 23.259011514702685, 26.56222861001499, 26.58465671174515, 23.649602932418272, 18.519412724073163, 12.184179851045993, 5.5630191321833244, -0.7048313325627892, -6.286276011698272, -11.050711727522994, -14.908971995408917, -17.645700654630723, -18.81511336639243, -17.82850049461139, -14.341268873369595, -8.834060319449213, -2.946780200422656, 1.0677682894537694, 1.7935639980680604, -0.4938751482629345, -4.684604850019768, -9.827319707582713, -15.077784164646953, -19.529927966930366, -22.51253765829213, -23.891612982504324, -23.907654351069656, -22.52058568316711, -18.914125689796055, -12.067262079966545, -2.111977354421217, 9.115164230426586, 19.13818793472262, 26.271688081550053, 29.951419494078863, 30.319052440764217, 27.944222797824594, 23.718408155198492, 18.661078517750607, 13.68734754384866, 9.485382065373113, 6.465844934827349, 4.706907525666691, 3.9646600521168325, 3.8296828928979543, 3.9476441359662053, 4.134723251924915, 4.327902866286848, 4.469448399666954, 4.448457908898821, 4.1267094205451915, 3.400903337391267, 2.2542898296965994, 0.783792375837866, -0.7902789837444536, -2.1278899938706806, -2.8045624315188946, -2.4224315546603115, -0.8264642750228676, 1.6735868552736826, 4.345062625305284, 6.483565391316019, 7.926940783554144, 9.089255022892637, 10.480233287121127, 12.173785285913413, 13.621595855432924
13.13538212494612, 12.228772489027701, 8.873348931499917, 4.462157464000139, 0.812702125199302, -1.068119346860078, -1.4533712444136027, -1.4950947934463008, -2.237581037183164, -3.6211082103138295, -4.1477072988635895, -1.7204073310279897, 4.606688320264607, 13.45951725648984, 21.865745654020174, 27.17347941507992, 28.203636811603157, 25.215699455500587, 19.536165887688554, 13.080147216430031, 7.741597497229735, 4.778153862415656, 4.403382883273403, 5.823647371595996, 7.725258682932789, 8.938900687769513, 8.918659045949738, 7.7864721734662385, 6.167655355431088, 5.24098826120295, 6.501119429522283, 10.609457042991371, 16.450711949944996, 21.78070802318292, 24.745395302906015, 24.60801893350562, 21.57576105892639, 16.429554607366295, 10.158781157095296, 3.644958875122565, -2.5079790249789378, -7.984543330507198, -12.661122405961725, -16.453738038968655, -19.1604797818134, -20.366569805762563, -19.520342360196075, -16.29166417084334, -11.121801159824239, -5.490657049293412, -1.3414124423645324, 0.11246439472344888, -1.128550886150484, -4.494902412187153, -9.265463973302065, -14.452479944787921, -18.975746976908365, -22.065610328395124, -23.46231315326336, -23.34314540681723, -21.918947317754558, -18.860674505657464, -13.289695324901786, -4.722903506145874, 5.950681173654494, 16.668975638290615, 25.368456367746347, 30.835979220036016, 32.76273612017148, 31.52345748697534, 27.972244776363112, 23.163200632673526, 18.064337731488813, 13.441448005412349, 9.846851055734755, 7.550905301793593, 6.468902153703123, 6.23550540761786, 6.411938786468981, 6.661653432331342, 6.786890226180318, 6.671309977382398, 6.230078212103002, 5.406313289025522, 4.188822426582702, 2.6252267904036026, 0.8326551530656875, -0.984136687912956, -2.5196177954742893, -3.396565362711149, -3.2715930792774928, -2.0132469112256195, 0.1313045373993035, 2.5564553118579334, 4.612376921027709, 6.01924754070156, 7.020940110791257, 8.160971140700743, 9.845160351241994, 11.877278845319406
11.746061578508371, 11.668160141995955, 9.002554797405127, 5.002481523785616, 1.469676479943933, -0.4799059123398432, -0.8737806258730334, -0.6090094637476549, -0.7278427307506656, -1.5786955820209752, -2.272270800096052, -0.9849369507487377, 3.6792359407174944, 11.277822837085798, 19.517986491146907, 25.69248658870072, 28.105092906907515, 26.515308577919505, 21.893617015636615, 15.91462211360822, 10.389741280395414, 6.692814572182917, 5.295306410621268, 5.694375047444862, 6.833641849000473, 7.754607265745128, 8.058325720018063, 7.880507342075149, 7.556410393606322, 7.557863863977856, 8.647078619179625, 11.433466347013532, 15.514851126090695, 19.42944642298631, 21.60438896241897, 21.201370257892105, 18.256430503916704, 13.396248179986864, 7.471816892927573, 1.272760997472495, -4.628698141153401, -9.913085284379576, -14.443571977157566, -18.12261390393505, -20.7455170737297, -21.9316592520648, -21.19821648895498, -18.24244650652917, -13.392463343884616, -7.855440601440157, -3.2946082658433, -0.9658751681766872, -1.331881819679099, -4.218043847921964, -8.839914590405176, -13.967818319389515, -18.47227762242838, -21.660430399698054, -23.2279617375421, -23.187375282529196, -21.76161711728342, -19.003389052582207, -14.4551120162965, -7.49662975480969, 1.763158207396093, 12.050487661545372, 21.472777575151973, 28.4270521443268, 32.09486299706773, 32.483567145785734, 30.246070364998552, 26.34641692418614, 21.718610483471164, 17.140572527403958, 13.25698801281403, 10.514297350190295, 9.019611685705557, 8.523670909712653, 8.58268750973812, 8.76304597953287, 8.75426878917559, 8.379809328941517, 7.5688086540331145, 6.3280185209702475, 4.714548771025699, 2.8142652620163853, 0.7475818083861112, -1.2915420517470755, -3.0014128523392682, -4.004342844385325, -3.9716075017132204, -2.8003124024356705, -0.7458662691750586, 1.6075315988889465, 3.5996638522432205, 4.858706429207534, 5.532338635471243, 6.222240901627885, 7.612162860991772, 9.828914370305704
10.172268610049786, 10.597486613006607, 8.546508511733121, 5.046492022145309, 1.7405023017356087, -0.2550437800239385, -0.7506140599853901, -0.3111954277160469, 0.18710198906512238, 0.13351734821966676, -0.2322077414096365, 0.3378890361516337, 3.299606337638414, 8.980301404440798, 16.007427090162672, 22.09436314772309, 25.367079219937082, 25.138166606740317, 21.905489879311286, 16.945400933304477, 11.829345917920664, 7.9003752851554205, 5.782834299979117, 5.2328384936398935, 5.475414869783283, 5.790610997306512, 5.947978024286979, 6.194097853498906, 6.843830257097295, 7.989551940295202, 9.679377223046904, 12.050049854787725, 14.941059926568045, 17.572112625930405, 18.88462919803156, 18.15758735462974, 15.287464710122686, 10.685554760068456, 5.032603709234849, -0.956220170468794, -6.708859939420444, -11.878884423239061, -16.300244764711998, -19.84326830254001, -22.27416323268367, -23.22328286255003, -22.285485695538615, -19.237207453720288, -14.360504773604989, -8.673061640094074, -3.705463897403093, -0.8824776339917993, -0.996051603766004, -3.910919763144978, -8.57092118494747, -13.590194799100006, -17.972289183104834, -21.22570062650715, -23.06559906335699, -23.317645776012082, -22.043995975950857, -19.455700621957206, -15.539313043299384, -9.923428672684778, -2.357134168215656, 6.658006143100604, 15.810838712537835, 23.550047698020258, 28.727356758474635, 30.924954496674353, 30.437876269432074, 27.986539054897445, 24.36425263532639, 20.293889081612583, 16.46072308799851, 13.449568932239234, 11.555607532773962, 10.687868901221801, 10.47158659958739, 10.44950367826103, 10.243710583247385, 9.62698024474644, 8.524583650511815, 6.974421342459828, 5.066458355425261, 2.8982409125468442, 0.5868728080099697, -1.6662639279446176, -3.5241176023422858, -4.558555775970145, -4.414530693437144, -3.0202763539343236, -0.7138032079896068, 1.820370707284082, 3.827168898236561, 4.8640677472873906, 5.074423093708451, 5.165941241930117, 6.038749847373578, 8.056408109342039
8.662941979111691, 9.281708289701308, 7.705064578910113, 4.714096258701274, 1.7002888932958111, -0.31599764634138755, -0.997033451392635, -0.5745749464431898, 0.3625226364456058, 1.153700168110609, 1.5285414373093034, 2.030007050926642, 3.7849252047981174, 7.520572613027576, 12.737519256595549, 17.879991055385922, 21.280277539841073, 22.002154480131896, 20.086527763026048, 16.353643233775163, 12.04750314471689, 8.3609328850425, 5.94071516694312, 4.703668923559816, 4.111299165852025, 3.6712954939281346, 3.3143953549320915, 3.4125578306089865, 4.409567175677916, 6.376333177890057, 8.975393485655436, 11.79330171739542, 14.468307123451897, 16.514140402354997, 17.300477703351323, 16.31545175879618, 13.411426232008404, 8.856466625739154, 3.228331947087722, -2.7814065132477626, -8.57564579345915, -13.768179462960584, -18.148002410493866, -21.53183113236057, -23.631481133789574, -24.063828191109277, -22.502789678165215, -18.87279236978451, -13.561677505267312, -7.599780415571979, -2.5401418681698793, 0.09840068059097608, -0.44475873029156965, -3.737287256516011, -8.447992408717889, -13.247130508365098, -17.424307822999282, -20.72322964862477, -22.89223381409109, -23.593673395292644, -22.66133234999058, -20.255288407228125, -16.642034583707446, -11.8462534607622, -5.673917427648854, 1.8340145782391382, 10.0277970917442, 17.765610630417648, 23.88974250214591, 27.67715749135832, 29.017523354529327, 28.27229598842042, 25.990469516317155, 22.771362971322574, 19.28818248286154, 16.214338997524234, 14.001150402965068, 12.723651197224275, 12.125600368581194, 11.794120415916336, 11.337946061856353, 10.499091205028485, 9.184596228268326, 7.428271971377008, 5.3149007751499, 2.929928670453091, 0.38770119778286954, -2.0802235909259807, -4.067981543062073, -5.064447731768414, -4.667049395897545, -2.843190379347412, -0.06774692458067648, 2.793615460154912, 4.848375746257287, 5.623271883473041, 5.3360448635893984, 4.821037408195741, 5.111726666178238, 6.700771194948024
7.2610205044803555, 7.88350328923453, 6.657608374958388, 4.138157215599569, 1.4346944514833346, -0.5776068952030333, -1.4831440291694573, -1.2456193838849168, -0.139506149791586, 1.3063172113803507, 2.563382930417323, 3.5646754616758587, 4.885231778463437, 7.234691538569515, 10.688555001079767, 14.448006585100288, 17.313075409043524, 18.365647585836037, 17.353357752520214, 14.708460710319274, 11.331805308564213, 8.177367557950996, 5.79308553626399, 4.153410838312347, 2.899000403910531, 1.7442605269914357, 0.7569287142306778, 0.3761374658032833, 1.1503366514694662, 3.3073631661643668, 6.5088306594384955, 10.0493450808662, 13.223829179757757, 15.457309998233413, 16.25997648617527, 15.260235211394777, 12.336881063108512, 7.722060159986358, 1.9716653829071549, -4.209846591017581, -10.18771080706153, -15.51830857337498, -19.915203071014492, -23.1112085429258, -24.74653606199754, -24.42093918981532, -21.904922689156123, -17.345592371140388, -11.394344007933796, -5.27440109120211, -0.5993428064280568, 1.252877796890835, -0.09233067129206868, -3.781968018495369, -8.386433789291797, -12.841905900843082, -16.780823442160596, -20.134492631727202, -22.65949351688636, -23.895130844988255, -23.46569683892452, -21.36013917258087, -17.905323195944632, -13.443273387802483, -8.066178503925903, -1.7346364804814856, 5.35572701980817, 12.576065195835355, 19.028792581438903, 23.912285157175603, 26.80414058941702, 27.691030065390233, 26.81945466597492, 24.60935474077209, 21.670003697392715, 18.70719691825723, 16.279431914882736, 14.608615213257085, 13.578466961956492, 12.87016253061419, 12.128760287915155, 11.089997086370792, 9.63408731971967, 7.759105002106405, 5.5097704940541865, 2.940555479729982, 0.16862308003294119, -2.5215118213757135, -4.631883056668821, -5.557491208371361, -4.852041557443564, -2.5383434425697446, 0.7455349223215736, 3.9308771846796997, 5.998802591242838, 6.495175732067459, 5.7581532584075585, 4.736375879440274, 4.514108483744709, 5.620906954705367
5.959073131431197, 6.512040597817044, 5.549743435950712, 3.434256473159177, 1.0156485495962169, -0.9708427587468265, -2.07790753631998, -2.1009337940228616, -1.069668418004944, 0.6965650185615907, 2.6574021510986072, 4.3873057733481176, 5.923157710848807, 7.669095816304694, 9.889155294882107, 12.325752763175837, 14.300003916994502, 15.131152606248618, 14.508491128152802, 12.63050244296967, 10.09319187872049, 7.5569964389984445, 5.383491359502295, 3.5372581517135386, 1.8080903683134282, 0.10877264253662441, -1.3811895722738061, -2.2411336034554608, -1.9498074104646756, -0.15827896751992182, 3.0075485384006395, 6.905355273696508, 10.661265495790955, 13.477772416737803, 14.750254065009276, 14.0865908570472, 11.3667531525896, 6.82102417348063, 1.0085104197124004, -5.34685240461101, -11.560106156899153, -17.09611812778082, -21.546645304109614, -24.526262046935717, -25.600216220265825, -24.376520184004143, -20.764312929530032, -15.19874629276957, -8.68778584264418, -2.7006808921382315, 1.1924986829939723, 2.003046811415721, -0.09930675015692028, -3.9479112243833105, -8.238930825380036, -12.281436788739544, -16.006867022525277, -19.448492564249896, -22.338101522637988, -24.132692509784103, -24.308979489268715, -22.66101928612881, -19.40879797753757, -15.021060456451227, -9.883517108286263, -4.13581993996048, 2.1674508100591954, 8.77703513233571, 15.149829263148908, 20.60713031062154, 24.587771812368672, 26.790180015189655, 27.171875674993963, 25.94975187724172, 23.626349338209277, 20.883938338175394, 18.333229302244465, 16.30942915671902, 14.836844351685455, 13.720757853545459, 12.680952169844407, 11.469436768142655, 9.934454581568307, 8.01191338552939, 5.677560212890309, 2.9420048912250705, -0.06559780241341419, -2.9863924522136656, -5.214579186551166, -6.0542631111478205, -5.035685073127817, -2.2591433786619177, 1.4678845523487718, 4.892259682834935, 6.908114172037519, 7.120677366051709, 6.003805468583986, 4.597754496373699, 3.9819612833189, 4.663005374680027
4.791559047414052, 5.264050711339275, 4.494177671259733, 2.689024689549735, 0.49680796612741324, -1.443886596970625, -2.6735009983065496, -2.9197380989997086, -2.0927979352454553, -0.3346364748634377, 1.9518661376971527, 4.257911639210217, 6.271793128047642, 8.016030961577481, 9.645929038876305, 11.144994190199785, 12.24020038761964, 12.58061700108163, 11.985508192374562, 10.574951781780067, 8.70367250819905, 6.729167917468412, 4.795056052941294, 2.8381843118935923, 0.7970286348225231, -1.218021080768667, -2.940540288503155, -4.043668989703538, -4.172610800067916, -2.9989830088602405, -0.429795220063624, 3.1832730502466093, 7.086905041659434, 10.385190087942867, 12.286181917586985, 12.240048075477155, 10.026388647521966, 5.814014717337527, 0.12723423453483118, -6.306490942487499, -12.737391727681972, -18.49805616395979, -23.010962846023485, -25.744743802760674, -26.201695395959383, -24.04590568579019, -19.380486350396716, -12.964110993918586, -6.156546732537935, -0.5927876291257494, 2.3625690707001863, 2.2376279671425405, -0.31605199158764957, -4.028937631127863, -7.871848028933293, -11.513983613336112, -15.088626238087533, -18.65545801390907, -21.90485072144314, -24.245822883235462, -25.07184009622233, -24.018826636110237, -21.126392984910744, -16.808940894477722, -11.61061826112165, -5.920931827005956, 0.09799862161753538, 6.337242433254381, 12.530533620404741, 18.21084548639072, 22.83870102178206, 25.962242266545587, 27.32449363764268, 26.955158212375604, 25.225980326453477, 22.74908789498218, 20.13647307524831, 17.799847545618906, 15.893747362362989, 14.363096595808972, 13.02898610468399, 11.676801912840267, 10.118319576644792, 8.20561593875101, 5.823328896733974, 2.931323873245277, -0.31778132336144693, -3.471252905529937, -5.803251450003817, -6.533673503071723, -5.19422651934283, -1.9881660737574864, 2.105295084180267, 5.676465234629066, 7.5727616642503905, 7.486373790074722, 6.03250216625774, 4.3320452435567525, 3.4347165095454395, 3.7879836952290247
3.8199819782152926, 4.218601431090811, 3.565971418024004, 1.9596421659621768, -0.07739741986476527, -1.9468560645565973, -3.1840384814787543, -3.5319530709136484, -2.908435996751074, -1.370027672884225, 0.8562468096121226, 3.374213265699525, 5.762070521761126, 7.753256884797697, 9.265747740986015, 10.282795837928628, 10.756436089445437, 10.632882566637015, 9.937300862521402, 8.806652922371901, 7.419951328771387, 5.870801721286945, 4.114202266381753, 2.083026798478532, -0.12623868861397228, -2.2190713720175377, -3.876160307506624, -4.915677555752049, -5.232381214997457, -4.641646733502606, -2.929687364790312, -0.11509223403973336, 3.368007121874463, 6.74088091456107, 9.118811252179787, 9.759009504567429, 8.245503071021448, 4.589643885187784, -0.7869272356591692, -7.1825498993004295, -13.776528310163487, -19.740115786201386, -24.292971624025554, -26.742917077166492, -26.55199041342409, -23.49596036957327, -17.922730791945, -10.911313290588119, -4.08979190922514, 0.885652932991421, 2.976822162598945, 2.206644742222208, -0.4688542679813143, -3.854268119915817, -7.229917093056145, -10.54071133062121, -14.028246053206352, -17.74029090536594, -21.33233521192854, -24.19140175876524, -25.67180924611173, -25.304110532771322, -22.95144847349327, -18.870163272836177, -13.59779809235192, -7.6961981285109555, -1.5374912861167833, 4.698359318424382, 10.854675248746206, 16.644491702021863, 21.63615797823132, 25.354440796344406, 27.427329563531327, 27.74263406924649, 26.539478133547842, 24.32991628751273, 21.68798799585636, 19.069462705783078, 16.745050902091073, 14.80591273979781, 13.191617108897496, 11.732215280368315, 10.198074848876404, 8.340208088062969, 5.93691803259597, 2.8959765604980037, -0.5940152838085124, -3.969541255206983, -6.3744596727400715, -6.9496121563412725, -5.250929338552213, -1.6126125233593944, 2.803530979452096, 6.447972384838354, 8.152652776156582, 7.723070990433914, 5.9312458284661, 3.9853021961529858, 2.898635942102135, 3.0317956451156287
3.0823504085665046, 3.4142390968954683, 2.798975053023461, 1.280725936322389, -0.6608923741761328, -2.4196040750543357, -3.5374576611559876, -3.836341485287384, -3.335072989838527, -2.0935607529872735, -0.18977463659546687, 2.1826076790271767, 4.676451719920235, 6.892260999373626, 8.520484676576759, 9.413882272804763, 9.586268989644944, 9.179809983359188, 8.40515372218121, 7.447338343972218, 6.368306627639003, 5.071667964487113, 3.394350197657107, 1.3075730480054835, -0.935542050917635, -2.8950993704058745, -4.247252151602885, -4.984032867205179, -5.263824456424968, -5.088674919444793, -4.214265756470093, -2.3977345075689076, 0.2838294453951511, 3.311952950025748, 5.854766227279653, 7.038267808300531, 6.225585055200792, 3.2062365157537216, -1.7592006186513176, -8.028524437538813, -14.719847868824072, -20.83554658550502, -25.378290374370472, -27.492558627330823, -26.62636677386289, -22.717430481794437, -16.39391450821605, -9.023599899459738, -2.389657431786683, 1.9638179408749494, 3.365807825595491, 2.225200919884597, -0.36764642179652485, -3.3748427672592785, -6.341917171443794, -9.396035123276544, -12.830483140180439, -16.679718914688188, -20.58579269906344, -23.931821164806824, -26.053944162528364, -26.417355781532635, -24.748721172654328, -21.1247000150966, -15.961397970681494, -9.857052970748128, -3.3594876429123324, 3.1742043524020187, 9.53388432145597, 15.506676117821012, 20.768706313091066, 24.896537560015055, 27.49036331280566, 28.351703996536582, 27.603361625442908, 25.646358650941306, 22.992770643037765, 20.117930426796566, 17.394730932911465, 15.061657602028108, 13.18671489863576, 11.650961180439436, 10.17838867996293, 8.406755458472233, 6.000176128790854, 2.818196446872438, -0.9021102262741972, -4.473541848166551, -6.902620177033767, -7.25529214055612, -5.131369821247232, -1.0254994938621234, 3.6971411083398964, 7.351265170683299, 8.780026026021433, 7.935719023009158, 5.7739127129123595, 3.6050351645329153, 2.4061574340680596, 2.4263817232123266
2.5703692296425515, 2.843189006812765, 2.1939735099464635, 0.6757066352486784, -1.2006645699883849, -2.7924915222650757, -3.6744427918365066, -3.797141891219132, -3.330340195076457, -2.3846749704634655, -0.9245253973235035, 1.0736958175711073, 3.431769102195611, 5.748156960543472, 7.557840440713526, 8.545455544348005, 8.6760749412129, 8.176332997650965, 7.376986567641059, 6.506323274258907, 5.561383678203, 4.343003443313334, 2.6519422203309664, 0.535347274538027, -1.6178927163079013, -3.2833060783275156, -4.190593145274774, -4.519008581980043, -4.654958252752267, -4.752808891174449, -4.566411067787156, -3.681596090276534, -1.892109483678552, 0.5590670622579845, 2.9848914988360553, 4.475424915358521, 4.218784712159378, 1.780540318251192, -2.7638513644429343, -8.859045559884281, -15.584340112012658, -21.784984780219823, -26.24902423364994, -27.963921765048685, -26.38845609470171, -21.66090497545273, -14.708823589472969, -7.147142952199985, -0.8134686766924775, 2.9458149648931578, 3.8092356883446574, 2.457434740307763, 0.012988063629277713, -2.650874902322725, -5.279511580015442, -8.118569682972513, -11.494914245402093, -15.447835842055992, -19.629328641870462, -23.430577388392436, -26.17641167778939, -27.28729902644651, -26.394138491835704, -23.421105582003687, -18.621547632225273, -12.516178781669234, -5.7223963617465055, 1.2338462129245782, 7.995245514264917, 14.305787472444676, 19.887712195916333, 24.381841261526084, 27.41196203389142, 28.741179788423032, 28.4018759436083, 26.689009688313295, 24.04300016828902, 20.942562715704923, 17.850141067389025, 15.148571013419199, 13.037936467869613, 11.452236237230052, 10.064964021529212, 8.394792934231313, 5.992186981224964, 2.6775792027618004, -1.2519335691453284, -4.978147453400999, -7.368938286191744, -7.4216657929865315, -4.798197566409086, -0.18188229789573118, 4.835812636134949, 8.435485833606718, 9.500255505954417, 8.165822420947144, 5.595626011704037, 3.21331976419739, 1.9628864891226545, 1.9665737252784756
2.238670440328462, 2.4660084457334586, 1.735424293023863, 0.16712695451581075, -1.6385526208128156, -2.9963474722057977, -3.552233404463913, -3.425870904484576, -2.9524172499282226, -2.2943336137226864, -1.3147171017531534, 0.2120038512343863, 2.2972247312249903, 4.606881719036859, 6.592123263909036, 7.782443167033599, 8.036417714563564, 7.575666359975656, 6.781284079646915, 5.910063101770291, 4.941108614713981, 3.6548040908535278, 1.8867494869050412, -0.2185407716133565, -2.1725581184303104, -3.435786254530896, -3.8496272655870127, -3.7855769468188516, -3.802521426352904, -4.133016302824989, -4.501694552315968, -4.376132994851663, -3.366837682816425, -1.512482718810422, 0.6516114278571526, 2.24696907174682, 2.3620762173519076, 0.38596866577417716, -3.778378679179491, -9.676492733719646, -16.37513839517864, -22.58513679910392, -26.892920001141928, -28.141050508756337, -25.82093836453911, -20.298044927183245, -12.805732364612561, -5.166738483984093, 0.7991164898334047, 3.9861439104925664, 4.388422402288615, 2.8824394885494113, 0.5822003646567153, -1.782605292011531, -4.109770013823528, -6.734254139433452, -10.018982508330192, -14.026810175285414, -18.43634513622515, -22.655415487660985, -26.001292300899514, -27.858467175955457, -27.788210307917574, -25.600338493156315, -21.396845169268342, -15.565409555601082, -8.687559978208844, -1.3783982887983757, 5.851939354372205, 12.628495402726513, 18.638970059206276, 23.55194931742046, 27.023548724492002, 28.80648110356858, 28.868520204889048, 27.412911853977572, 24.809043107088485, 21.529560950338308, 18.115317628904922, 15.086897369754025, 12.773718186793147, 11.160132293527518, 9.866558013994233, 8.294551409786523, 5.891006620119641, 2.451669032130314, -1.6565795810716815, -5.4841594129975775, -7.766738214645085, -7.444083197140912, -4.257722945334758, 0.897503296776662, 6.188907577151417, 9.672316244297134, 10.30194689275854, 8.424507128609378, 5.418870259550898, 2.8227430568066585, 1.5564420186616126, 1.6167857546108086
2.023680038207172, 2.2312532951761854, 1.40588473040888, -0.21965802822665786, -1.9187428147033796, -2.974532603349936, -3.147426978369548, -2.756418306352489, -2.2941209829718963, -1.946145227474398, -1.4621509847362775, -0.430793430277525, 1.3328362753992478, 3.5798611993575857, 5.722599295261223, 7.163520425730978, 7.632894359149451, 7.286977877230406, 6.501159485758094, 5.548454571413903, 4.430559908534603, 2.9745508043694517, 1.102513971354586, -0.9373422990196055, -2.5979679088997245, -3.3891884217621495, -3.3129339222084857, -2.9332823592843846, -2.9295185695066666, -3.539314967058792, -4.411011201341436, -4.90599214803405, -4.520755680908297, -3.174313202564846, -1.29492517703936, 0.2903831972074203, 0.6329921751149175, -0.991667280468421, -4.819422357307834, -10.498106977043692, -17.10523572933847, -23.242900438255433, -27.314626769532758, -28.03461777131, -24.946807404659918, -18.660545626681333, -10.711213970316734, -3.093280226860415, 2.44215832852594, 5.052867053824741, 5.023449443546663, 3.3854151157904235, 1.2282520422785952, -0.8480577781363665, -2.8720316515203654, -5.257625208309609, -8.407213816784504, -12.415914929551771, -16.997385907361593, -21.584259574790448, -25.493726127890426, -28.081104091975536, -28.851160075802365, -27.526866531465497, -24.08859724756849, -18.78632080744145, -12.102925076829136, -4.6510116430872275, 2.963594937042217, 10.234846807660034, 16.75761715188983, 22.172343553517468, 26.142365333821008, 28.413746915876434, 28.906845848210615, 27.749069947523637, 25.244420312810995, 21.85447613086712, 18.188587485815052, 14.894910664416566, 12.422657441084494, 10.799163779979965, 9.59133448655495, 8.094503021569354, 5.672231213529452, 2.114899394876392, -2.1337632034843703, -6.000181966928203, -8.102806191169956, -7.340214866533547, -3.5499323403993586, 2.1484826946112654, 7.680935708003903, 10.998985437436149, 11.15585672469192, 8.717590066677309, 5.264618014070243, 2.4417308048821944, 1.1645233313788377, 1.3251871580866235
1.8577212142515342, 2.088289158454496, 1.1913823911822943, -0.46075041968689445, -1.9987066620962453, -2.6938886096668284, -2.4579176479818403, -1.8260086510074627, -1.4288205460150623, -1.4384682586231414, -1.4709860709011158, -0.939813706338422, 0.4897957373437675, 2.64829345702331, 4.931598613354071, 6.6412421307529925, 7.375410862830817, 7.187621397137198, 6.407378762803282, 5.315469317783089, 3.9674883463516926, 2.2861147744637593, 0.31362265288051466, -1.6005448863053755, -2.8882395707947115, -3.159397697863623, -2.6095545961385005, -1.9898324670178678, -2.0602067331823624, -3.015262644098439, -4.396040858610618, -5.456136658642446, -5.607159725377748, -4.697821498797471, -3.0920273270456535, -1.572101737495898, -1.0897222859720683, -2.4331945879972396, -5.94302871507202, -11.365149754167048, -17.805966337375846, -23.783095930232015, -27.539063055061604, -27.680987283885955, -23.82524886279734, -16.833878256688937, -8.529800953824394, -1.039962806365015, 3.9972932656467046, 6.021427826239083, 5.591155293143022, 3.8632066112531236, 1.8831476784473251, 0.11864082820548576, -1.5820423777191814, -3.70277406401921, -6.67889046119, -10.635086095183864, -15.323200685110326, -20.210595522601363, -24.62743021341791, -27.91032503617334, -29.515455112926247, -29.092747869157176, -26.525336593157462, -21.94415685936472, -15.715955100233328, -8.387955491399186, -0.5867726935395111, 7.089237797368857, 14.12773670628146, 20.096967543319433, 24.628469655875715, 27.44555736039419, 28.42505349527166, 27.62911171872017, 25.301994565978056, 21.891450365034885, 18.06616661438385, 14.587884982124283, 12.009003654801035, 10.38795457564879, 9.24067216393154, 7.776673528683014, 5.3061007882076865, 1.636906122872824, -2.70694647288504, -6.54315428982044, -8.396155958854228, -7.144530288141533, -2.735440384544559, 3.4855764807969822, 9.219220748679513, 12.34193345788241, 12.024576886146772, 9.039431736431279, 5.138242777713197, 2.0633549077333826, 0.7533888721006348, 1.032292218122919
1.6767891079797386, 1.991425063210011, 1.0785170959880934, -0.5428404772425925, -1.8604494265574005, -2.1535973210439745, -1.5064602362265236, -0.67075212298214, -0.39152632163824175, -0.7997020701018157, -1.3679561353050096, -1.3465125542841343, -0.2696807790057776, 1.766744980089153, 4.15849653091672, 6.129560525451526, 7.150484689638289, 7.149389941361782, 6.380846434678421, 5.124996999812273, 3.510802478657923, 1.5881750221561193, -0.46017856599432544, -2.1897876846455366, -3.041755854374831, -2.7608562983727545, -1.7507513290150694, -0.9345095369069149, -1.1224933966256063, -2.445532760113641, -4.337804946925287, -5.95762560586955, -6.643404087082577, -6.182840041565476, -4.884389674728861, -3.486495064730722, -2.927185492412427, -4.030044144740069, -7.218328722508284, -12.333238594974606, -18.52413241765459, -24.245667197028517, -27.60398404555842, -27.126517823867832, -22.524576685255283, -14.91554694158182, -6.383264857178656, 0.861604956921474, 5.339194982946109, 6.7864983786439455, 6.01696465747613, 4.276033900953578, 2.53468117678466, 1.1163572404157727, -0.2470882465354311, -2.0923166633707484, -4.869931840060107, -8.723671617715391, -13.444735056257427, -18.54751970552831, -23.392674260426553, -27.313212947286758, -29.725468178932314, -30.21263775051895, -28.573167383186036, -24.838032563983028, -19.26570045925146, -12.31247056955908, -4.56826359303835, 3.3340303124070836, 10.799365503422825, 17.30955131140567, 22.432831552966135, 25.845487045389252, 27.37271596871395, 27.013311555088247, 24.954058261398863, 21.626558390541163, 17.749549682033987, 14.179971394087469, 11.549952650564842, 9.933919495644204, 8.803681587866425, 7.3127259014921675, 4.755489303593592, 0.9818053721357806, -3.4053360163726807, -7.137445986160145, -8.675260183183763, -6.902315658034833, -1.885471439268599, 4.814633494851067, 10.704020845124523, 13.617378396667668, 12.850528228488473, 9.35323102135172, 5.011091297484843, 1.654750862069888, 0.2766896815362683, 0.6767811069820495
1.4251416640353993, 1.899099130185948, 1.0481194520880721, -0.4721499725635449, -1.5181881953548735, -1.3898958172214178, -0.3446962120859289, 0.6663257006753488, 0.8071356260994369, -0.0019302267121957106, -1.1016991618109782, -1.601353604114017, -0.9187139587355078, 0.9290920749750305, 3.360912016712868, 5.550607245895466, 6.852449343815036, 7.056557171224003, 6.319676580660703, 4.908922155231203, 3.0328852755368736, 0.8849893714067077, -1.2016950347738637, -2.6959790146126963, -3.0718212306625285, -2.2285921105741253, -0.7742293167478034, 0.22334435102360564, -0.06937470810312225, -1.7171459285945454, -4.0737864828755255, -6.237654162444213, -7.492448689499469, -7.557628845695783, -6.664748737016264, -5.486552116950688, -4.928516962582259, -5.832900555259766, -8.695370652782605, -13.453004750099339, -19.309061989855433, -24.673862433732857, -27.544737896903065, -26.404718499108817, -21.088063990775083, -12.966653576321516, -4.3468536142561955, 2.5368266300542244, 6.411200242952453, 7.320622492863965, 6.303622448203921, 4.647013099853686, 3.2094975697439043, 2.1586415740826244, 1.123432679080495, -0.459153194394252, -3.029711902108108, -6.736766151316712, -11.411750392718636, -16.6299982235949, -21.802753618647706, -26.27793499324998, -29.443839671835665, -30.82224722511001, -30.13173535038545, -27.314031211672518, -22.532221104134354, -16.150406853848647, -8.692750684119456, -0.777840560878874, 6.958549359681547, 13.926016919376094, 19.618083460044893, 23.64454723378271, 25.765511126671488, 25.91083205620656, 24.207909248080053, 21.069180959164783, 17.252652398866008, 13.686909157654428, 11.054642262589974, 9.43051575587406, 8.255008416176729, 6.663626537636731, 3.9772998952550926, 0.11043800421004324, -4.261358856804582, -7.811784689842971, -8.97356157094071, -6.663090208824308, -1.073707192734712, 6.0400182701389955, 12.030625703258494, 14.725482867370403, 13.544236070504583, 9.579518071180319, 4.814422433878248, 1.1578084767752999, -0.3190025606889587, 0.20250510813052555
1.0590849525467134, 1.772444368974951, 1.0704233411520567, -0.2787726044721535, -1.0190989643966712, -0.4738856249525447, 0.9464419306118553, 2.1238074327578653, 2.1518061169891345, 0.9934111879807831, -0.5937192854225954, -1.6132603437306359, -1.3815955718378985, 0.17631903941615087, 2.5363664734955935, 4.858906843922662, 6.40275471871962, 6.81687133696291, 6.141437612112246, 4.61274714080149, 2.512485595430471, 0.18013255423804136, -1.9003074122190253, -3.121893687831028, -3.009771175283216, -1.6246758127480252, 0.2412519784332886, 1.4135147560968326, 1.0629811296863196, -0.8153693382636894, -3.5335476038749993, -6.179036729880234, -8.013404013824049, -8.687582131713619, -8.327797829304783, -7.503589543984859, -7.05729890020317, -7.83114268883619, -10.385100021982048, -14.75229271695592, -20.196380905196392, -25.098317372688978, -27.377238775070683, -25.516573263084418, -19.51014804941069, -10.98333458228794, -2.417688371488731, 3.997312543741896, 7.244305790415925, 7.677556516729189, 6.519939965295035, 5.043411234077081, 3.955535390471449, 3.2631795724513286, 2.515607109588444, 1.1567482045679782, -1.2158375705545417, -4.740610785198556, -9.29001228781391, -14.514298779090485, -19.89630509922825, -24.81942602505995, -28.65865571345121, -30.88177527948545, -31.13043989781617, -29.261218418388044, -25.350095378282266, -19.67544261827083, -12.687480151840761, -4.961583691608706, 2.8644816371398507, 10.156885855126461, 16.342748442450656, 20.958510573461442, 23.68821456037389, 24.38444877382199, 23.11092109430143, 20.256693273082256, 16.605144245143773, 13.127468369945037, 10.524516556558057, 8.85837113784674, 7.558272411753376, 5.785564228134799, 2.9297410838749864, -1.012381191541728, -5.304105709288725, -8.593028749262796, -9.322537783648894, -6.4721316269980615, -0.366665178554538, 7.073436426416529, 13.09512565118764, 15.553025801308069, 13.986934747755095, 9.601742385541575, 4.448252683929138, 0.4996071247548674, -1.0840588344831559, -0.4335284485958357
0.5504503348726703, 1.5758762604643215, 1.1048099828183924, -0.014202556032853983, -0.43598032273247256, 0.49857657583216797, 2.2629077679626497, 3.6153368610077834, 3.5964121100059603, 2.1892950646977885, 0.20196656356016007, -1.309701781474521, -1.5807438005829295, -0.42988833806610965, 1.715061301855895, 4.046309690361355, 5.759148239655698, 6.369093361478897, 5.786339396768342, 4.194944323735845, 1.9326364709801946, -0.524769873499263, -2.5513158675691345, -3.478977979542799, -2.8981968669583287, -1.0266395100236452, 1.1922826857682571, 2.5233355196357743, 2.1689694281204073, 0.17434084276061407, -2.769710124884006, -5.788723177435828, -8.1615251366485, -9.484836316818159, -9.764000287404983, -9.430214205633003, -9.225528270911814, -9.96504563721696, -12.258164769891422, -16.227348768538306, -21.195137554743194, -25.522797607676583, -27.0850131568968, -24.42132483460312, -17.73244447583153, -8.89862134129079, -0.5229614048565172, 5.326333302558978, 7.938196412902444, 7.972233511730106, 6.782478790878971, 5.561793158991146, 4.831961298885423, 4.447182450387547, 3.911212935771801, 2.711763906054692, 0.5108593572771768, -2.80713580393105, -7.156187148488204, -12.273868424304343, -17.734840576166906, -22.97952928567777, -27.386597791367247, -30.37984428145145, -31.528343745806378, -30.60563961993555, -27.604135620170766, -22.721469705723248, -16.334213012283975, -8.961919636236697, -1.2183529615602717, 6.248099177910034, 12.817463965134124, 17.958528755891773, 21.275782391771344, 22.5387667243891, 21.74373704725858, 19.250855260392836, 15.850629540463215, 12.523297340514533, 9.9561185066294, 8.192448782324446, 6.677697566189241, 4.644399671149096, 1.5871431826736808, -2.404570448994418, -6.54817979141939, -9.496592160633138, -9.742379131012342, -6.3600218127911115, 0.18845320086187875, 7.847276607477176, 13.808489363352564, 15.989260665762147, 14.049582906653798, 9.287065312544819, 3.8000636806931904, -0.3936055888376438, -2.056266563702242, -1.2547852882282753
-0.11079052948916628, 1.2801530868166147, 1.1045929281256044, 0.2573902224613241, 0.14642550753028727, 1.4231001516416688, 3.490527556357871, 5.032863679468212, 5.053580480656881, 3.5282847230937673, 1.2626408096671187, -0.6785131485415554, -1.476308823778676, -0.8372429155482811, 0.9426767524974261, 3.1361913840906936, 4.916743547696144, 5.686132622782633, 5.219436326236658, 3.6276526008848715, 1.2808371463912027, -1.2290759281383439, -3.1529738250512507, -3.78081913209448, -2.778734550181014, -0.5073869135756396, 1.9803033287652, 3.437024386214383, 3.1216435152979978, 1.1188684628574541, -1.9112544058751002, -5.172323284237451, -7.996582033728177, -9.950215080679879, -10.920325394533698, -11.180169184289484, -11.339209719842762, -12.153510974289695, -14.257314945344671, -17.844023929074307, -22.281844940820427, -25.915712260989615, -26.61387752728389, -23.039795941681273, -15.65895336202132, -6.609297587869584, 1.4456610475826837, 6.644505809383335, 8.634328513510185, 8.36244856870304, 7.241604327400942, 6.315062158146687, 5.897696589263024, 5.71948108285993, 5.2843823392421045, 4.1595521526766595, 2.090706388160539, -1.0072484492204112, -5.090182962406179, -9.991987805059884, -15.396505814276946, -20.822478071127186, -25.670974032073545, -29.33415887661978, -31.314973373083248, -31.30707603039832, -29.221471389454052, -25.177367373896445, -19.478605883368438, -12.583950471713177, -5.068634649915773, 2.4260525127522143, 9.253930887825662, 14.829358567398252, 18.68177512856505, 20.49764921037775, 20.204780172052793, 18.12752896148594, 15.040914688939269, 11.898892459703127, 9.348527415433866, 7.417268508879066, 5.598951102473352, 3.238305801698329, -0.03911454845594518, -4.0493449122570375, -7.979804695045403, -10.515190684956114, -10.231976080438178, -6.332212986616449, 0.5761090199783349, 8.32994862646055, 14.116046780254107, 15.950809143159963, 13.622453278663716, 8.516092075511565, 2.7684098523433307, -1.5822602524388922, -3.2543740848901717, -2.2621386588631363
-0.9151987766775913, 0.866696223271338, 1.0250492636739208, 0.4713583917831688, 0.6476600808643626, 2.205351268349526, 4.522910747502147, 6.261067811698884, 6.404411667161312, 4.89742292949641, 2.4960003367371564, 0.22432217059518558, -1.0800162478841702, -1.0191593369979404, 0.2659978085633182, 2.17355067572311, 3.9025039079568247, 4.772340000841508, 4.429236029434125, 2.8959500353710204, 0.5490051815816552, -1.932117410117514, -3.703583879127442, -4.036976540980189, -2.6810722528191566, -0.11799299401396358, 2.5363350317140014, 4.069737754106714, 3.8183655913501435, 1.895713779666619, -1.0960099961921965, -4.467430056143815, -7.631591580428758, -10.148951412888048, -11.8040361746344, -12.710622721846137, -13.326176556095435, -14.318071374725756, -16.313479007157667, -19.54530210692042, -23.401327023602807, -26.20891125754661, -25.87538395529868, -21.268716901723288, -13.18396464183087, -4.014155219094986, 3.5929980660326817, 8.080897715078072, 9.499230240668103, 9.035252713391923, 8.062070670341296, 7.40774643343216, 7.188264324753606, 7.064459170565108, 6.59389507698874, 5.450417033425326, 3.4697605296528544, 0.5970899320186782, -3.1657254424133545, -7.7524314339547695, -12.967717000079974, -18.427780148936527, -23.576212658306893, -27.788320343097105, -30.50922171211339, -31.357359495881724, -30.16568447848251, -26.977111262559415, -22.02278552442819, -15.697219930124374, -8.52827417222707, -1.1354318373569583, 5.826457789610268, 11.732568521965439, 16.047258595512787, 18.37976752540203, 18.59159915981875, 16.963158892243133, 14.228828355778296, 11.283345345090781, 8.715498523329904, 6.547701258313216, 4.353928204073093, 1.6213861676628232, -1.8812129291935082, -5.880366662177969, -9.545410077684384, -11.60978018350246, -10.761376192201825, -6.3618906479011565, 0.8208578959370156, 8.537827426941902, 14.015287230217407, 15.406528884956757, 12.645454406302163, 7.213941742798451, 1.2884671145650168, -3.0981068627803863, -4.672562016754608, -3.433101637915893
-1.833800717848878, 0.33134488957695907, 0.8318253497926993, 0.574641328216621, 1.0060820547063587, 2.777627488715756, 5.280512819808381, 7.199858972907483, 7.5249426819038625, 6.157155807122131, 3.7671750624261855, 1.294234360887569, -0.4465218605735672, -0.9764310472228516, -0.27532912792995035, 1.2146294995879254, 2.7659728417878844, 3.6569997144458983, 3.424332533085375, 1.9970825382005597, -0.26577778158290943, -2.6318376377228794, -4.199586326309024, -4.24984878413991, -2.617820724051964, 0.12009728467325317, 2.832619328157964, 4.38528690631959, 4.20743489719854, 2.430647971845258, -0.42182356612376454, -3.786728467357033, -7.175343127157106, -10.163022236804343, -12.453215269877717, -14.012574206926601, -15.141362098675591, -16.395210010727062, -18.358275250997412, -21.260097666159812, -24.471896987858134, -26.303302255294646, -24.758779864409277, -19.0033189980785, -10.224463171566565, -1.0480709693642232, 5.9966825229508185, 9.76332149847375, 10.715610218181858, 10.18250001896415, 9.382006769301338, 8.891907285225683, 8.682052976133212, 8.423159602612843, 7.7765248915369884, 6.532459937208132, 4.60546149600716, 1.9611123195776357, -1.4408143000472329, -5.629819548835126, -10.534296802151443, -15.88238198490497, -21.18096464607455, -25.806229688788623, -29.155748153606343, -30.77819894413939, -30.43318089184205, -28.091555361639777, -23.913062730197193, -18.224700575347004, -11.499211982503873, -4.322642019194646, 2.6557254628704223, 8.786182879135332, 13.480255279432809, 16.279644405315487, 16.983981420190972, 15.821227963248356, 13.4609189731146, 10.711906179872987, 8.095485791661766, 5.643318076495443, 3.0338166264577464, -0.08814405983908369, -3.811421360391566, -7.780428946832563, -11.150286491364772, -12.707733943366845, -11.270166526425433, -6.3889951057370595, 0.9885527630362922, 8.53896800602192, 13.56462071210736, 14.39241147851787, 11.128617355362826, 5.374569122499755, -0.6439502116534114, -4.926634707410039, -6.272728303433334, -4.721098833309091
-2.8196896119397605, -0.31402279262069616, 0.5071708907497331, 0.5347018727646774, 1.1883896446352404, 3.1093785640482317, 5.725391791095804, 7.7871244444621075, 8.31808969438091, 7.179424769880587, 4.936393159566376, 2.4079909864299247, 0.34403240208976926, -0.7326419282082003, -0.6537047192099054, 0.31754763497463284, 1.5702357711268942, 2.3889257558280064, 2.232776755010535, 0.943496536929258, -1.157045196214462, -3.321640486592148, -4.6344126295391534, -4.415309738991311, -2.5863559371685882, 0.21272016897491405, 2.8810794653993237, 4.397451127143738, 4.2940936005482016, 2.7093892248405753, 0.07149489722232902, -3.192843194433631, -6.70097616346577, -10.057724919432463, -12.908255264058305, -15.093032515532215, -16.760851629223723, -18.338833597318647, -20.329799588205603, -22.90915817785483, -25.39207062259711, -26.080137257803052, -23.15039732444329, -16.164345994043913, -6.747528794770016, 2.302395873827905, 8.708381956707202, 11.82029199565114, 12.459105517885405, 11.946340685131727, 11.247571892960492, 10.715934530488463, 10.273471881911279, 9.686310722006274, 8.750496137981987, 7.3582713889574505, 5.473515868300739, 3.0641605986276113, 0.04981509585399671, -3.6815156627849137, -8.173538433697809, -13.273418686228853, -18.571371677315963, -23.465684628000474, -27.31952281268299, -29.61743860790625, -30.05020688718432, -28.523058341215748, -25.129317982350173, -20.127541418507498, -13.927777283785646, -7.070783794281762, -0.1868622512807159, 6.062609589719831, 11.048812031299741, 14.257243558674958, 15.431616687843766, 14.740498736692887, 12.768722534374797, 10.22024218444476, 7.545349359087029, 4.796494641898635, 1.768828819507573, -1.7345309555774935, -5.669209073969588, -9.603589301014226, -12.673595860525698, -13.712049288135525, -11.673801423668214, -6.3262328997719015, 1.1797623187582449, 8.446826205636386, 12.87884020761214, 13.010383621649337, 9.156786325663981, 3.073167150042894, -2.954698452432335, -6.990907877199597, -7.976084575013369, -6.0548998615452065
-3.8129611130638064, -1.042914329408201, 0.05267678327589159, 0.34376231691016207, 1.1924655338629648, 3.2090337909576934, 5.8663830244082344, 8.012516872010755, 8.738007614255826, 7.879593971422621, 5.891995897793479, 3.45067546226638, 1.2020458024923495, -0.3299443801629465, -0.858078744012591, -0.46571603208094553, 0.385536017693581, 1.03511253828439, 0.9063920957908144, -0.22930581726185847, -2.1010944609035374, -3.9855479489948706, -4.997950749275537, -4.526322022072409, -2.575835141478178, 0.18347983760461165, 2.72248269204265, 4.159051924851492, 4.130161044249502, 2.7680168878818985, 0.39434736860239133, -2.702165773958167, -6.243646985951243, -9.873217787748391, -13.20027537972214, -15.964546329792764, -18.175120463625383, -20.11700440081472, -22.17157679300137, -24.406657961963738, -26.04778014685799, -25.417022535100106, -20.957775121868885, -12.722741559685328, -2.782260037230019, 6.007851590243967, 11.767969393536475, 14.365879984988805, 14.838461710547174, 14.339784717839233, 13.553168947956888, 12.703240448826609, 11.782842778505993, 10.717584973800633, 9.437671932307454, 7.899634070947207, 6.075367079476989, 3.9134306355653665, 1.2982058063850808, -1.9427718150324937, -5.948392728751843, -10.682395103321058, -15.83540352192314, -20.852327127227106, -25.079435385723713, -27.94353267818649, -29.0690400793499, -28.301883236464967, -25.67808657441378, -21.392228568413532, -15.786748037795874, -9.344790519019066, -2.6630822707306137, 3.5988730346574376, 8.784592113393995, 12.335728956047452, 13.947862101281403, 13.726262614724343, 12.156365082976182, 9.823792393386082, 7.105753365071505, 4.081388352753053, 0.6646296268859261, -3.191250819845168, -7.3208864105477, -11.221154204569375, -13.999736416894928, -14.521270977061567, -11.876864912099773, -6.070104134649874, 1.517839482395796, 8.4056849296131, 12.112367808271541, 11.413874084438017, 6.883515358230041, 0.46936056437433005, -5.483510221096467, -9.145045674064058, -9.661899659980639, -7.34263692983424
-4.750940031234044, -1.8186774651203024, -0.5114285142843079, 0.018198695638308678, 1.0436041587825549, 3.1168767631687273, 5.752465204177104, 7.916719942925948, 8.798332762586808, 8.232728931589811, 6.570797638275911, 4.334760960515082, 2.0411500459192764, 0.17459505440722378, -0.8981175472785538, -1.0969899320686718, -0.7168883092262495, -0.32064149218639243, -0.47544721443449217, -1.4560591314574607, -3.0506612206738852, -4.594931839028018, -5.277515296706075, -4.578093477358144, -2.576001758154546, 0.06179955501313375, 2.4116706703769224, 3.744424536855079, 3.7936813632973703, 2.6703674484510422, 0.5844517022331939, -2.3050082447510816, -5.815140743725996, -9.632370421873672, -13.353030915736399, -16.64318806855527, -19.384827558482712, -21.706624988509205, -23.827967821650944, -25.660222263009317, -26.321639411364345, -24.207525119616378, -18.13312976422938, -8.713108856249486, 1.588758942512273, 10.017006025871169, 15.199916450964423, 17.445520848534457, 17.815439287392266, 17.194439387247876, 16.047688104424886, 14.606724612471721, 13.028809246228464, 11.41795890931038, 9.807340434640382, 8.169971404443466, 6.445246445098782, 4.54350281089406, 2.3216139204361816, -0.4261232570280264, -3.9045163603379636, -8.181230807446603, -13.058728200473885, -18.05482224256922, -22.522095902825296, -25.838795527619183, -27.56271368388423, -27.48312750353153, -25.589436269786923, -22.023656272963592, -17.06265130740423, -11.122382481221148, -4.750496089664951, 1.4110116749649064, 6.6928740969109475, 10.507598443630807, 12.512560657235657, 12.747675203651141, 11.586398172624165, 9.484758250660256, 6.745570101675269, 3.479153692937201, -0.28186741015968353, -4.442960317676055, -8.730240477545944, -12.57636172645367, -15.056602479338684, -15.054112387567754, -11.78876445713673, -5.513041284615106, 2.135007489067164, 8.571539288754124, 11.438067246632396, 9.794087048421146, 4.528585711619931, -2.192599999275978, -7.990688012008544, -11.18832845868744, -11.184087360190144, -8.486671200447953
-5.583146652571328, -2.6006752017269377, -1.1494241491403703, -0.40613201475786415, 0.7855193904040874, 2.891323541991299, 5.456694459802786, 7.577144430373141, 8.563235670737651, 8.27176827069609, 6.963344578060194, 5.010411081435342, 2.7891221487678552, 0.7151738194739177, -0.805917303761212, -1.5606214873737791, -1.6767002472650065, -1.5888592321061594, -1.8140899684477063, -2.647175678560571, -3.938698951815451, -5.111920647600227, -5.461793451599966, -4.573153569191817, -2.5839677425076255, -0.12638810151036134, 2.004608027299134, 3.2317237394638436, 3.366208463746845, 2.4816864657253976, 0.6798495975686989, -1.9896726359819252, -5.4220581173345375, -9.351593743538686, -13.386839649825706, -17.14747285282369, -20.396818560883656, -23.08842502917675, -25.241082918880704, -26.574391169211648, -26.1064451165889, -22.381709103439242, -14.689170655150196, -4.2307774502643865, 6.249784211587537, 14.2636778185246, 18.973872661376486, 20.967603380142084, 21.17036300352871, 20.204600869554433, 18.446916341159195, 16.246309618589947, 13.951467103444891, 11.814636844297395, 9.928581230455414, 8.247433145270183, 6.654422543799035, 5.011645817767895, 3.1563499260497574, 0.8751769103623714, -2.070158029308671, -5.830053788835909, -10.322048499341157, -15.16176996471154, -19.73706440681188, -23.392684068513656, -25.61851375501317, -26.14326975142584, -24.916809039613423, -22.04511898735019, -17.75203030585262, -12.385019368695218, -6.4291354200987065, -0.49006644960386714, 4.7701580887254424, 8.753486780568116, 11.089264238123402, 11.747075697977799, 10.973754819668066, 9.087088224026186, 6.321260029745175, 2.8301176554420686, -1.2296838885415549, -5.628796519872464, -9.9979838293487, -13.71915688146239, -15.843055931624294, -15.26814012817429, -11.335616758945093, -4.553626500301177, 3.1581021592757144, 9.093725585653981, 11.034937900959322, 8.382004670737839, 2.3830326035327287, -4.596469163611351, -10.1932124701354, -12.91198352515124, -12.412397983494069, -9.411436964824832
-6.285636567844889, -3.349800500818262, -1.8146556564588605, -0.8816219799168932, 0.4683365181354843, 2.59285330959265, 5.056807793864619, 7.0866963738703355, 8.126801224373049, 8.070775799178376, 7.104643377454111, 5.4659898283543775, 3.396579808447087, 1.2278097951696243, -0.6317072641980956, -1.8706707813868264, -2.4630188582947024, -2.7000594611181397, -3.0189946966732677, -3.7134088947192274, -4.6976112147880515, -5.502261589680699, -5.5479487917296515, -4.524446216423393, -2.6056860472305776, -0.3611494816165378, 1.5522211550587037, 2.691127408549229, 2.91499727501278, 2.246491655550193, 0.6955116850353357, -1.7635883742681582, -5.081155551627939, -9.047549909760171, -13.316262858054925, -17.490086886438526, -21.21489199235488, -24.241115266622746, -26.351443355464898, -27.060039556661494, -25.32235220716067, -19.92293257031509, -10.702402948952681, 0.5834561499304736, 11.066242148630302, 18.64685561223895, 22.954499005602084, 24.682298720073902, 24.563128796737672, 23.062549951423094, 20.59139291007639, 17.642411456958907, 14.702462232276037, 12.11101629818562, 9.991920012031477, 8.279425078045554, 6.806337199429787, 5.388788592810446, 3.848694879407012, 1.9810855385339603, -0.4580563064492502, -3.676047764585086, -7.699120538719945, -12.25995498601409, -16.814130336906526, -20.696453195056968, -23.33097725087394, -24.37539980589884, -23.737652718671914, -21.503170215304, -17.86547617935177, -13.115685999469926, -7.669871235787037, -2.076810829993266, 3.034749269165484, 7.077567247088305, 9.65869228095378, 10.665063406840392, 10.201747267046501, 8.450972472220952, 5.601339520548718, 1.8746282419498148, -2.4414972693279617, -6.992625857194152, -11.327663721030808, -14.79107803980182, -16.426374320965763, -15.161765537685007, -10.464189557950572, -3.105191036397449, 4.694333471382126, 10.103883862044446, 11.091383249475408, 7.455044589389627, 0.7889696955896051, -6.4148331203364135, -11.849601298625526, -14.180106972639368, -13.290772840293052, -10.096034905990683
-6.8663207749673685, -4.031811850024878, -2.455762882447331, -1.3590330572383662, 0.13611816553124229, 2.27043473348896, 4.6197097384865, 6.534485116044719, 7.5896021091749155, 7.720043590996735, 7.053244601744429, 5.717304913315806, 3.8396173252612287, 1.663224118905109, -0.43021709006600467, -2.067644798290601, -3.0879535396500426, -3.63387299315911, -4.045414049802956, -4.60333344739374, -5.289350076786808, -5.754244041652916, -5.549263083500742, -4.454333364076561, -2.650225070941548, -0.622128356166689, 1.1039161012487262, 2.1828399661335185, 2.484582029941506, 1.9744944283036534, 0.6052312270889408, -1.673071555033504, -4.836626057129892, -8.746229966596118, -13.147038605671451, -17.664782947129996, -21.824691806886644, -25.133004222056492, -27.100853336906784, -27.04749687679836, -23.933374863887103, -16.876016680561438, -6.304303665457096, 5.560805135967844, 15.88403320644115, 23.00235730732003, 26.88744489313204, 28.232409119946475, 27.64013665644611, 25.560169752989054, 22.49020465507949, 18.99424642878309, 15.583853512844533, 12.618521812403579, 10.254826458009063, 8.44706255927257, 7.015433574227956, 5.745963668623765, 4.444985155271771, 2.9180289136954567, 0.931853021228867, -1.7524540650440301, -5.25420951985023, -9.432444995693666, -13.84184027216797, -17.83962165926334, -20.795064506174228, -22.282218460240543, -22.15177165857064, -20.47350179398279, -17.436591414744917, -13.302367658728524, -8.425019325361342, -3.2804859919055973, 1.5625571533794882, 5.546490458912079, 8.253998134901025, 9.4739373057702, 9.167236014748093, 7.40862780524357, 4.384103919098638, 0.406814185560307, -4.1159336616774995, -8.729298127380792, -12.907151910133988, -15.94869473848863, -16.90048848448468, -14.755477800169393, -9.138871284868634, -1.1050106006810707, 6.8184296804593165, 11.711661077632549, 11.80124396072132, 7.297522060727058, 0.04482779871463469, -7.4340687398812415, -12.87410888579481, -15.009845980332338, -13.881525226831952, -10.591971434916728
-7.355928696994045, -4.620269866947794, -3.0267206581325037, -1.7997177653367409, -0.18346294173909847, 1.9546064663924416, 4.195435112405905, 5.9956583659365785, 7.040655724045799, 7.300526211367825, 6.862957816255642, 5.7843520362495395, 4.1095232215429265, 1.993527136367222, -0.24095252007205653, -2.1973068767200936, -3.5968382738489884, -4.42719375131026, -4.917739516325147, -5.3329618598803545, -5.731419682688336, -5.894396300146503, -5.498669554486169, -4.388037553284828, -2.7169986444153147, -0.8737198953198051, 0.7205195728822478, 1.7648911978051045, 2.0974936192689784, 1.6333760677977154, 0.3258579109289313, -1.827434059071344, -4.789274559206116, -8.509498652271848, -12.890864937284562, -17.64591627634961, -22.18445183874452, -25.715675068709782, -27.436531370050876, -26.498962235239173, -21.957722947257146, -13.344409796386888, -1.6649471980040886, 10.517655534133509, 20.523452463651825, 27.09798704108594, 30.437813722247707, 31.23013208322176, 30.082270197199495, 27.541761775645938, 24.168537334399588, 20.464979080272773, 16.829948097958297, 13.579010856734751, 10.921701361676206, 8.89723299197501, 7.374486538688393, 6.139582711863411, 4.983504909193733, 3.7133153362023306, 2.1097790868995387, -0.07738678827205427, -3.0382118428304263, -6.754767446175803, -10.905166438226704, -14.907140938125776, -18.09952868730677, -19.966154252092892, -20.274500870233982, -19.064169033841416, -16.535775651251612, -12.955196733108385, -8.639911974041237, -3.9936805089241814, 0.48979650964369, 4.291884977493071, 6.966105504824416, 8.202699405615931, 7.849030152189436, 5.930811891827605, 2.676486849404076, -1.5173045753687817, -6.1774128921525735, -10.793983824136072, -14.752445175918478, -17.250935656418978, -17.31736689933064, -14.059981197866714, -7.3368449545574865, 1.4750826885237622, 9.559978892053312, 13.987206207673092, 13.30725200887773, 8.081441312921308, 0.25945935032320877, -7.6650611127346675, -13.385624066495666, -15.573465050946094, -14.347252206058087, -11.00417681740522
-7.786414878290366, -5.102360376847415, -3.5021453982107587, -2.188565953536473, -0.4842696376956182, 1.6602595600332508, 3.8232241135676994, 5.5333490541787755, 6.548837604651332, 6.8624464195258605, 6.550955731741418, 5.65500595352752, 4.181644826532856, 2.19766848192217, -0.07862426557679046, -2.2798840819638175, -4.029449621955659, -5.142687686977264, -5.7135648020646475, -5.983818513698983, -6.101199892020196, -5.989831288484101, -5.444370581230501, -4.341830568517463, -2.778420412548503, -1.0455137726169739, 0.4919638828796933, 1.505441681008663, 1.759461720496503, 1.1461796628345098, -0.2946333314282472, -2.4226087106356555, -5.132605095919651, -8.479321476885694, -12.60720607747451, -17.416737556967263, -22.237665757311188, -25.929445369116674, -27.318429730418572, -25.417176748651244, -19.468850481360437, -9.477665557451932, 3.0259720204250677, 15.266231788152517, 24.785319846896382, 30.666809582318848, 33.2609373196304, 33.31685793411984, 31.587070793076773, 28.78412576191744, 25.47352880643942, 21.964056126016345, 18.41074706964204, 15.014843515191632, 12.046657368107093, 9.690371826195161, 7.932695703235446, 6.604560998806697, 5.491702510352743, 4.392027440613331, 3.0934863178667675, 1.3466375587377326, -1.0843592095909826, -4.288909324282814, -8.080610231682023, -11.975378511208357, -15.319754152398565, -17.516127753970956, -18.22183891667877, -17.410534204975544, -15.285305065775296, -12.143730032326388, -8.30729039345458, -4.135536684185345, -0.05737369245907765, 3.4455311370353408, 5.905086287383112, 6.948750765544988, 6.379866661676674, 4.242718030991438, 0.8201706803356558, -3.469546765974142, -8.183097397397738, -12.811518938945671, -16.612463944017293, -18.57165782055456, -17.626096861025324, -13.049213146688807, -5.047821277520417, 4.616462401501464, 12.883134363615886, 16.909158174558836, 15.592839538241368, 9.739819557381917, 1.289507495327838, -7.300842634703996, -13.590008544740266, -16.063850159124822, -14.843643418184852, -11.428206992352013
-8.165217574351642, -5.4861814063434045, -3.8932229894743475, -2.542415447461188, -0.7771677072180512, 1.401401329531522, 3.5491062194751457, 5.210239632819836, 6.161783524564478, 6.409035693195287, 6.0666624317496485, 5.240817136432692, 3.963677175125905, 2.2151702328366234, 0.04402324147505276, -2.2968764194075786, -4.373558097770827, -5.806099513819031, -6.504876930852829, -6.660173838742564, -6.510046497121351, -6.132733680393019, -5.437167279269226, -4.308600400812604, -2.7631261457580463, -1.0159006022998556, 0.5498872222601402, 1.4912839583656667, 1.467540644233773, 0.40270772470611915, -1.4637045276073857, -3.732414229918795, -6.158101454806403, -8.903603352215605, -12.446478881438649, -17.015757726874458, -21.948321015028885, -25.724296647950887, -26.730809467746088, -23.849173552442114, -16.58764638723904, -5.453134707365258, 7.577823690174101, 19.62829761226068, 28.47766480846007, 33.46940990203169, 35.08580969504405, 34.2271783706582, 31.89411118492935, 28.997636649112753, 26.071822716259447, 23.14871340212682, 20.034928187301155, 16.73067626512485, 13.535185960140968, 10.804765787902866, 8.703387062946032, 7.162773941256209, 5.9914456145483115, 4.977229358514219, 3.9052875175485027, 2.5305016452941085, 0.5934324425205911, -2.078069913024673, -5.43023632144986, -9.107090160233382, -12.510463301300549, -14.991893500212695, -16.085627486822165, -15.652241741273496, -13.857051194325496, -11.030898065062777, -7.540879894481195, -3.754927412518621, -0.07404752003973704, 3.049642857672565, 5.158037937052463, 5.886249586244107, 5.0720875542277275, 2.8115004293108306, -0.5995041136257512, -4.812793420642904, -9.50554762951421, -14.214610946443187, -18.031585446414578, -19.60390508384503, -17.660112183075817, -11.658169638351767, -2.2838460277652035, 8.239063784396228, 16.657944043971472, 20.30301222326842, 18.41230661565469, 11.965127780444902, 2.8529996937293487, -6.514254843834706, -13.549663678188594, -16.488717344184163, -15.370849891841933, -11.868996798053502
-8.461723634576444, -5.803035624005829, -4.252432375947035, -2.9043743907675283, -1.0706669657991312, 1.2177312585074118, 3.4495198724676084, 5.101911956094444, 5.90822382669146, 5.891236985159681, 5.279400183331108, 4.352101927846826, 3.251951088087186, 1.8866646566217486, 0.059006936798211646, -2.2202069356851033, -4.549640480771117, -6.351368139235169, -7.285498129033661, -7.422673418155361, -7.055964718349573, -6.41161056084822, -5.512953532280006, -4.245438410030348, -2.5477118481920775, -0.6100185594769024, 1.0655726819984717, 1.8331664813785797, 1.2389697094005785, -0.6796836332386368, -3.3579253583695157, -6.01392868965225, -8.173281788998448, -10.086385226090098, -12.642261564186656, -16.56210982560323, -21.336480990971335, -25.08659391129612, -25.694173049604824, -21.88425862393196, -13.468401589965417, -1.4562412127193698, 11.816082460934865, 23.45340980121977, 31.454435173189445, 35.36022066092427, 35.79381343596121, 33.87498974170998, 30.9006048636522, 27.992151132731912, 25.654709416871636, 23.63052754141622, 21.32090845270878, 18.432926532337547, 15.217239735819858, 12.179050172423501, 9.690869458046226, 7.842082131429779, 6.511224797394126, 5.494140313237573, 4.569103701726638, 3.4923863320895405, 1.9959075583888717, -0.14777623968482992, -3.000757335453335, -6.350904124965979, -9.703788697220805, -12.412475668324866, -13.903793145477897, -13.887432347113764, -12.427883622285098, -9.852325927795041, -6.590640127433546, -3.073259910649969, 0.27804002189165533, 3.033188514912663, 4.786088482654717, 5.242650908492484, 4.307642497886881, 2.1008858304231404, -1.1304794439334376, -5.152998954238598, -9.77827986429906, -14.60722151012574, -18.588890425746744, -19.985093181507196, -17.195362922187073, -9.815878367291196, 0.8994888347957776, 12.188895800600534, 20.64748141479965, 23.83865708705889, 21.347794289167478, 14.349197636056207, 4.703624506778075, -5.309999897659249, -13.076067319434957, -16.588579006805137, -15.710291640676944, -12.202678368894636
-8.62512782190391, -6.101394612304026, -4.656239534116254, -3.316365833396962, -1.3367925970498378, 1.205181587000768, 3.6498309983953137, 5.307131946058191, 5.816084390989313, 5.248229468989124, 4.039285633117149, 2.758895063280762, 1.7657538152409733, 0.944246175647803, -0.2060462762491611, -2.0734614066786765, -4.449823097854235, -6.6180960226284, -7.932867586529915, -8.236239828490916, -7.777951157479754, -6.880404113873079, -5.675527435927011, -4.0684713116046405, -1.9650422042214462, 0.3804981573524534, 2.2346444298161967, 2.684196545542135, 1.1888916942327605, -2.015630964766704, -5.939612193669944, -9.310471498597774, -11.318202185213728, -12.241582019266723, -13.421309563839412, -16.22470439085901, -20.485705707109798, -24.05470459050268, -24.270216700232446, -19.64517111968616, -10.281470184960872, 2.3373050252898726, 15.5961658920426, 26.635881124321706, 33.64518526080177, 36.32429416089901, 35.455465559221516, 32.40742670365259, 28.76519098322428, 25.845519786166374, 24.15098513003705, 23.1882589645799, 21.96793190888252, 19.840723595569948, 16.905043822719424, 13.737601830057526, 10.903966156215528, 8.68941666708245, 7.099613024482619, 5.9790632998466196, 5.110917071027746, 4.250379032226748, 3.1272876347346408, 1.4827597155212746, -0.8348514575080175, -3.754944204675296, -6.92481925594636, -9.764696492446586, -11.645501187513888, -12.121797752539466, -11.09563635346597, -8.817514047090357, -5.748409103514307, -2.4018979071842157, 0.7416576933499894, 3.2595329890884157, 4.808707858828001, 5.165569534542945, 4.2600234405468065, 2.1773609151760245, -0.8959208015920076, -4.774252474408797, -9.306668978822358, -14.142191587514432, -18.20873315349197, -19.507388025293444, -16.067733233630086, -7.504247063515924, 4.379016868942368, 16.240625014056203, 24.541011637375806, 27.119873919540954, 23.963501633666166, 16.534098500945866, 6.680260450043569, -3.607369389831471, -11.892956814553392, -16.002135371092656, -15.541521343612134, -12.236642891118105
-8.629793615456974, -6.433218717473857, -5.165225679579992, -3.7737090064117043, -1.4748396243309614, 1.5331450780951554, 4.3286480669299054, 5.9682132919053625, 5.986384725644247, 4.552791512279454, 2.377445430297667, 0.4042809697222165, -0.6730977238337568, -0.8789431873728619, -1.002699701498047, -1.975718864207106, -4.011203086894167, -6.412133230788014, -8.232684319225745, -8.961009130452506, -8.630207304022818, -7.532913281360406, -5.882451316812175, -3.658165673492114, -0.8325492440094591, 2.1562248029646307, 4.250263597298044, 4.258564372820417, 1.6084104139331163, -3.2218663169513255, -8.791841024226937, -13.26793992358852, -15.378159744694505, -15.319589387445358, -14.866836839320461, -16.14056531273123, -19.512046230795857, -22.712539766546307, -22.5546867259321, -17.27247116913002, -7.195013791483789, 5.77527296798479, 18.811661227625926, 29.121754556446753, 35.058347991012916, 36.464398961773455, 34.297393612706955, 30.166806986671155, 25.88825163598156, 22.920021748854815, 21.782588720119897, 21.846173359900927, 21.827539582922025, 20.726339845731143, 18.397516629144707, 15.372139128418214, 12.335002744635796, 9.762002009882647, 7.831416251743069, 6.492687631676469, 5.5685751241612955, 4.822510550126387, 3.98561573739502, 2.7842795171351944, 1.0066894880101078, -1.3977841589770248, -4.23413101796161, -7.05106291617557, -9.243882693193692, -10.258310813975644, -9.807977809597954, -7.983088816814942, -5.191418691136546, -1.991146524513777, 1.0700473753646933, 3.5429778452314395, 5.095294057660769, 5.497239072814074, 4.626544337565258, 2.513029748810936, -0.6471885532149565, -4.5753787381211914, -9.003784307429365, -13.566464120963454, -17.320113889094706, -18.298921254189334, -14.29520187366451, -4.8111332236530995, 7.956225169291116, 20.124838823024557, 28.027284212578454, 29.812328141216536, 25.945494243225454, 18.276615159368646, 8.640524131057777, -1.4285947043828506, -9.89905781737591, -14.54055522568758, -14.664884477628968, -11.842117138194954
-8.506825003428608, -6.828523188256332, -5.772169865541113, -4.180936053290193, -1.2973103643569084, 2.4295516692787285, 5.704571819235368, 7.30637705420179, 6.709136369004627, 4.2063079039432525, 0.7552998887593584, -2.324988079348505, -3.884776277178995, -3.6470497555672226, -2.5471189837911536, -2.125369177820152, -3.275112521039558, -5.591978841646231, -7.944712583536621, -9.374568369236687, -9.46809297818839, -8.276908374805883, -6.032339623844874, -2.8759565486816814, 0.999658756550146, 4.843227502984566, 7.2331603254670505, 6.757603579611157, 2.874479768799443, -3.7190673520044073, -11.202498164904986, -17.1699739418108, -19.759156695700227, -18.934233445025285, -16.823370827854404, -16.330473921317516, -18.51106257967726, -21.163007148051232, -20.65901715849013, -14.904814454170266, -4.3580947390587275, 8.737631800546643, 21.395616016343, 30.90376673160658, 35.76239208203508, 35.95651224922894, 32.62584207656872, 27.582332115428557, 22.779967157281966, 19.729311227625008, 18.962269335957693, 19.82196818870409, 20.89218935252727, 20.914295161095527, 19.46346004329748, 16.90280010864591, 13.912082333836688, 11.091155776632052, 8.795957519432234, 7.131389217861527, 6.013777618825802, 5.245862750492566, 4.571650425283308, 3.7153210017810716, 2.431790734892057, 0.5824550504714346, -1.782324880539345, -4.374183863810632, -6.696322982265119, -8.178036038840325, -8.383808948185635, -7.197188992223473, -4.870340602705292, -1.914451634261806, 1.0854345814918982, 3.612050145596322, 5.253415090157557, 5.68334630303247, 4.697323564364658, 2.320324859372835, -1.1614250052395456, -5.312521058321905, -9.66297593003936, -13.707350608576839, -16.636854826953623, -16.813244189249613, -12.1198267277237, -1.9377121951698388, 11.384093916164689, 23.5752388565042, 30.86471127207597, 31.725134932424503, 27.153853640133345, 19.445316642144107, 10.417314568124747, 1.035476976944012, -7.2618655584215155, -12.31666406658792, -13.139851054680376, -11.05193448105909
-8.319694848262824, -7.2534838889201065, -6.35706130260334, -4.337453898939766, -0.5626000164216274, 4.119146242460668, 7.980259645586649, 9.583893021989319, 8.418250073358339, 4.864004700874417, -0.014812129272898652, -4.6267635703254095, -7.277379036741324, -7.106535401269379, -4.903269767125026, -2.739957889475645, -2.403983483231163, -4.134740737906648, -6.865298499558638, -9.192768873057839, -10.027413632094984, -8.902695025782018, -5.956549825745876, -1.5950203009591817, 3.5822681888850827, 8.397300177900583, 11.094048737771766, 10.158604708031007, 5.151948446660287, -3.0787876304234776, -12.492097448696367, -20.193960123635193, -23.653198253240646, -22.44177232262466, -18.90496465118131, -16.662922490198586, -17.510791592708063, -19.491391703536973, -18.68533438135852, -12.659800656560787, -1.8880158021506732, 11.140117677766309, 23.316857777467614, 32.0116261555533, 35.865063984295496, 35.00918879389261, 30.754884220699953, 25.055222868662177, 19.900424200330274, 16.753855621670844, 16.12544915043323, 17.415628286633567, 19.253556706833578, 20.284990263933086, 19.849530610678777, 18.060469689921792, 15.45197003695527, 12.625028907904515, 10.056022117277347, 8.018503603639143, 6.574244755831371, 5.616062349779027, 4.931386185240872, 4.260205271483054, 3.3480357085759835, 2.0060872250021036, 0.17855724873100134, -2.000605324014496, -4.191982567558197, -5.9107688132476435, -6.675491921038887, -6.200115719117065, -4.529294326836571, -2.0323865326108734, 0.7315322038060763, 3.1725225100289856, 4.760351796837009, 5.073523509253234, 3.8981065747964143, 1.324492006712239, -2.3249927357413824, -6.631246031995585, -11.012428467781186, -14.649798129125603, -16.589534720155704, -15.556682530501313, -9.914662215902338, 0.8551725799433708, 14.427632239343632, 26.383157816316572, 32.91767485246855, 32.81676301373023, 27.59644348218953, 19.995305772988218, 11.837864826645331, 3.501110363525953, -4.310728283343512, -9.652448169678753, -11.235131024880452, -10.039080994545365
-8.09752911807361, -7.572999760515995, -6.680028514626681, -3.979843867520847, 0.9347413044607593, 6.707572414232422, 11.198037378594794, 12.870817891085103, 11.296039658365757, 6.879354805915432, 0.6211659829899271, -5.7987163448228936, -10.168425001529023, -10.804746584355916, -7.966767070500311, -4.0052459083792415, -1.6710064239987086, -2.182621138954636, -4.895774120037328, -8.114837899748979, -9.933160866725299, -9.081025981321721, -5.438836406359902, 0.2495840030579943, 6.7983792093432776, 12.523891133673937, 15.425958533388748, 14.056569862628413, 8.18357848950067, -1.2604729819686495, -12.247996445490292, -21.626035664722913, -26.227735022654738, -25.093145127853592, -20.590325713696224, -16.882074204084997, -16.45061618905579, -17.72880415788844, -16.697540780646825, -10.617887358193201, 0.13489513147259174, 12.930962954859996, 24.571763215165046, 32.50076871344109, 35.49574552893396, 33.83008642453783, 28.944634152909945, 22.860442997249947, 17.526491893689315, 14.286467897703012, 13.581670455171924, 14.903078566846263, 17.064630313509287, 18.80006976912571, 19.332192944269757, 18.519874485016512, 16.646261977156087, 14.170657617786619, 11.574234644873128, 9.250034335942837, 7.420980565096677, 6.118174336288994, 5.219223673854148, 4.512205455230285, 3.759710076773392, 2.758520404732452, 1.3960880737951784, -0.3012437529797933, -2.141307816752985, -3.7815123302901434, -4.809035030765579, -4.884934907645726, -3.900831301013216, -2.0613555271703614, 0.16197159671713549, 2.1748025610912887, 3.424700875736539, 3.5460403742811364, 2.458427905133294, 0.29888671637207265, -2.840894813299978, -6.947009820706478, -11.558595141623766, -15.393282122777002, -16.870765643063628, -14.728682205884867, -8.002751706409, 3.329279674239892, 16.92665726875937, 28.44478664750388, 34.16822515337902, 33.1645883197988, 27.378290428322085, 19.941594166401135, 12.752591538365584, 5.6824895172023755, -1.3873229097379713, -6.894006331087899, -9.2586277320599, -9.000646772197232
-7.805047616259605, -7.57838047469579, -6.452774439825261, -2.8902401782860503, 3.2356890349122653, 10.043955777020107, 15.05999819673449, 16.759023098672916, 14.854163574277791, 9.79021776621688, 2.4227461892217104, -5.719260795596162, -12.141063678591816, -14.281533882046284, -11.505475677403341, -6.03631286358079, -1.4374909088784635, -0.10243132130769386, -2.185759990058216, -5.996761129359921, -8.84718987280589, -8.471217358317924, -4.299685398459786, 2.595532857326715, 10.334018423482826, 16.701614531291693, 19.58170762576045, 17.77771508189797, 11.398593982350976, 1.4393506420768316, -10.357373362106525, -20.96616703136694, -26.7773563303505, -26.201152760684014, -21.366265179912133, -16.694551428455615, -15.207248450751381, -15.838832277689825, -14.696246529808333, -8.805755971202752, 1.6679542621623817, 14.077701823616785, 25.162980505120135, 32.42589598788376, 34.76938515913373, 32.57140417777693, 27.32685232037115, 21.06327873256821, 15.669656720586723, 12.351231543610242, 11.433526198213572, 12.469235212347833, 14.514933861353848, 16.53836922644174, 17.801498576557382, 17.989377699926315, 17.10949438197775, 15.373111819876923, 13.130521681784971, 10.78631396021649, 8.677895109249844, 6.985170625085523, 5.715287993369922, 4.745579013116524, 3.8890589465812098, 2.9605257466041563, 1.8342982742709915, 0.4877846077509548, -0.9755916118794994, -2.3322916521299786, -3.2847901715111747, -3.5562367354911735, -3.018322291414472, -1.796271943115526, -0.2720754882398721, 1.056925248232518, 1.810581262988779, 1.8992787773987307, 1.4675579627908972, 0.5401489712341961, -1.3532530694168052, -4.898878038204361, -9.919218959663263, -14.677259595049657, -16.667382315937715, -14.110886875812527, -6.518410095483755, 5.3262060024520315, 18.81555065776121, 29.77433076807099, 34.710441572204154, 32.93021349048906, 26.655838931182668, 19.33447259697513, 13.045386584239138, 7.330930813206968, 1.228923559880827, -4.287853211950928, -7.413596193967419, -8.056674830725123
-7.411082186600034, -7.124266211764183, -5.500040249238428, -1.0402934816995906, 6.1133165546419885, 13.660630189059837, 18.90608939676771, 20.40075905673257, 18.073629118452587, 12.546343092964912, 4.578012681355141, -4.7133331235351745, -13.000720629277671, -17.055046716957587, -15.110613185086947, -8.783776375450287, -2.0769327650149427, 1.4773990372437915, 0.6659929644524437, -3.1703700960013212, -6.796100349412686, -6.9711355162715165, -2.545071539838039, 5.197954633719158, 13.717776204119874, 20.324781256128226, 22.90985729049568, 20.661852657840257, 14.151403342828225, 4.486213623851308, -7.076486413996565, -18.10906363272672, -24.941218714803284, -25.350228660689837, -20.913140550960996, -15.925269543216636, -13.717369094544923, -13.796554064979363, -12.64704706399391, -7.1906108013013394, 2.7133657444753325, 14.554110219138474, 25.0651983442361, 31.791397771327524, 33.71996305795565, 31.247623228376266, 25.82893447955561, 19.47969667247594, 14.079444034471662, 10.72510484587868, 9.583407671695566, 10.189137996917312, 11.809298077384534, 13.712026865860445, 15.337154936071155, 16.3316977244957, 16.496912267383973, 15.77532411730152, 14.290569793802359, 12.333620270168241, 10.25408837011221, 8.330621384221903, 6.6989666308802205, 5.351813554439876, 4.184291431696696, 3.057239110426346, 1.860113446843954, 0.5615604883278307, -0.7621208658699424, -1.9305428806100766, -2.705052835941042, -2.879318785411857, -2.3937838391495614, -1.4194278867370003, -0.32944057904655605, 0.4988331887390616, 0.9658273763738301, 1.3360217609549119, 1.8986985427324976, 2.3705971987857333, 1.6544860319439432, -1.4405361693911707, -6.855701544549704, -12.623179310966707, -15.630133235390723, -13.391015759897726, -5.416067928817674, 6.778570905839339, 20.085632437762904, 30.452385194417502, 34.69152380520468, 32.283351502746186, 25.5615208155627, 18.216607073811645, 12.62887193098419, 8.24040530068033, 3.316187144559628, -1.9739752212259465, -5.768809232532421, -7.244307730065462
-6.97846814129942, -6.291443537474775, -3.929905064576316, 1.31210032952483, 9.077287564876206, 16.872334502776468, 21.928412716709914, 22.89800666706863, 19.990857482038596, 14.194521657018635, 6.310449798133734, -3.1452036160886774, -12.553922171094396, -18.494769414770317, -18.074772475497575, -11.869527306422754, -3.7900315466608823, 1.7886842483107275, 2.5836489400858063, -0.6379880249783738, -4.450915002094304, -4.957347211937134, -0.4885752753532841, 7.630298412798704, 16.41510502890065, 22.855586190673257, 24.928045546286935, 22.22756308183074, 15.849195897625071, 7.147249985538186, -3.1230644189118064, -13.538877094893005, -20.918694915869136, -22.584261818908686, -19.274985356569175, -14.703525923557597, -12.192584353851665, -11.804358433416438, -10.641952382030235, -5.755276038748446, 3.306123579976085, 14.342135788285567, 24.211794436392964, 30.51261609954953, 32.23149995168772, 29.65587136845797, 24.133837261498186, 17.714558866516732, 12.349918319810818, 9.062295006990437, 7.819672156888832, 8.0467672532645, 9.133131745085285, 10.627638232650225, 12.220999147413163, 13.654794123720986, 14.655197575383948, 14.971709789153364, 14.493736306678898, 13.317989532300947, 11.694722084569115, 9.9051174349051, 8.15814612925388, 6.546956111203583, 5.0583932094752155, 3.615284693970561, 2.13369554242221, 0.5821394767106373, -0.9688067902441168, -2.325036450002288, -3.2061744424172036, -3.362736634295971, -2.7388597120632867, -1.575294499168102, -0.3295940131188142, 0.6223150224774779, 1.3134614008776249, 2.142309202741513, 3.2942820680579383, 4.1228365522190265, 3.2857112560799613, -0.17492975881951003, -5.772840961099426, -11.562927399243293, -14.74341990817655, -12.695473964346249, -4.632245361309537, 7.676938647138644, 20.71676745147415, 30.510836399482677, 34.161766066723764, 31.23084831176924, 24.058894249407594, 16.546998876487415, 11.434973743235949, 8.257274332590107, 4.68183682910397, -0.05068397928223409, -4.31027292150058, -6.557232804646103
-6.5844896504986785, -5.352831055855135, -2.133468210347427, 3.677365227395904, 11.518443345456072, 18.975233064297804, 23.396350406606317, 23.56629774831497, 20.007631096441564, 14.190608150129256, 7.1020386543188385, -1.3598982804159836, -10.68780834609021, -17.92545152712316, -19.419219448252658, -14.48457280976355, -6.354648251978952, 0.3065656656521094, 2.4607459363062234, 0.3112247612107379, -2.8991941062106226, -3.1816598062352064, 1.3315037885803875, 9.400377143221622, 17.93923258767265, 23.856994959432274, 25.25858817605786, 22.090045309255974, 15.963197376419243, 8.611140201382259, 0.44641675703729855, -8.28640193099011, -15.463710860340049, -18.367198280505782, -16.783264578341335, -13.394511746157837, -11.103280795764947, -10.361442420100191, -9.043384634619507, -4.64265167133636, 3.4425933111166547, 13.441063340438639, 22.532993202377973, 28.419266064347813, 29.98551444457237, 27.318211963020556, 21.691928839375443, 15.26878300332338, 10.0884680376766, 7.06595242426687, 5.936827534922086, 5.969431448427684, 6.59878313353949, 7.581290683139881, 8.846184657057542, 10.300057894642915, 11.721354077074029, 12.798546107615467, 13.270469190295138, 13.04636793439355, 12.216717231560313, 10.973647888766644, 9.51406249714096, 7.974486450180153, 6.407582998936536, 4.792668391359074, 3.070839787023223, 1.1990601099463336, -0.7805432160006709, -2.6737472286865582, -4.122658600772887, -4.719242210261283, -4.2409517180125205, -2.857944131451235, -1.0943513857269214, 0.5177441600780264, 1.8111044110846661, 2.9050403429986402, 3.619548011290324, 3.091116528019576, 0.3337024647137036, -4.566198003898727, -10.08694322534615, -14.354307172538237, -15.76895592551146, -12.666782201738222, -4.235127437806265, 8.014594844562504, 20.6288050905501, 29.808978899856495, 32.86685141725455, 29.394376867179822, 21.790876604130517, 14.143602900331341, 9.426813054710983, 7.316821518757764, 5.160798624697817, 1.359702575860463, -2.9967581693163288, -5.912411864265706
-6.0549549298767325, -4.437142655304739, -0.5186783181164406, 5.5188430229111525, 12.839505910607283, 19.2997098038253, 22.59945389272467, 21.787364701642726, 17.7164753564971, 12.261019129564447, 6.588320279503266, 0.14386314786274407, -7.698624530447451, -15.037093882600482, -18.211624480957905, -15.472986252900235, -8.881255834722557, -2.616599997543373, 0.13743184887972265, -0.7982563825462317, -2.708399993547867, -2.1460710961723963, 2.511535255754967, 10.135121179663093, 17.867733042306956, 22.822766221211513, 23.35039898297211, 19.74339309664701, 14.018832910690337, 8.214348720614911, 2.574135533004311, -3.650931453714986, -9.68003660906198, -13.314420450959158, -13.61258871147371, -11.979270929720467, -10.474602488382864, -9.634448977500282, -8.080831924676056, -3.9955094616483318, 3.1198361597172024, 11.89546163069568, 19.961682987078234, 25.187359690749833, 26.35821727553216, 23.454003546387053, 17.81789812149572, 11.711575201732265, 7.090834326930598, 4.627825707996902, 3.8280417811982437, 3.859447980525111, 4.198044665285607, 4.73140635434262, 5.547580065858576, 6.700188810705031, 8.082337501485243, 9.439819653689765, 10.486803281399721, 11.030691950826112, 11.024087627820682, 10.535801638691483, 9.686264041857102, 8.588824111043335, 7.312728796255638, 5.868679606872315, 4.215756974847488, 2.2933586488709983, 0.08778083566689573, -2.2683975020404312, -4.415910536220033, -5.817082708846633, -6.002677985586184, -4.896961703556303, -2.9336445204533925, -0.8029239663876772, 0.9231239718236284, 1.8186803246747878, 1.2626585461072255, -1.6041002565921079, -7.068875867012652, -13.762091688485553, -18.986196599740023, -20.817527508688034, -19.019934129307927, -13.558914291722383, -4.211371551967574, 7.855935143978041, 19.706071046035234, 27.923400924872016, 30.0533822856582, 25.9010863186473, 18.110667409683707, 10.770292995053495, 6.671170975337384, 5.500999928036383, 4.64957935731507, 2.072064304913936, -1.8278083791431332, -5.08391231671974
-4.975678532426424, -3.352176863911294, 0.6311964683703182, 6.1761919122500135, 12.173754101615037, 16.86725700420403, 18.586043063543077, 16.876761158525568, 12.8512090908567, 8.400999789563947, 4.605764959262485, 0.7269515339266602, -4.511999590881398, -10.408962796477338, -14.168579883084176, -13.683716743891457, -9.715072252140912, -5.199776234635128, -2.742441272474203, -2.686759726347894, -3.12672545515528, -1.6190444186321171, 2.895480495668692, 9.38720914591973, 15.481646600235738, 18.840029331393065, 18.33200065393819, 14.625475398031398, 9.797430266849833, 5.753799543649881, 2.6079958610871734, -0.8472463174331479, -4.886770880679017, -8.212667424475066, -9.71518309960732, -9.720262404708492, -9.265784190634553, -8.672976368030383, -7.118338446521025, -3.488754872915418, 2.450513862470292, 9.605087402923331, 16.061102940400307, 19.98080347885821, 20.298098463898732, 17.165814308624963, 12.038794495858083, 6.984229318392181, 3.5057271615728123, 1.8893605235572308, 1.518199372748068, 1.6322686276025509, 1.8217026138614212, 2.0546351854354534, 2.472784945187816, 3.1937570991906505, 4.206491098553623, 5.36540272584658, 6.459268463477468, 7.301983753352866, 7.789035863500116, 7.901242899882818, 7.675467330760401, 7.168313075318179, 6.425885755221982, 5.4626810919914615, 4.25106771142151, 2.7280537160495264, 0.8358362936846062, -1.3882605584789138, -3.6977058602980724, -5.600944649027906, -6.52553452666418, -6.154453122155997, -4.683631866233263, -2.759467837644632, -1.192629994369312, -0.7985371862348651, -2.43616107519889, -6.820389654155129, -13.739576361062388, -21.173685473134213, -25.883161751244316, -25.84831487872012, -21.4948931540522, -13.99957369853991, -4.025970897076085, 7.248083478774802, 17.434562725589345, 23.739809215333356, 24.33257017058242, 19.645163486392654, 12.52090127405707, 6.4657162358296025, 3.4708709221461995, 3.0819162069303307, 3.1609191253754716, 1.8434672830783212, -0.987992373898256, -3.890375992127776
-3.448661853564232, -2.2664498391285455, 0.655897089693517, 4.456758854926342, 8.11630237674235, 10.490229420274293, 10.742170251745247, 8.925042604216362, 6.025675301870949, 3.3432048074761056, 1.519773607848259, -0.046811623913463316, -2.47435790667835, -5.79603416775485, -8.543124143966505, -9.178188223392457, -7.64314519429419, -5.364690158504736, -3.8576453750584347, -3.4173588231755927, -3.039602654536129, -1.4270707083566632, 1.8781368964352607, 6.074702937457974, 9.585478356785972, 11.00809860075963, 9.913663491618154, 7.0800358215088695, 4.008083211336718, 1.891863802977492, 0.7054028742182613, -0.5353763701412765, -2.4019165081149216, -4.407283279422005, -5.819300691560915, -6.4873710725720155, -6.690636614442565, -6.475386194943562, -5.385144327275216, -2.8668132907515242, 1.0912495377576967, 5.681457160600257, 9.577223242847715, 11.55112792975188, 11.03531648782645, 8.419225799671842, 4.898619761316333, 1.8159335862789412, -0.06526721961942593, -0.7795668933211696, -0.8244330836326166, -0.6827977465588875, -0.576633713031837, -0.4952257573677055, -0.3315238030252016, 0.00690825130138578, 0.5430962359723501, 1.2223702557739338, 1.939887416849137, 2.5850671632165296, 3.076743056804494, 3.374765823899993, 3.4726866001492933, 3.382962232375676, 3.1217700601974347, 2.6954564206014013, 2.089345616211636, 1.2626258752626107, 0.16100850441317108, -1.2350613272336162, -2.826280847196424, -4.328962799651682, -5.329124076361414, -5.49583501379387, -4.824214215364491, -3.7032363503305796, -2.774610724975024, -2.7596449691376965, -4.356635170804717, -8.046841059884436, -13.58541394780015, -19.392135125924252, -22.91125855167784, -22.40845331680218, -18.139908591461275, -11.354872025364482, -3.1488590717820877, 5.213175858308353, 11.935474632065178, 15.256360736651954, 14.43844851263804, 10.463902856436528, 5.603300819202634, 1.9696072668026257, 0.4344440209548196, 0.5139168115123299, 0.9264570082298643, 0.5368812130716947, -0.9078433441195828, -2.689392939104628
-2.4918625728605757, -2.071619914712413, -1.0742142878565277, 0.1380319151812127, 1.1707964592191507, 1.676941815656272, 1.4816447190582092, 0.7068293872725857, -0.27629707074137355, -1.060909602658026, -1.4799546435172748, -1.765447963811895, -2.3278098037252755, -3.2651049196126056, -4.180698714570603, -4.558228860190701, -4.271634701894206, -3.679105163937429, -3.2267153217059796, -3.0173378110408886, -2.767510207504997, -2.1201068597991535, -0.9968804281233494, 0.2870272860590485, 1.2148099459444874, 1.3990668772910553, 0.8142523550054089, -0.20110083691748953, -1.152455055504463, -1.6965756696873642, -1.8852173497980427, -2.0744190537062326, -2.507691088112367, -3.0922694095321988, -3.6044267614635896, -3.9399434385055114, -4.111176179253547, -4.08653542747474, -3.717748700056985, -2.8589781420531954, -1.5608887791696886, -0.1429318749567171, 0.9361723707806224, 1.30774439832988, 0.8730310328986423, -0.14416653055235834, -1.3101566517816323, -2.221745897390816, -2.7054541215507415, -2.832379308406375, -2.7830970292954818, -2.7043886904828107, -2.6528851115188745, -2.617129717054444, -2.5612684147575986, -2.4549775567943217, -2.287028074867011, -2.0683164013085467, -1.826286862237266, -1.5936387874752458, -1.3977563003056552, -1.2556968836009657, -1.1745905777823462, -1.154750948292455, -1.19351895474345, -1.289222596997217, -1.4451703532244196, -1.672894558465931, -1.991190159561683, -2.4141408483233993, -2.924155395881757, -3.4429365579136415, -3.835295331656077, -3.9724572199210617, -3.824711595325184, -3.5074414655780113, -3.2452884721859347, -3.3011864789501706, -3.921876534438916, -5.274181476351891, -7.285931951610798, -9.4062090483716, -10.663862999386037, -10.316676088757072, -8.401101644207047, -5.489927609188777, -2.222743379296677, 0.7625777957086591, 2.8250230128691762, 3.516927682375838, 2.8326435847719362, 1.2998341856206312, -0.2881258666141692, -1.3395748968959929, -1.6979827784773613, -1.5730025077623835, -1.3524364291202058, -1.3705195330499016, -1.73356611678564, -2.261206306056921
