-7.301033325821173, -7.7392370196324904, -8.020149432013588, -8.31650237966692, -8.639573414642747, -8.933334664778112, -9.167835297065366, -9.33503600075405, -9.38979741387173, -9.227193503364793, -8.771490984635518, -8.110188706862056, -7.492442611608548, -7.146879748643916, -7.123096418442808, -7.3318524101511535, -7.665975642541399, -8.032544734344619, -8.33688790349962, -8.50479291005506, -8.518441173054597, -8.416120940747103, -8.258928355070205, -8.10488374423657, -8.017582155804272, -8.07772748293079, -8.331399154889068, -8.683854494009262, -8.87487434136475, -8.651668564221302, -8.019350135318863, -7.279534135205738, -6.767286631855662, -6.575374010877813, -6.582797373177802, -6.673074046843549, -6.820854190800652, -7.0261660265522305, -7.269610394798668, -7.527138542689511, -7.7900642926921915, -8.06906006424271, -8.386146020645118, -8.759269678051915, -9.18291144313393, -9.609601105059365, -9.940366987505707, -10.039687946148517, -9.799499053567008, -9.245556236835169, -8.598871215924698, -8.199958803228231, -8.32460712248223, -9.027858151295684, -10.134253606760877, -11.350871969339535, -12.386424080160602, -13.012682959615493, -13.081986513770522, -12.546812428102786, -11.506585169504053, -10.231146601077217, -9.071785992060498, -8.270241689947195, -7.828389119916131, -7.592664587115969, -7.458244169174609, -7.438495034703785, -7.566488654321097, -7.815637895465603, -8.115818226829616, -8.398457606677566, -8.62368678681724, -8.7870003684884, -8.91100770129272, -9.027825370035709, -9.160137812302352, -9.309770961694728, -9.459210844692166, -9.583945294361188, -9.665708428446125, -9.696825561884564, -9.676036335750737, -9.60518841184887, -9.492846966400952, -9.359838024764084, -9.236597844268534, -9.147898160182715, -9.091283425678121, -9.025044886367317, -8.884979613208012, -8.63411898480841, -8.306372050857401, -7.976295278017134, -7.658875514372416, -7.278447795125903, -6.80363024295738, -6.39194721756453, -6.319432032286043, -6.70865416839965
-2.733125171240609, -4.0444912585568575, -5.07137603965254, -6.194594205445822, -7.336362760789086, -8.295569060363686, -9.020574630381038, -9.558967526642551, -9.816216861699884, -9.432126448271337, -8.062625623351845, -5.886835058353158, -3.7044384153189758, -2.358141209254545, -2.1156827304460175, -2.7264540428429327, -3.8322050114355157, -5.104575395691833, -6.204201577520508, -6.852773741098937, -6.95618075613637, -6.620659206858727, -6.0577383662285635, -5.495447917689629, -5.186281438554494, -5.419472724676952, -6.340034377452357, -7.620498733401135, -8.396342044240958, -7.8000360029539095, -5.768226716682188, -3.243579571244336, -1.3769390719596668, -0.5601874167347781, -0.44972410656112705, -0.6862908906570576, -1.1910100408036692, -1.9577003548631249, -2.9106547569231918, -3.9526253505633306, -5.030743816958535, -6.150910989506416, -7.352114840628287, -8.6586772168964, -10.02647911060056, -11.298791218957009, -12.185128676301328, -12.296209710403023, -11.326054418449758, -9.398225107118682, -7.278746876250282, -6.080317334362866, -6.570631463914751, -8.711281811535894, -11.82757491299004, -15.090243698163302, -17.83071920453837, -19.586095117149224, -20.01089026177738, -18.841079763968793, -16.06662337195842, -12.210589494182926, -8.292180775569184, -5.261955014611942, -3.389895963296504, -2.3410600574758287, -1.799733167259543, -1.7537475168993588, -2.242545704408422, -3.1340155720472627, -4.1784596379776735, -5.144020605737983, -5.894971444357077, -6.410680745078935, -6.762678587957259, -7.061356765566929, -7.392548232174742, -7.773295667489722, -8.150083093613386, -8.437668824290665, -8.56726651812999, -8.509566590548637, -8.26928824794375, -7.876862538915512, -7.393594227619237, -6.915336584711842, -6.548912352416989, -6.356752358564746, -6.295958261421648, -6.199121206934109, -5.847435181926333, -5.138458446940887, -4.218435167146658, -3.3656097548345723, -2.6494844622097373, -1.8205475731013452, -0.7346835141990106, 0.1897838588446206, 0.1882150502430361, -1.0385640156141898
2.6579255354573808, 0.4459691607680926, -1.7049953530570516, -4.007263190842042, -6.105399931619264, -7.653178814686924, -8.705391011065897, -9.544118321482719, -10.149522561342119, -9.868292786178118, -7.85946111960429, -4.118186536847796, 0.07541497954392945, 3.0381211223361384, 3.9797393766885545, 3.1644600814522272, 1.2019421053659265, -1.2814936368554721, -3.6022855036544326, -5.149533512974691, -5.631144094214045, -5.15570299840966, -4.10062281410466, -2.9415222914712102, -2.214564574911893, -2.4917942149096635, -4.063373869292092, -6.400979181794892, -8.02281852192154, -7.302835975582053, -3.864995696633769, 0.831576887362275, 4.672533258276255, 6.6979652930617615, 7.307726114711042, 7.058088682785998, 6.089269998615334, 4.448227414981885, 2.3270740483057493, -0.025845380617206534, -2.4327408760124363, -4.822506838884482, -7.192190416714426, -9.530533074659065, -11.737125050387903, -13.562878328226695, -14.581234963542496, -14.228179990249876, -12.083413445000323, -8.466424434554774, -4.793500883340913, -2.9454562686754007, -3.9594637526981584, -7.423571034403576, -12.102203768189806, -16.818140953254687, -20.807236807061084, -23.629102176925436, -24.910260921778914, -24.13108939060768, -20.794470669626186, -15.08814336817167, -8.33130822728853, -2.35184679255728, 1.7929571816314231, 4.223946841836949, 5.399021541341052, 5.467476857857234, 4.494175442542318, 2.773131896282919, 0.7600923014615774, -1.123733119480474, -2.6106686948372304, -3.6264728314630017, -4.2706188375875875, -4.739243022096182, -5.211865727252271, -5.754268357392143, -6.293798144770387, -6.6803138622015314, -6.782625798780047, -6.550498064066282, -6.020433706956976, -5.297505272876291, -4.540074373882622, -3.9333237004619637, -3.628054108680104, -3.654111067049566, -3.8517117509500984, -3.8782491509204324, -3.3503919635391144, -2.1218063546165036, -0.4957028763527028, 0.9744069939702564, 2.0754052178876226, 3.1922454345427314, 4.685436319224654, 6.106759480866611, 6.3869408309148135, 4.967415040025084
7.5166305990965885, 4.621716340422275, 1.3548571850615698, -2.0368850022232947, -4.8341934672620415, -6.603036116357503, -7.620250267400275, -8.535135079477241, -9.529647221769599, -9.736148333545422, -7.738545448538573, -3.039047514499355, 2.9671879382569153, 7.843789319770765, 10.026690161700518, 9.500339618069004, 6.97672206557238, 3.3336846403257456, -0.38915451602914297, -3.169758339538967, -4.383566236451913, -4.007828492370464, -2.5184643010249608, -0.6561412956188578, 0.7036571841793064, 0.6704350731971689, -1.2230822305069065, -4.367681505615849, -6.879937886564185, -6.4845201917465305, -2.2842181522479006, 4.165903109705475, 10.02454601184469, 13.596176190545153, 15.014158056644556, 14.86466857045723, 13.360736613606502, 10.660193959325284, 7.138303684616153, 3.254753480911088, -0.6339286670115595, -4.336225825792179, -7.777120794588681, -10.894466795280803, -13.531183587157965, -15.365427319421922, -15.899652828420159, -14.545390962196475, -10.99217603871645, -5.9278538211195695, -1.3631828627770557, 0.4027537387041922, -1.4796409423105912, -6.0149343031460045, -11.5525364269906, -16.83924121005186, -21.210788739236612, -24.400388265615014, -26.235571732652755, -26.225773302572435, -23.467428020687954, -17.417403813929152, -8.976698388821257, -0.3925353848095643, 6.309685760670363, 10.540374896080337, 12.631002131450325, 12.894082294675146, 11.569827758780585, 9.105554394799055, 6.123292260819934, 3.223438794034414, 0.8391237226634138, -0.8379978671474119, -1.8679883113340032, -2.492696028077857, -2.9902241087686727, -3.517410322648774, -4.037098262951939, -4.378439451056102, -4.375456784289628, -3.976167546249879, -3.26701163815941, -2.438055435942801, -1.7285484426094617, -1.3585391169529877, -1.4436936800243516, -1.914648387643189, -2.477188741158429, -2.652707294866729, -1.9555930419482843, -0.22430986001660747, 2.1092855226589498, 4.238332544536693, 5.7232772825357365, 6.938280159843046, 8.472087628754725, 10.133005657900558, 10.8746167799346, 9.86381168428287
11.174815519874135, 8.067253515465096, 4.055652794191518, -0.09902024119887846, -3.3132714407618025, -5.075550561471243, -5.869268998929625, -6.694980035272988, -7.988483076204477, -8.82298035290217, -7.341978574534547, -2.429985564727017, 4.821239384929947, 11.586412627869315, 15.48443100661341, 15.90946844791268, 13.420841747605081, 9.011479707214182, 4.009689221727581, -0.1454351436575605, -2.404797875619928, -2.474066681526572, -0.8135224405980489, 1.6162494404147416, 3.613840681799458, 4.0128790599210875, 2.200419515587397, -1.2601557156726373, -4.419569566843717, -4.673135671870501, -0.5641316095692012, 6.714435002667017, 14.080874893436413, 19.147612454072487, 21.472567622901344, 21.455539485628346, 19.390202338421613, 15.626163816598696, 10.769015264348246, 5.49820583836786, 0.3375898064365784, -4.4185964310255645, -8.641155770275683, -12.233418891551487, -14.992515355709752, -16.526854345144393, -16.290777687403615, -13.782216044352756, -9.003267649648961, -3.1172945693671332, 1.492905779442239, 2.6006381575350037, -0.1217564207806676, -5.2259274573569785, -11.021996001415506, -16.400813918260102, -20.746559742630946, -23.813458723880196, -25.61625770139435, -25.96746454793098, -24.00028296383757, -18.61504150992624, -9.864764354499059, 0.32970072104070647, 9.345325390285291, 15.651364826331086, 19.085712524912633, 19.96816808358343, 18.678380783339396, 15.769622433249642, 11.982513043545707, 8.082273703459581, 4.689515278257262, 2.169773718408787, 0.5841787715314681, -0.27809123275128983, -0.759722917117944, -1.1338228570243825, -1.46714669354738, -1.6454450708572708, -1.524578240754085, -1.0737947256728442, -0.4179967512679941, 0.21110095715741484, 0.5616874673219087, 0.4528338766680954, -0.14699313696809876, -1.0709371389578541, -1.9470617890691522, -2.251615659288499, -1.4775056382244283, 0.5422094815420259, 3.3416702232600053, 5.992743626161065, 7.848310918089797, 9.124314909200333, 10.502626089866665, 12.145191855009713, 13.3077964831066, 13.036011210865317
13.294015357355683, 10.563387770902057, 6.3375108718892115, 1.7791846312247688, -1.6958554623894442, -3.446200166182632, -4.031935791943178, -4.674358367380171, -6.060188046490697, -7.393071339278466, -6.640352341338156, -2.1378993483072906, 5.625440342845653, 13.912839374210591, 19.730175261487215, 21.68965448526243, 19.922050332767125, 15.355046104349036, 9.483858453038243, 4.083115006519002, 0.6220175526468343, -0.25114025600785267, 1.1415749386697978, 3.732972371322644, 6.1060746033288655, 6.94811852023524, 5.5853172019733375, 2.4332080321473426, -0.8490354109075189, -1.7676642192296093, 1.5323405729872557, 8.534447751933625, 16.464525779990097, 22.523727615691136, 25.56790508570495, 25.624941744984046, 23.041192554326933, 18.4004744955347, 12.540284957320713, 6.309416274128673, 0.3312030112891618, -5.0551541630152546, -9.706918083371438, -13.522651503137485, -16.279648447351086, -17.536961582751214, -16.712420432444286, -13.408032149876936, -7.951681959717746, -1.879290831190898, 2.365985785712743, 2.9581190280946834, 0.04851744499933336, -4.879585246322034, -10.45982118256859, -15.78511957124805, -20.14122818325325, -23.087942798401382, -24.631055735225214, -24.888256440761616, -23.383040406510744, -18.951448922404076, -10.89525823320557, -0.28013463676861317, 10.35909053224538, 18.74856637003286, 23.956243730627158, 26.004742237961914, 25.268338040105576, 22.353132855417766, 18.09238996921041, 13.396916169392966, 9.059522132782144, 5.627558959958646, 3.3353363555601883, 2.087015940692511, 1.5468799708105592, 1.343102311602108, 1.2615918454338562, 1.2859290775035492, 1.4776581333957641, 1.8292911478695344, 2.209598202661386, 2.410317626523894, 2.2359766799397196, 1.5863253259092434, 0.5093647295522373, -0.778506204276629, -1.9007311064073975, -2.367310144849564, -1.7123828465962823, 0.2308479824178341, 3.056885828867036, 5.885810088611915, 7.983232964049554, 9.35663179831373, 10.601910113068316, 12.129746945678741, 13.616953175903133, 14.224904355159996
13.835675391290087, 11.94015436410081, 7.990818587192402, 3.364106458825608, -0.26229482304148544, -2.063239300564601, -2.515070259075234, -2.888487398626283, -4.0887757351354175, -5.631368753163294, -5.608319499784213, -1.9967985341343435, 5.452777768333311, 14.530210604884081, 22.0158834673067, 25.760164718012277, 25.262929699533085, 21.199857111527685, 15.074229128833728, 8.83468801058054, 4.25662403790067, 2.3373421446387583, 2.997114517593125, 5.226829422641675, 7.571868310894185, 8.728867227007445, 8.052859636606117, 5.778617078642728, 3.0446520617215858, 1.8084734034931356, 3.9711230454131274, 9.742359312937884, 17.092229698828202, 23.26313213966116, 26.560631337295774, 26.57768474475167, 23.638930652209023, 18.507469227390796, 12.173053216622845, 5.553891991470529, -0.7116235829945305, -6.29092913427117, -11.053622923496931, -14.91046723041, -17.645805464022317, -18.813480457010577, -17.824753445009737, -14.335658730569454, -8.827920067858493, -2.942137378040008, 1.0696714375092136, 1.7930142166341454, -0.49628674474534223, -4.688231352056929, -9.830964459911234, -15.080563592408696, -19.531706234301563, -22.513508602061137, -23.892356860549143, -23.90883412195968, -22.521568821744367, -18.91267471914824, -12.061842962842876, -2.1038286216603805, 9.123176479236324, 19.143906893522836, 26.274091752334236, 29.950150248721854, 30.31447739200725, 27.937371624742028, 23.710474399934146, 18.65304254197155, 13.679950611195677, 9.479116190766584, 6.460807204678599, 4.702773343635789, 3.960904030034237, 3.825862007593363, 3.9435409720553056, 4.130340088466386, 4.323412742761076, 4.465144012763237, 4.444662915803225, 4.123658133871703, 3.39865682643952, 2.252745515141616, 0.7827815825621395, -0.7908727058243551, -2.128057202091092, -2.8041427097384615, -2.421170774675838, -0.8242625802097193, 1.6763905210922307, 4.347803949630239, 6.485710969507208, 7.928318566874395, 9.089878901461095, 10.479971651947029, 12.172235787569177, 13.61823435725104
13.131384680435835, 12.223369175574323, 8.868001355148218, 4.457966015580091, 0.8102947123010686, -1.0688848530911503, -1.4534494794298265, -1.4957666610443223, -2.2395936132460523, -3.6237222158438245, -4.148571861167956, -1.7174122724088006, 4.613037698237618, 13.466233796847842, 21.86976609052501, 27.173133725249734, 28.198702964584925, 25.207326091411968, 19.52625669201175, 13.070630468176846, 7.733985912247337, 4.7731779464183, 4.400955623934011, 5.8232056006586905, 7.726108872723454, 8.940353932879903, 8.91992292019805, 7.7868713529708495, 6.167983334224024, 5.244051166036562, 6.508909576012451, 10.620205219773446, 16.460132168206652, 21.78535944612244, 24.74403920029984, 24.60123774669923, 21.565402433436773, 16.417893323055807, 10.147673242123986, 3.6355019200647662, -2.515371009446585, -7.989904747105143, -12.664675844899802, -16.45569745696763, -19.16090946213954, -20.365252879398437, -19.51690771980443, -16.286249820969516, -11.115729686643315, -5.486020414924725, -1.339530982625502, 0.11167381193839769, -1.1313340142863884, -4.498504274824394, -9.268604513003234, -14.454862051412983, -18.977632388595243, -22.066879144701588, -23.462883341563472, -23.343557516657178, -21.919415589065995, -18.859760621891052, -13.285190557205668, -4.714353166736832, 5.961202854118121, 16.67862254435942, 25.375218334598827, 30.838899500191186, 32.761791203633805, 31.51941902565324, 27.966232347282084, 23.156242091692913, 18.057303034205898, 13.435069590574535, 9.84153606873419, 7.546584653227735, 6.465163336339287, 6.2318823428565056, 6.40813196436749, 6.657602907643459, 6.782752471834198, 6.6673839866008215, 6.226682499611876, 5.403646080460967, 4.186885270335048, 2.6238672781826664, 0.8316984242469888, -0.9847710875470931, -2.5198956644618575, -3.3963829643965253, -3.270819753271812, -2.0118180926159086, 0.13321703196328163, 2.5584027261026616, 4.6138456616118475, 6.019933745616617, 7.020877830934357, 8.160409089657868, 9.844200925350872, 11.875274254165694
11.743531325216887, 11.664273911710175, 8.998515503668804, 4.999218350152535, 1.4678154779441537, -0.4802414121739371, -0.873173608241258, -0.6085938055642183, -0.7286238370049674, -1.5804717397562265, -2.2730425972545065, -0.9822263681858924, 3.685890756108681, 11.286070472004218, 19.52443863868686, 25.69478286179793, 28.10259410710688, 26.508886342565415, 21.88494477977394, 15.905604772339643, 10.382161378580363, 6.6878385410342815, 5.293234400892181, 5.694870364747631, 6.836120623022804, 7.758508503716245, 8.063067318465478, 7.88525853505753, 7.560731881996246, 7.562963096621966, 8.654838918929164, 11.44358950788031, 15.524372752256616, 19.435152888813082, 21.60476137020844, 21.19673759414723, 18.248282566372787, 13.386408316233913, 7.461856251087411, 1.263759951416204, -4.636168073379385, -9.918835223787482, -14.447589010961211, -18.12492256387042, -20.746174466363897, -21.93070454206508, -21.195577461165467, -18.23827181887726, -13.387755500493403, -7.851863644430991, -3.293338443842047, -0.9670766574441905, -1.3349085818180408, -4.221537395546594, -8.84280570997786, -13.970164772635513, -18.47438031510642, -21.66194832544263, -23.228429359665636, -23.187069781124386, -21.76120631707088, -19.002474055424955, -14.451768948327063, -7.489157620463179, 1.7743021873227003, 12.062897666494111, 21.483753315091448, 28.43472834153008, 32.09848671881979, 32.48340375833596, 30.243006805775615, 26.341464096091062, 21.712727361362422, 17.134675360747085, 13.251758824242225, 10.509952963131607, 9.015943152751982, 8.520290511874716, 8.579273062118958, 8.759475786234676, 8.750643644972513, 8.376386309029296, 7.565867210320504, 6.325712718839798, 4.712839037498529, 2.812985554888704, 0.7465910184854103, -1.2922515435169537, -3.001738216238531, -4.004184384961151, -3.9709481604157704, -2.799230266564267, -0.7445619120252996, 1.608713345807953, 3.600338595416914, 4.8586630557037225, 5.531702663827386, 6.221462063235464, 7.611660808030933, 9.828033967762792
10.170712493517916, 10.594841627219656, 8.54367217449239, 5.044141590566894, 1.7391380883773238, -0.25512626054365745, -0.7495729541793661, -0.3097989791159242, 0.18780330032972797, 0.13315003517096835, -0.23236830134513728, 0.3403030328322191, 3.305857287955717, 8.989060160359701, 16.015630085557518, 22.099256646706916, 25.367485420094678, 25.13447395902266, 21.89899020025341, 16.937835867889625, 11.822564444863389, 7.895748610353282, 5.780916621711772, 5.233526617014941, 5.478289708934711, 5.7952458420607975, 5.954050946318505, 6.201064766396553, 6.850789145121136, 7.996255604224931, 9.686808660385084, 12.058776422255, 14.949720868986017, 17.578348334705062, 18.88684137938511, 18.155570897341025, 15.282049437524178, 10.678026565666926, 5.024265693138082, -0.9643176221023815, -6.716025318174169, -11.884722196263635, -16.30449702292282, -19.84572861719015, -22.274789821258405, -23.222307119029832, -22.283229159593876, -19.23398296828435, -14.356971172127727, -8.670336836081953, -3.704564456450223, -0.8837621345059877, -0.9989071758922536, -3.9140803427627433, -8.573654852437842, -13.592628567198796, -17.974506922275154, -21.227257398747653, -23.06595867095244, -23.3168404736619, -22.042698393101173, -19.45427611650746, -15.536742509598907, -9.917777475646, -2.347400493969662, 6.670774468240167, 15.824195690318717, 23.561503534606732, 28.7352747150711, 30.928835786723116, 30.438153053290538, 27.984077972273617, 24.360039451442137, 20.2889555498743, 16.455945903445304, 13.445405693001858, 11.552073310151238, 10.684724310823642, 10.468558188187506, 10.446441757588705, 10.240652421557446, 9.624111769405374, 8.522116537709396, 6.97245171910975, 5.0649138138062275, 2.896968798453761, 0.5857964348279929, -1.6670549645707815, -3.5244154911573893, -4.558186860947149, -4.413495110148141, -3.018775132041245, -0.7121843596801993, 1.8216866622146126, 3.8278206806874384, 4.863925097310582, 5.073683948631522, 5.165134398758589, 6.038451870316279, 8.05608538477537
8.661816496281833, 9.279873279860272, 7.7031436341916395, 4.712490618424597, 1.6993096913570642, -0.316018224904802, -0.9959371143967972, -0.5726800013732661, 0.3643968331229745, 1.1548309807703898, 1.5293506121674925, 2.0322501482321678, 3.7901969404998352, 7.528596550979449, 12.74610082850752, 17.88650350193245, 21.28310462441878, 22.00107054825582, 20.082350485098395, 16.347899867290085, 12.041987595930282, 8.357015284467947, 5.939003240074407, 4.70418610598867, 4.113771437179179, 3.6753855429989075, 3.3199040328173397, 3.4193035145734254, 4.4169190030314684, 6.383433093292041, 8.982140731047, 11.800199615688225, 14.475133802188417, 16.519635742610284, 17.303321385512767, 16.31506864144901, 13.408067938297929, 8.850922802888007, 3.2215774360243765, -2.7884794653733627, -8.5823271713874, -13.773905693217564, -18.15227783330667, -21.534215198790896, -23.631772160777043, -24.062302456584725, -22.50004424680568, -18.86935502119492, -13.558083110098437, -7.596889702625808, -2.5389315601201115, 0.09753878856696183, -0.4470539863513617, -3.7399537943743186, -8.45053047815305, -13.249528184227206, -17.426409913968516, -20.724624879910742, -22.89251391812838, -23.59270914671627, -22.659498638744076, -20.253191415669505, -16.639578335104197, -11.842146925049406, -5.666607734603355, 1.8448554455362767, 10.040790742009268, 17.77842919578758, 23.90021430023195, 27.684022437451667, 29.0206033345762, 28.272148951171165, 25.98799383700005, 22.767605153403874, 19.284101053827683, 16.210536049197295, 13.997821147255959, 12.720721361882031, 12.122897018283194, 11.791512442543237, 11.335424797648923, 10.49676201217832, 9.182582207817937, 7.426597191505133, 5.3134654163270065, 2.928616039793583, 0.38651990446403256, -2.0810830212190043, -4.068206374182942, -5.063756166752178, -4.665380470583248, -2.8408077980016557, -0.0651776157865358, 2.79576858613982, 4.849669525121282, 5.623585882824634, 5.335592398269282, 4.820340257461419, 5.111408462507011, 6.700502277014958
7.2600405993281445, 7.882152289645057, 6.656302875059607, 4.137072533375939, 1.433984574199222, -0.5776637805795508, -1.4822650108512658, -1.2437680599653633, -0.13709951939162163, 1.308567096989082, 2.565241591747957, 3.567017454769215, 4.889407999427473, 7.241105689825066, 10.696034098891678, 14.454519155988496, 17.31692935851707, 18.366165373237802, 17.35093438467554, 14.704357672344363, 11.327622113936796, 8.174321775128256, 5.791715469633186, 4.153771665450103, 2.900898551734394, 1.7473795028841888, 0.7610194131864699, 0.3811654162663697, 1.1561756901305102, 3.3134184033357057, 6.514482111049748, 10.054540169877294, 13.22865814061281, 15.46133794188449, 16.26239702644553, 15.260446073973393, 12.334790004912218, 7.718023955719166, 1.9662691544489248, -4.215954597220955, -10.193857805240743, -15.523790210932756, -19.919304919086585, -23.113280597602422, -24.746210083853455, -24.418426127175497, -21.90093105162856, -17.34086228669331, -11.389566911987192, -5.270529638691001, -0.5973740459472586, 1.2526749115731202, -0.0940053332544054, -3.7841977103010986, -8.38874730819019, -12.844100010174403, -16.782639080801783, -20.135652624678702, -22.659770937870103, -23.89432419918413, -23.46381427400896, -21.357594677570507, -17.90253096508087, -13.439868198884929, -8.06097552384918, -1.7266433843272866, 5.366288448040917, 12.587680305874425, 19.039412388881175, 23.92026156009342, 26.808764954252, 27.692462005917232, 26.818374931769362, 24.606696353310735, 21.666680378707223, 18.703845265241387, 16.276354580773205, 14.605879174569093, 13.576018880414418, 12.867925991403684, 12.126705781518234, 11.088152458513452, 9.632475763295705, 7.757669594957142, 5.5083896158054495, 2.93916450837817, 0.16732570167719288, -2.5224344278699946, -4.63204218829816, -5.556523277933047, -4.849821389019306, -2.535168860886513, 0.7489803106611658, 3.9338131598079435, 6.000703906382951, 6.495932657698634, 5.7579954181697035, 4.735790752896938, 4.513690826605424, 5.620503076017817
5.958211966775145, 6.511016915493506, 5.548821741703666, 3.4334792810076595, 1.0151054271437525, -0.9709412317279156, -2.0773170086675847, -2.099464722761408, -1.0673587355249528, 0.6992933776896474, 2.660056820088869, 4.389981003230464, 5.926587129757286, 7.673821394708896, 9.894763673953056, 12.330978798979855, 14.303479649621142, 15.132110199002728, 14.507068522895935, 12.627646867782454, 10.090163582465847, 7.5547554551147815, 5.3824709554155925, 3.5375252198011675, 1.809498677619495, 0.11099390241558149, -1.3785309127514735, -2.238148464805597, -1.946303394891322, -0.15424176263668204, 3.011709981834835, 6.909233084045879, 10.664721984912125, 13.480647233442802, 14.752150455432878, 14.087055708026849, 11.365535151569079, 6.81815091124109, 1.0042323249622056, -5.352100707163396, -11.565692968054435, -17.10123141905165, -21.5503924279653, -24.527827052149558, -25.59910061516412, -24.372845152138275, -20.758816460160748, -15.192386277384013, -8.68157525440468, -2.6957919721942347, 1.1951212528460007, 2.003353809387661, -0.10052801225929209, -3.94977321553106, -8.240898233091373, -12.283228084409249, -16.008287960136453, -19.449424090375654, -22.338438290298512, -24.1322069741128, -24.307411440670098, -22.658422547573377, -19.40562021931471, -15.017605623734848, -9.879384822891248, -4.130153567013849, 2.1750821538049387, 8.786035673108726, 15.158767646322762, 20.614478419119276, 24.59258535487333, 26.79228264085409, 27.171662710485393, 25.94793621405475, 23.623693239664437, 20.881022365956643, 18.33039689429148, 16.306851696290895, 14.834583851986782, 13.718810044038392, 12.679285223731178, 11.468007146876312, 9.933181627637339, 8.010656853032968, 5.676182455425299, 2.9405009317135513, -0.06702950085745395, -2.9873921899068163, -5.214712188216675, -6.053135863066267, -5.0331603608734765, -2.2555665647516268, 1.4717136575977041, 4.895456426214316, 6.91014311999233, 7.121497499582718, 6.003709397779722, 4.597209084841258, 3.9814847875397392, 4.66252975005975
4.790870004117705, 5.263283229823661, 4.493474728093333, 2.6883848290553445, 0.496344574110948, -1.4439979211391099, -2.673128231125752, -2.9187224973083894, -2.090963676502965, -0.3320464227523996, 1.9548199213306692, 4.26089981080955, 6.274922420388773, 8.01960364236551, 9.64987697047915, 11.1486763605783, 12.24273906688214, 12.58142245486914, 11.984616832124198, 10.57300433251417, 8.70154606557629, 6.727544944780683, 4.794274608665909, 2.8383322406775564, 0.7980049554900975, -1.2165396550202445, -2.9390168854838703, -4.042354628684755, -4.171255827034386, -2.9971202337424323, -0.4273011954242216, 3.1860999052155763, 7.089692298068086, 10.387651106323515, 12.288014010760696, 12.240892049708133, 10.025931076966465, 5.812096849502748, 0.12390433266336037, -6.310936843561712, -12.742361828934945, -18.502674657322114, -23.014210590049288, -25.745692066467804, -26.199779991444345, -24.041209034467677, -19.373783341800475, -12.956568657456073, -6.149473637661783, -0.5874645770261859, 2.3653891853668934, 2.238151761148826, -0.31694479542659937, -4.030354827904763, -7.873258412040029, -11.515192354958272, -15.08960271236376, -18.656199339070614, -21.90527318948293, -24.245669351240938, -25.070721438776687, -24.01649915172812, -21.123059151466403, -16.805119697301706, -11.60658487294807, -5.916403452913964, 0.10348581359555199, 6.343681325974202, 12.537205756590392, 18.21667823271256, 22.842835474499964, 25.9643348553283, 27.32468242268853, 26.953897318435725, 25.223826779639726, 22.746515699359204, 20.133823461752495, 17.79736593535933, 15.891599676623342, 14.36135566944229, 13.027627222263016, 11.675714541917108, 10.117319605904846, 8.204482678729889, 5.821913942309948, 2.929681399275843, -0.3193661903952538, -3.4723493508388072, -5.803389017497747, -6.532463201956744, -5.1915752016033965, -1.9844984178012024, 2.109093418868832, 5.67947911376944, 7.574517369071581, 7.486948880574299, 6.03228259371649, 4.331486790968696, 3.4342405046346394, 3.7875441253183633
3.8194731435112033, 4.218023718144653, 3.5653696921684235, 1.9590299937098814, -0.07783764410999228, -1.9469501143930332, -3.18376315375496, -3.5312708565766187, -2.9071382631819946, -1.3679285790847553, 0.8590091594241914, 3.3772456763784517, 5.765094231771581, 7.75624645060865, 9.26867745792839, 10.285385319692095, 10.758217203831697, 10.633499050546904, 9.936764592865565, 8.805362713712695, 7.418469878019549, 5.869593116996323, 4.113537014164245, 2.083015182778886, -0.1256507716459794, -2.2181681988001754, -3.875411326241051, -4.915419480035569, -5.2324480373583695, -4.6414358924517725, -2.9286749247464186, -0.11322398180345525, 3.3703918282096614, 6.743330820759787, 9.12090208562662, 9.760342884301906, 8.245726794179276, 4.588525826306791, -0.7894296072740669, -7.186226154644173, -13.78083403924652, -19.744150395473355, -24.29563683304156, -26.74322702686096, -26.549392723129436, -23.490585574363756, -17.915431868671416, -10.903407745925193, -4.082714417386917, 0.8907207960226117, 2.9794224275343875, 2.207212994459862, -0.46939252782166885, -3.8550821734037886, -7.230603550199989, -10.541261611839797, -14.028796146845163, -17.74088998085997, -21.332848962955836, -24.191520473061217, -25.67110652819097, -25.302195711572317, -22.94824292938867, -18.866052314992928, -13.593360430466555, -7.691730791579371, -1.5328940085987914, 4.703218605681545, 10.8595770353495, 16.648873977551307, 21.63943261874091, 25.356263793806015, 27.427670915584454, 27.741721667232802, 26.5376709196426, 24.32757438689068, 21.685432781199438, 19.066995221939532, 16.742932041731393, 14.804294073021063, 13.190486155819146, 11.731397923903238, 10.197286970616632, 8.33915485211318, 5.935444507519019, 2.8941896889498553, -0.5957567110767319, -3.9707380818858473, -6.374595632349274, -6.948304372827382, -5.2481582981194554, -1.6089134406547085, 2.807189864356344, 6.450679744470489, 8.154031821750948, 7.723334070613564, 5.9308692298327115, 3.984725555485373, 2.89818496522977, 3.031431643679623
3.0819767368369955, 3.4137756608420387, 2.7984004341487365, 1.280098587903274, -0.6613169315596285, -2.419640952441015, -3.5371593154318064, -3.835794710383715, -3.3341420024656423, -2.0919730645280143, -0.1874532116194956, 2.1853990628747613, 4.679319926378551, 6.894952258609311, 8.522890817642129, 9.415872890490261, 9.587629618934239, 9.180358275955795, 8.40489359942535, 7.446501072669509, 6.3672448323175805, 5.070708881221226, 3.393726233190142, 1.3074157537406175, -0.9352363577913633, -2.894550180839556, -4.246878757937105, -4.984190692940179, -5.264461438318638, -5.089287140471101, -4.214231036538217, -2.3967195087398117, 0.2857076222090777, 3.3142625569388713, 5.856985484569707, 7.039914483921444, 6.226269601179021, 3.2057063999256705, -1.7610267893961393, -8.031503869156968, -14.723495988357861, -20.83896674453044, -25.38034425211388, -27.49225455429335, -26.62323395623639, -22.711725363480866, -16.38659440109274, -9.01603582467296, -2.3832118258063977, 1.968223193803854, 3.368025166221501, 2.2258219499364285, -0.36772879310746914, -3.3749469128349423, -6.341841746859452, -9.395962755306634, -12.830663256325478, -16.680205468919258, -20.586382863802516, -23.932144289112138, -26.05356526871405, -26.415851868990377, -24.7458333870969, -21.120552938888483, -15.95652034948142, -9.852057423245107, -3.3547174307472343, 3.178685274736998, 9.538029722722204, 15.510282889205126, 20.77147382721209, 24.89821482039756, 27.49084607339914, 28.351065224478692, 27.60181065036771, 25.644164691666642, 22.990235495561645, 20.115401941232555, 17.392560726583095, 15.060079125714966, 13.18573357776608, 11.650344863796748, 10.177760607690114, 8.405755607371749, 5.998645898625533, 2.81628525842114, -0.9039852565155906, -4.474814359868585, -6.902709337852637, -7.2538032477460455, -5.128363814662653, -1.0216487138628962, 3.7007656776096454, 7.353755414703435, 8.781109602089463, 7.93573853053505, 5.773419294742014, 3.6044505856094653, 2.4057275569133503, 2.4260770803077114
2.570074373602367, 2.842777159594796, 2.1933967588315273, 0.6750800576152974, -1.201029122786079, -2.792407565044317, -3.6740143807841967, -3.7965444993060484, -3.3295299191571686, -2.3834021682132174, -0.9226123017582901, 1.0761392672220849, 3.4344020705357026, 5.750640220427229, 7.559979188435737, 8.547155243823822, 8.677250529637437, 8.176902409515362, 7.376940393811817, 6.5057826076886975, 5.5605768788844, 4.342185639603097, 2.6513333119280538, 0.5351077954940394, -1.6177087403306751, -3.2828483487214744, -4.1902203086927345, -4.51906212470273, -4.655477664982692, -4.753476789718083, -4.566737390818795, -3.6811818811667907, -1.8908604276281114, 0.560897548899014, 2.9868404186247792, 4.47700275745274, 4.219596812060101, 1.7803349671144233, -2.765184760031402, -8.861436228129344, -15.587376365117706, -21.78779390092502, -26.250457904851462, -27.963021453467853, -26.384877074340057, -21.65507082379927, -14.701793373161777, -7.140251089908711, -0.8078746408435383, 2.949503347789428, 3.8111301886729168, 2.4582035207978326, 0.013427568377240538, -2.65027463129809, -5.278748852724441, -8.117966895101684, -11.494776162661, -15.448203736191068, -19.629953579488834, -23.431045088709723, -26.17627631135155, -27.286144715193288, -26.39163481088763, -23.417159432556357, -18.616458626786468, -12.510564964594712, -5.716882712390298, 1.2388794435730088, 7.999648180231954, 14.309478085025455, 19.8905744121403, 24.38372695100949, 27.412755095623048, 28.740870782020224, 28.4005845313995, 26.686948094455293, 24.04045886733388, 20.93993300836322, 17.847864391646592, 15.146967516382395, 13.037037157908168, 11.451760835930381, 10.064456032901111, 8.393839029563518, 5.990626238769735, 2.675590262537358, -1.2538917268066259, -4.979443736193801, -7.368912684695787, -7.419896095396831, -4.794827921313363, -0.17774465711496312, 4.839522868794004, 8.437860688219805, 9.501131224593328, 8.165660888126645, 5.595039418079414, 3.2127225264553614, 1.9624671373076132, 1.966303672466435
2.2384159981458716, 2.465614620747983, 1.7348554017685596, 0.16655702762853586, -1.638777558687372, -2.996061377083093, -3.5515899845895516, -3.4251001299854464, -2.9515362269562715, -2.2931462697919183, -1.3130350849614878, 0.21416748809353667, 2.2996313364318803, 4.609208696371793, 6.594133328609661, 7.784034494654253, 8.037555922985002, 7.576312784869574, 6.781409599169935, 5.909719446026607, 4.940457015571022, 3.6540690846048647, 1.8861608377926087, -0.21877895083366242, -2.1723330296762686, -3.4352005407448467, -3.8490081064691166, -3.785250640400413, -3.80257560918912, -4.133289759598468, -4.501900645185885, -4.3759758372179505, -3.366140949322171, -1.5113033547463328, 0.6529889098790781, 2.2481609117068846, 2.3627424032806945, 0.3858759013682846, -3.7793723649196775, -9.678394236579358, -16.377613058198627, -22.587344240964295, -26.893720540755087, -28.139541761969614, -25.816917959545304, -20.292108198472125, -12.799021565347466, -5.160502615232035, 0.8039580629017142, 3.989270511921713, 4.390136237081908, 2.8834294515484027, 0.583143150989291, -1.7813966068340292, -4.1084440040381915, -6.733214623248246, -10.018554845883664, -14.027027698294125, -18.43694680575594, -22.655973934546957, -26.00134973960198, -27.85760742204956, -27.786083909030644, -25.596731155580557, -21.39182294082949, -15.55940345075281, -8.68123244661596, -1.3723651762303475, 5.857292797027854, 12.632995584789382, 18.642528767532212, 23.554467392172327, 27.02491739487238, 28.80665793955328, 28.86758352938149, 27.411046098798117, 24.80653564902391, 21.52684519443153, 18.112924872390156, 15.085238312435747, 12.772857376963659, 11.159755592279634, 9.866148417518282, 8.293657500613463, 5.889465218330085, 2.4496723691322635, -1.658547950724294, -5.48540933331213, -7.766526734827944, -7.4419598512982725, -4.253925303438966, 0.9019691678114999, 6.192721834382647, 9.674590497691254, 10.302636354088731, 8.424175471931484, 5.418176375314409, 2.8221110878850464, 1.5560272662959982, 1.6165407230551985
2.023450762672216, 2.2308739343829758, 1.4053614362437956, -0.22009618173401024, -1.9187379562291371, -2.9739666832827565, -3.146517112418665, -2.755429422158888, -2.29308910298712, -1.94490773866227, -1.4605432492682195, -0.42879087926807063, 1.3350808381538408, 3.58208436224523, 5.724563889443647, 7.165110048479887, 7.634081727279896, 7.287732074609836, 6.501430771686249, 5.548253170917048, 4.430013012266154, 2.9738767635195713, 1.1019715733724929, -0.9374935334851139, -2.5975699398844943, -3.3883412585947754, -3.3119829382238506, -2.93255484921261, -2.929107839011704, -3.5391295354968495, -4.410908415054001, -4.905820554218104, -4.520375988623272, -3.1736737989419823, -1.2941270800067493, 0.2911189877163999, 0.6334259501166305, -0.9917336190558576, -4.82015707458357, -10.499585416719158, -17.107187857151796, -23.244513100354187, -27.314776809783538, -28.032469942584665, -24.942300121491435, -18.65443091004688, -10.704699256937989, -3.087521718431318, 2.446458332708121, 5.0556194797418055, 5.025091574010733, 3.3866316435944315, 1.2296136904199346, -0.8463692509746519, -2.8702604766862683, -5.256218976511117, -8.406508579056228, -12.415948909159718, -16.997911185583398, -21.584861716637352, -25.49394495164599, -28.080510489204734, -28.849390075946186, -27.523651630860098, -24.083848397072114, -18.780245378360217, -12.096045035807695, -4.644000741082041, 2.9701480172918067, 10.240566641091108, 16.762302673088417, 22.17585772876491, 26.144585586039945, 28.41461473684645, 28.90642379743621, 27.747530845320696, 25.242051998890084, 21.851752294237034, 18.18612742363355, 14.893214719423877, 12.421828701725637, 10.798871139122975, 9.591025205839477, 8.093705866369163, 5.670780123600382, 2.112983495467344, -2.1356533144582595, -6.001306449364721, -8.102346602736292, -7.337706506674073, -3.5457221549729807, 2.153214420675141, 7.684774283200664, 11.001102566782025, 11.156333743929379, 8.717063468789865, 5.26377638110275, 2.4410274424382448, 1.1641066310797152, 1.324970253368035
1.8575204400572356, 2.0879447747442885, 1.1909590592748092, -0.46097879123998714, -1.9983924453964437, -2.6929879305561646, -2.456726983274095, -1.8248182428942354, -1.4276527741896536, -1.4371613436348678, -1.4693941943193525, -0.937903440922034, 0.49192757921369984, 2.6504457407754365, 4.933556788861522, 6.642879089211667, 7.376686112801521, 7.1884940445228835, 6.40778117933653, 5.315386543887501, 3.9670301303592863, 2.2855078349276834, 0.3131688385518293, -1.600528383189141, -2.8875745017476797, -3.158228788486679, -2.608290464439382, -1.988819833498923, -2.0595197691797233, -3.014804101584692, -4.395708998408627, -5.455860972636351, -5.606869887882476, -4.6974550579569225, -3.091582701033312, -1.5716648566816325, -1.089430989994845, -2.433204020583508, -5.94351807451049, -11.366237677742086, -17.807421886382254, -23.78411944633658, -27.538550263314324, -27.678176728525624, -23.82021339314358, -16.82750763610878, -8.523354694614232, -1.0345144843409453, 4.0012209527062605, 6.023928246998032, 5.5927667169388044, 3.864607305696227, 1.8848308506326237, 0.12069955652542047, -1.579912789357424, -3.7010492934634525, -6.677918878192593, -10.634920172350892, -15.323616347690342, -20.211204750279972, -24.627784735752776, -27.909984750101643, -29.5140333800249, -29.08994364343818, -26.520978501565068, -21.93828545934132, -15.70889828946486, -8.380294083810677, -0.5791714699130606, 7.0962182412747, 14.133713324290436, 20.10168615802163, 24.63174838360315, 27.44730884246342, 28.42532586406852, 27.628066927028677, 25.299917945138613, 21.888851835425374, 18.063746707973518, 14.58622439304933, 12.008243274662846, 10.387763703813526, 9.240490542706771, 7.776030117705228, 5.304826032599037, 1.6351704516378935, -2.70866166987077, -6.544071909906688, -8.39539783058099, -7.141639284672921, -2.7308866078973213, 3.490455179752921, 9.22296422612591, 12.343815505542448, 12.024796900117828, 9.038662624172948, 5.1371898527889925, 2.062524007180053, 0.7529519905404652, 1.0321096608504667
1.6766362727561908, 1.9911546751772224, 1.078256186271283, -0.5427894509440551, -1.8597697631071337, -2.1523373290512624, -1.5050026592111194, -0.6694044868371236, -0.39027970925521466, -0.7983747579246615, -1.3664050347731693, -1.34469601506303, -0.2676552900254973, 1.7688310483083756, 4.160456565646599, 6.131260043736929, 7.151861856733281, 7.150386334244956, 6.381378835786876, 5.1250328666306695, 3.5104421752487434, 1.5876630286340179, -0.4604905315832588, -2.1895329560124095, -3.0407632823813597, -2.7593476387361675, -1.7492197807649013, -0.9333281514938142, -1.1217108081962255, -2.445016529364448, -4.337427576541972, -5.957310611063131, -6.643103806862999, -6.182517962759242, -4.884029437764422, -3.4861239373133306, -2.926877762925978, -4.029917183994101, -7.218554217047187, -12.33394865968096, -18.52510798347356, -24.24610802191463, -27.60280773842284, -27.123045581062257, -22.51901251667287, -14.908901046135156, -6.376834130871648, 0.8668245866751066, 5.342833733280977, 6.7887999453667796, 6.018551103968331, 4.27758130137548, 2.536623156682308, 1.1187183296379575, -0.24465863665886625, -2.0903154936845536, -4.86871860282111, -8.72331323733753, -13.445031079378293, -18.54811220300588, -23.39313920717153, -27.313113002200435, -29.72439565174474, -30.21025897877603, -28.569262651193384, -24.832544316079158, -19.258797868142814, -12.304581330295578, -4.5600041476901065, 3.3420113246380585, 10.806523030680012, 17.315479997181196, 22.437247668586068, 25.84824565694982, 27.37383357638709, 27.012926336869107, 24.952443808420973, 21.62425337209481, 17.74732151248031, 14.178461402311148, 11.54933236111286, 9.933875154886763, 8.803674349021083, 7.312304493692692, 4.754480478535096, 0.980348814480516, -3.4067808722099153, -7.13807878238231, -8.674163948609486, -6.899063837032473, -1.8806630812821967, 4.819532394719007, 10.707556443997907, 13.61895217498344, 12.850435045965497, 9.352150055186144, 5.009743050189953, 1.6537193340713199, 0.27620249394018137, 0.6766405794680108
1.425072101450788, 1.898955268159447, 1.0480842228603562, -0.47176590878581875, -1.517115573614517, -1.388280230426798, -0.343000124154298, 0.6677875170458746, 0.808408031371595, -0.0006428109042941184, -1.1002463808705898, -1.599673144534742, -0.9168200499900682, 0.9310975227814166, 3.362867632733086, 5.552371365000681, 6.853935684039841, 7.057686441398689, 6.3203504228889695, 4.909093382082929, 3.032649624512407, 0.8846145513223389, -1.2018091502804733, -2.695432703379058, -3.0704731308996847, -2.226751414585914, -0.7724674483700127, 0.22463684538146644, -0.06857673460477232, -1.7166829856629773, -4.073496520713255, -6.237409643420703, -7.49216358622284, -7.557268945041767, -6.664320447927315, -5.486089598682626, -4.9280789327710215, -5.832579835128342, -8.695318955242657, -13.453346485811668, -19.30957105654634, -24.6737291362014, -27.542909131831294, -26.400612221442262, -21.082016292291776, -12.959776787945097, -4.340459133312515, 2.54182789075539, 6.414579368413324, 7.322757306373657, 6.305208849882225, 4.648717774111104, 3.211687855266805, 2.161271742097435, 1.1261127021355617, -0.4569297764733784, -3.028303880948445, -6.736246159873877, -11.41193673484039, -16.630563510964055, -21.803306708571803, -26.27805708033735, -29.443114484298025, -30.82030989029875, -30.128324888256795, -27.30903125045447, -22.525699432109533, -16.142653758498223, -8.68427253495064, -0.7692712220603249, 6.966580175671063, 13.932975430579896, 19.623569731331106, 23.648333807104102, 25.767558279618328, 25.911233238915766, 24.206913142939694, 21.06734336631734, 17.250784041987583, 13.685682626922954, 11.054248295615308, 9.430673195635276, 8.255226641994756, 6.663490521849502, 3.976632813278717, 0.10934234706338716, -4.262452392243232, -7.812066157429778, -8.97209924790931, -6.659509389882518, -1.0687328841586203, 6.0448269966809836, 12.033862076087111, 14.726680966580211, 13.543761553995843, 9.578044443426508, 4.812693350430589, 1.1565051346070592, -0.3195696097116554, 0.20242113136578163
1.0591465478559976, 1.772486153834194, 1.0706704611875637, -0.2780227207347401, -1.0176344309018464, -0.47194075742487873, 0.9483425977675073, 2.1253521902379897, 2.153071548713609, 0.9946156115610632, -0.5924169058598282, -1.6117647300192983, -1.379868938509317, 0.17822086729002184, 2.53830384044034, 4.860730159316744, 6.404353024990853, 6.818143420532743, 6.142269581489958, 4.6130785464669355, 2.5124108077635747, 0.17994322090864587, -1.9001738281444032, -3.1210264379352886, -3.008074502573889, -1.6225380224546588, 0.24320662840528204, 1.4148958765280881, 1.0637836940767202, -0.8149772939910129, -3.533389567277959, -6.1789370649153135, -8.013212419491357, -8.687230600410755, -8.327304213903368, -7.503015386717791, -7.056713806548644, -7.830626009870727, -10.384781452446397, -14.752282831986042, -20.19643845156981, -25.09762018863465, -27.374775890063752, -25.51187859650929, -19.503691624252987, -10.976307323136565, -2.4113855424498962, 4.00208010842893, 7.247450517777089, 7.679585807658104, 6.521606826571941, 5.045341272530823, 3.957999960662314, 3.266052957817655, 2.518472595744902, 1.159114233732345, -1.2143064540286688, -4.7399796249574635, -9.290114279336422, -14.514839132860821, -19.896931791266958, -24.81975050120322, -28.65826826952095, -30.88028939896724, -31.127555133315635, -29.25677141429299, -25.344090176713493, -19.668073683580648, -12.679142736836155, -4.952837464181966, 2.8730043215451726, 10.164581286856464, 16.349120961016833, 20.963244103070423, 23.691193768358918, 24.385701800807254, 23.110658451746357, 20.25547189985771, 16.60378579603828, 13.12664196900116, 10.524421101952068, 8.858773361073322, 7.558751650873673, 5.785752239243114, 2.929457453042263, -1.0130704928750713, -5.304797260191316, -8.592914210079568, -9.320696632738379, -6.468260760539751, -0.36160647352090564, 7.078065430311937, 13.097990766442352, 15.5537848191431, 13.986009482477714, 9.59980808719766, 4.4460844470747265, 0.49798609867660365, -1.0847218220221018, -0.4335316445464787
0.5506951069464122, 1.576159922337393, 1.1053822465293828, -0.013077398962385864, -0.4341507538793702, 0.5008068239040664, 2.264975270900534, 3.6169402413432308, 3.5976511326091556, 2.190391688086658, 0.2030859752509755, -1.3084260118213893, -1.579215620691891, -0.4281162940882705, 1.7169579489427067, 4.048174876405071, 5.760849465101687, 6.370508948186656, 5.7873402902860365, 4.195458497576312, 1.9327588957485733, -0.5247285391104526, -2.5508992325152677, -3.4777893773399753, -2.896195188362443, -1.0242718001159117, 1.1943722080831953, 2.5247736811278, 2.1697674985561606, 0.1746633580124058, -2.7696892155674573, -5.788801548387129, -8.16149882282525, -9.484590198053569, -9.763538224497529, -9.42960858773005, -9.22485586937565, -9.964374959862008, -12.257610195466942, -16.227012604722173, -21.194761071618675, -25.521546804173045, -27.08193738732123, -24.41609608725504, -17.725665055758963, -8.891531623966191, -0.5168085318202144, 5.330858684681174, 7.941163196959277, 7.974275239227031, 6.784363820622205, 5.564047150121343, 4.834722469447953, 4.450245576447587, 3.914163198792124, 2.7141615597380078, 0.5124201997983241, -2.806457514529379, -7.156240427276296, -12.274396583894704, -17.73553606948743, -22.980040689783237, -27.38653371341205, -30.378810000505172, -31.526006223091454, -30.601790401417833, -27.598727880451836, -22.71463256659298, -16.326255404103655, -8.953314531426106, -1.20968430402656, 6.256217593008076, 12.824481917793483, 17.964056220989402, 21.279622411934355, 22.54086996632281, 21.74426612052645, 19.250348291241448, 15.849881473462924, 12.522941183461734, 9.95635583391051, 8.193108752998448, 6.678442662305421, 4.644910492016161, 1.5872353638006285, -2.404858727832951, -6.548461486022188, -9.496067546284207, -9.74016539797453, -6.355906590498319, 0.19352288780670523, 7.851655690066737, 13.810929335836885, 15.989529348559275, 14.048156099532816, 9.284639301357663, 3.7974472585430226, -0.3955484792752588, -2.0570213847648144, -1.2546769957748145
-0.11031616432805157, 1.2807220059741276, 1.1055133598727522, 0.25887682785380295, 0.1485716252222143, 1.425557990957286, 3.492718872569151, 5.034500456732885, 5.054776404868327, 3.529259526358786, 1.2635634347891156, -0.6774738552856846, -1.4750008670335724, -0.8356287139340239, 0.9444989193694872, 3.1380633754726235, 4.918517722960584, 5.687671213447859, 5.220597936589496, 3.62835721302264, 1.2811813157904262, -1.2287728633481938, -3.1522611208216182, -3.779339358497585, -2.77650382991217, -0.5048843445362764, 1.9824463580651455, 3.438464254146948, 3.1224025214917637, 1.119101791582903, -1.911382381252192, -5.172601347969243, -7.996774855747414, -9.950167447473403, -10.920010619181912, -11.17964318048145, -11.338536446990974, -12.152745053661633, -14.256566116392769, -17.843394186846357, -22.28105424877876, -25.913917568416814, -26.610211875939072, -23.034091178810385, -15.651937118925298, -6.602230453286615, 1.4516104402704264, 6.64880191472111, 8.637224633396817, 8.36467644017449, 7.243866257284681, 6.317712758399759, 5.900721529458293, 5.722621360161556, 5.287270495584799, 4.161842415202958, 2.092190444775723, -1.006592300871825, -5.090226797979066, -9.992521906540905, -15.397272589195943, -20.823167101720976, -25.671219239212235, -29.333569083271975, -31.313193972494872, -31.30385717047586, -29.216716169914765, -25.171150205114106, -19.471170203986286, -12.575693990546291, -5.0600772079721414, 2.4343251171698888, 9.261354372440708, 14.83549480152643, 18.686353418893756, 20.500542736405936, 20.20609881989713, 18.127769884792084, 15.040810290784368, 11.89901756326366, 9.349089319700356, 7.418169777821132, 5.599938180918664, 3.2391003950699497, -0.0387010038901183, -4.049285867831928, -7.9797107799424385, -10.514273226395176, -10.229414631998768, -6.327903776993918, 0.5811259116054722, 8.334027413156385, 14.118031170898744, 15.950563426091463, 13.620510940650778, 8.51319348859917, 2.7653961455069536, -1.5844762207272767, -3.2551899216963283, -2.261884988984526
-0.914460063968397, 0.8675735897464943, 1.0263180659258757, 0.4731721315398237, 0.6500581852216056, 2.2079685144284023, 4.525177245959817, 6.262709466368444, 6.405547581099522, 4.898268245918356, 2.4967246334541735, 0.22511993901619348, -1.0789458788808421, -1.0177356899582253, 0.26769889879357517, 2.1753742396872333, 3.9042946661153923, 4.773950955388124, 4.430520041422003, 2.8968258132729137, 0.5495713958853934, -1.9315469098164693, -3.7025907345593674, -4.035264144707577, -2.6787103478635026, -0.11546400350358912, 2.5384417983862173, 4.071116578764428, 3.819043232215572, 1.8958298868857715, -1.0963061233255311, -4.467930476754795, -7.632046931514092, -10.149176605597336, -11.803966299506982, -12.710275386988085, -13.32558365440665, -14.317271096330376, -16.312586065850088, -19.544419864019094, -23.400144793575485, -26.206582795944918, -25.871154123549143, -21.262597166987213, -13.176799806176492, -4.007201276225494, 3.598693289447591, 8.085015164978243, 9.50221937807778, 9.037857113955258, 8.064816160523339, 7.410769418018904, 7.1914204557874, 7.067489771360073, 6.5965331011952255, 5.452446099351867, 3.4710612974833412, 0.5976598845445925, -3.1657941623847967, -7.752987318734229, -12.968558614244776, -18.42864098323252, -23.57675542000901, -27.788164832553637, -30.508002466818393, -31.354793028088036, -30.16162426306454, -26.97157608649363, -22.01596058445738, -15.68944076316799, -8.520001111407492, -1.127208928837409, 5.834078833472836, 11.739126673774669, 16.052425736915925, 18.383349234862383, 18.593651603597003, 16.964118035569495, 14.229339397197494, 11.28391955026788, 8.716358699285838, 6.54882545570921, 4.3551326366845, 1.6224172954827982, -1.8805475157708502, -5.880032650288612, -9.544995206929796, -11.608506000582356, -10.75850356579293, -6.357437899857425, 0.8257700103371632, 8.541577006714883, 14.016815966211837, 15.40578407812451, 12.64302838522293, 7.210642270340512, 1.2851699260046814, -3.1004838699536177, -4.673369466689811, -3.432662622446138
-1.8327756016299772, 0.3325311248166199, 0.833420566511379, 0.5767327675859562, 1.008658412914593, 2.7803297594289775, 5.282801878572272, 7.201476064389617, 7.526004525164489, 6.157869881579951, 3.767705579398238, 1.294787667517492, -0.44571055220430333, -0.9752397919324775, -0.273808236923962, 1.2163325562996128, 2.7677008877225227, 3.6586040610993784, 3.42567002797102, 1.998079825590171, -0.2650197986271744, -2.6310259371937623, -4.198358949309066, -4.247984394541787, -2.6154336144443575, 0.12254838518853946, 2.8346107373231884, 4.386556503346368, 4.208007024022597, 2.430637708637735, -0.4222909218915287, -3.7874590859416126, -7.176085320305369, -10.163567911058847, -12.453457316202284, -14.012478452414799, -15.140916621462273, -16.394436462852827, -18.357297575571618, -21.259011867437653, -24.47034750102268, -26.30045060823596, -24.754015730815908, -18.996854292688248, -10.217255420183427, -1.041337929149669, 6.002092502655748, 9.767369567301792, 10.718878916696559, 10.185597888750388, 9.385196865349208, 8.895125447166311, 8.68509394516672, 8.425832849572467, 7.778707361234553, 6.534081404494703, 4.606488558165714, 1.9615482799237984, -1.4409284254759998, -5.630402357611135, -10.535209926701912, -15.883405994644221, -21.181792680516416, -25.806495731928145, -29.15508330414483, -30.776295571319093, -30.429847763169892, -28.08675374553044, -23.906917902706688, -18.217491291538906, -11.491347206780121, -4.314623847050699, 2.6633702536906823, 8.79298826698567, 13.485853117839847, 16.283786495751034, 16.9866719749074, 15.82283032358052, 13.46198581663663, 10.712896588658595, 8.096647511268472, 5.644692360388986, 3.0352615997324426, -0.08687788301422533, -3.8105303749209605, -7.7798570886533085, -11.149585458523756, -12.706133896554682, -11.267018919639256, -6.38444495811501, 0.9933195814766752, 8.542379983027374, 13.565724966698522, 14.391222269206422, 11.125783640601774, 5.370990950435846, -0.6473551683837182, -4.928992453970817, -6.273408578081284, -4.720421850649545
-2.818367815725995, -0.31254770016945127, 0.5090526440895368, 0.5370134056075196, 1.191069103217067, 3.1120904182714746, 5.727649216715601, 7.788689311911291, 8.319069608110118, 7.180013029570563, 4.9367391016519075, 2.408296916288114, 0.3445578144611429, -0.7317334200100347, -0.6524311388632442, 0.3190514791671487, 1.5718141809464852, 2.390433753703655, 2.2340841752075953, 0.9445462299655432, -1.1561510517447195, -3.320642934476825, -4.633022483602222, -4.41338569158426, -2.584043781874536, 0.21500728930007243, 2.8828991935423116, 4.398587780785004, 4.294562782223209, 2.7092720119802642, 0.07088348893763054, -3.193778334575463, -6.701991054387026, -10.058596011616658, -12.90883392196857, -15.093227038790527, -16.760601062422506, -18.33814306402071, -20.328798667884257, -22.907917106045627, -25.390173684077897, -26.07677260517457, -23.14513999399513, -16.157634208330396, -6.740420261994578, 2.308796971917954, 8.71353204949527, 11.824419007593821, 12.462758068827862, 11.949855924504242, 11.250957786468275, 10.719016749172187, 10.276073599305805, 9.68836443876415, 8.75204039845401, 7.35937392574787, 5.474211106786772, 3.064440155752966, 0.04965515146889824, -3.682113731361987, -8.174505888625115, -13.274586884624272, -18.572465577082752, -23.466353019651823, -27.319396840462133, -29.61619496444964, -30.04761877578707, -28.51903254587621, -25.12391709066366, -20.120985883604366, -13.920427333373057, -7.063101073388577, -0.17934413428310866, 6.06950170455549, 11.054683042393238, 14.261804563409198, 15.434826401610053, 14.742652325076007, 12.770295972468654, 10.2216623113414, 7.546888156681166, 4.798228802747438, 1.770624567061911, -1.7329373774292232, -5.668021114737138, -9.60272982451631, -12.672583283805977, -13.71012383422003, -11.670404084432375, -6.321626989915686, 1.1843510257663676, 8.449907798258293, 12.879570840080069, 13.008827533132148, 9.153657859450048, 3.06948536251041, -2.9579756752028312, -6.99300559191879, -7.976472862600459, -6.053918982036209
-3.8113456070374845, -1.0411854972330106, 0.05479368742728327, 0.3462347375726905, 1.1951785794254923, 3.2116844674182685, 5.868555843403998, 8.014004489898108, 8.7389043517718, 7.880069632085536, 5.892173772741659, 3.4507380672810855, 1.2022632802209072, -0.32936745899027253, -0.857117858620434, -0.46448335620104086, 0.3868904837255666, 1.036449236679967, 0.9075968577905612, -0.22827144496010443, -2.1001300375794356, -3.9844368779745443, -4.996482000819684, -4.524428755400889, -2.573679780785129, 0.18554394090585466, 2.724100761876967, 4.16005357965399, 4.130547599395269, 2.767829025644142, 0.3936401425798706, -2.7032497234862083, -6.244880671869761, -9.874374143537203, -13.20117249682804, -15.965036582907505, -18.175091722610464, -20.11644155272369, -22.170603162707113, -24.40529486052432, -26.045543138028787, -25.41315902075661, -20.95209660523895, -12.715933068130807, -2.7754238094368446, 6.013850699686358, 11.772941736547041, 14.370164178697445, 14.84237989964163, 14.343388208306711, 13.556328972155562, 12.705788490614768, 11.784695915512419, 10.718817589571131, 9.438468573420543, 7.900169757597395, 6.0757175754850925, 3.9135610161134133, 1.298020545259714, -1.9433558109107871, -5.94938051606712, -10.683672530197853, -15.836729771516021, -20.853366248286022, -25.07981918964048, -27.94292773160092, -29.06719491421692, -28.29865922886615, -25.67348476491743, -21.386406768342507, -15.78001367244265, -9.337562578231095, -2.6558271154383806, 3.6057015858317034, 8.790579718138583, 12.340558911496327, 13.951463280120372, 13.728883951376599, 12.158433404872099, 9.825715553404198, 7.1078096092807606, 4.083653714013537, 0.6669522388025912, -3.189156397343224, -7.319235443207644, -11.219865277956393, -13.99831657670587, -14.518981708418892, -11.873231071084485, -6.0654832571578, 1.5222220491899798, 8.408448713526292, 12.11276840692898, 11.4120275982325, 6.880241679184119, 0.46581102164308363, -5.486373341748604, -9.14660915480243, -9.66181091206516, -7.34128578392327
-4.749052003773816, -1.8167400273922658, -0.5091334805538301, 0.020774869000166833, 1.046291125158371, 3.1194055991958853, 5.754505446279121, 7.9181080607263015, 8.799149371442747, 8.233110932510792, 6.570832585292218, 4.334599141902728, 2.0410566736688414, 0.17480862994985638, -0.8975213563077268, -1.096085044506229, -0.7158090329759808, -0.31952134925912734, -0.47438918750236553, -1.4550892737966574, -3.049686834035654, -4.5937810678517845, -5.276049247843386, -4.576305551491383, -2.574056826624838, 0.06361314415599759, 2.413082066999643, 3.745302435168976, 3.7940076545252297, 2.67014102121151, 0.5836940996596418, -2.3061800077919816, -5.816523897959103, -9.63375017124913, -13.35420815673586, -16.64396728498628, -19.385042469190534, -21.706227832229352, -23.8270547732101, -25.658745393827896, -26.319056233732333, -24.20319668673695, -18.12715833635173, -8.706408981073045, 1.5951622191253887, 10.02259729050064, 15.204757630913875, 17.449825651462433, 17.819242437196447, 17.197654112237153, 16.050203980297784, 14.608447986394955, 13.029759171135437, 11.418325155932612, 9.807408531145185, 8.16998112594334, 6.445291415660887, 4.543518178844658, 2.321438450428256, -0.42665211908934053, -3.905476842647949, -8.182565951528177, -13.060235496070588, -18.05618365352157, -22.522943836332754, -25.83878823719886, -27.561584463488344, -27.480705812999094, -25.585668727661545, -22.018634741747107, -17.056622500100108, -11.115717697167012, -4.7436310825294195, 1.4176291628525235, 6.698816566400851, 10.512539254017305, 12.51642538525007, 12.750695788335229, 11.588970762516695, 9.487262320690778, 6.7482567186091, 3.4820691396692505, -0.2788965607463794, -4.440227651045282, -8.727968520546526, -12.574485228422214, -15.054653974708904, -15.051404017037674, -11.784904859123996, -5.508445544426666, 2.139159876676994, 8.573981708267898, 11.438144023650151, 9.79202071897016, 4.52536002422017, -2.1957357310326584, -7.992841173732715, -11.189103047844412, -11.18336138815678, -8.484906761533344
-5.581028695774949, -2.598581979107927, -1.1470114086971774, -0.4035081963222995, 0.7881305980967889, 2.893684371063566, 5.4585647404340385, 7.578415323749427, 8.56397644798215, 8.272076262896444, 6.963266610551618, 5.010059492244015, 2.7887423825546245, 0.7150224785090762, -0.8057143664563508, -1.5600846525855576, -1.6759307418291123, -1.5879786712774315, -1.8131976309440245, -2.6462984653157005, -3.937761327017155, -5.110793691106878, -5.4603958861664355, -4.571519580330642, -2.5822533235626217, -0.12482030181769328, 2.0058292638602193, 3.232494149039636, 3.3664852575687694, 2.481430934481689, 0.6790613585304581, -1.990893082636199, -5.423535126280113, -9.353140912485703, -13.38826277879297, -17.148543447870974, -20.397312096995847, -23.088236941197778, -25.24025040804255, -26.572785853463344, -26.10350796312566, -22.376991603147637, -14.683098365632958, -4.22440905162437, 6.255650149242695, 14.268865619877904, 18.978463939466252, 20.971551801825573, 21.173565495042755, 20.207047850401583, 18.448603324004292, 16.24720453939724, 13.951640233379111, 11.814326668936275, 9.928108858226267, 8.247060523820261, 6.654251571757653, 5.011597645271696, 3.1562216488153827, 0.8747442879361191, -2.0710391673778754, -5.83138448428571, -10.32367009235399, -15.163388545357163, -19.738314788779096, -23.393214762372402, -25.6180475516224, -26.141618948106778, -24.91387998265697, -22.04093943014715, -17.746778316367326, -12.37901279490552, -6.422781708561578, -0.48380995933339294, 4.775886940916017, 8.75837721838566, 11.093267034983073, 11.75041929200625, 10.976791193882464, 9.090132270902085, 6.324502144771758, 2.833570038079136, -1.2261886587324418, -5.625518557934718, -9.995121494851128, -13.716662510373178, -15.84052645977986, -15.2649877678792, -11.33154997889205, -4.549089337816058, 3.161994511094821, 9.095800408652073, 11.03466255354563, 8.379804495801594, 2.380060278945248, -4.5989524787471385, -10.194443426285563, -12.911803586294607, -12.410943671692738, -9.40925821202008
-6.283345306102142, -3.3476118557514285, -1.8121911174603866, -0.8790100852018249, 0.4708300740088499, 2.5950185760787483, 5.058489127210989, 7.0878414984001115, 8.127469748829881, 8.071023681239339, 7.1044795316401235, 5.465492095802233, 3.3959635809089206, 1.2273274715562592, -0.6318950073675925, -1.8705258167430932, -2.462589885412308, -2.699440313786372, -3.018281083240351, -3.7126414402303483, -4.69674324561821, -5.501204971799855, -5.5466626197733815, -4.522985260569999, -2.6041899790376553, -0.3597947732075391, 1.553284953919756, 2.691805529560102, 2.915216654059821, 2.246185072367076, 0.6946746327149423, -1.7648563577561847, -5.082700948591765, -9.049224957768812, -13.317902421102335, -17.491453360157927, -21.21570444884418, -24.241182515132387, -26.350702470551276, -27.05828084537602, -25.319071810389968, -19.917955376034357, -10.696459010603776, 0.5893066914282465, 11.07151569692682, 18.65155840900646, 22.95852626437272, 24.6854235792156, 24.56536484277864, 23.06410082121028, 20.59235017870748, 17.642749810413147, 14.702232813580148, 12.110419981456609, 9.99123501963775, 8.27889371650993, 6.806072193265115, 5.388730103244281, 3.8486391077671325, 1.9807769497395655, -0.4588137993034077, -3.677311856603605, -7.7007826499959675, -12.261754840667294, -16.81571085640225, -20.697450490188647, -23.331101192324745, -24.374456522880894, -23.735529097132712, -21.499842574659407, -17.86105130506584, -13.110421657920995, -7.664145689158659, -2.0710622808907515, 3.040104730855512, 7.082259626998448, 9.662704729601275, 10.66859413207273, 10.205054753749728, 8.454265914151113, 5.604741790219998, 1.8781454878915405, -2.4379786136535953, -6.989271219828762, -11.324581110718608, -14.7881990797628, -16.423378269671687, -15.158219837935686, -10.459945190114523, -3.100740576378111, 4.697908865430166, 10.105508530935355, 11.090740875810633, 7.452796291357457, 0.7863445612683934, -6.416610640351138, -11.849867872093588, -14.178929452090514, -13.288575068133188, -10.093474844770592
-6.863909506250756, -4.029595436246989, -2.4533206013907716, -1.3564985310731528, 0.13845955349983707, 2.272399910351586, 4.621209709382842, 6.535511183187854, 7.590200988381224, 7.720234164726359, 7.053011023107899, 5.716703844994449, 3.838830697526233, 1.6624768381996098, -0.430756842089916, -2.067892108161193, -3.0878933433891906, -3.633548357382365, -4.044902214931835, -4.602691054081706, -5.288569411182298, -5.753279554418655, -5.548102282979722, -4.453036078927753, -2.648910469504135, -0.6209352764365148, 1.1048649899917689, 2.183438356201747, 2.4847200392493245, 1.974086553577641, 0.6042876334687796, -1.6744322254487694, -4.838255168998931, -8.74801401312341, -13.148859419535716, -17.666424702000043, -21.825834312885053, -25.133351362299763, -27.100203414574068, -27.045565492066036, -23.929796655210588, -16.87095052497589, -6.298705704770331, 5.566016830022495, 15.88865812817864, 23.006369306793136, 26.89050487145705, 28.2343191632592, 27.641195036081466, 25.56079582508367, 22.49055127312143, 18.994284176190757, 15.583582163976537, 12.61802863068903, 10.254261480321095, 8.446597046761283, 7.015187956914805, 5.745929742078414, 4.445003368013166, 2.9178491927495567, 0.9312459678841896, -1.753599875660256, -5.255841860360151, -9.434348598960439, -13.8436764443323, -17.8410136377398, -20.795699734799822, -22.28189734378737, -22.150383532372015, -20.470999298776434, -17.433021470261448, -13.297921650412482, -8.420033402262924, -3.275375159617902, 1.567410509047717, 5.550858646662436, 8.257858398470994, 9.477392481482271, 9.170403065825154, 7.411610805788181, 4.386996811126367, 0.40965764084615824, -4.1131703973287115, -8.72664026620627, -12.904534341335678, -15.945944362643308, -16.89733492424661, -14.751675878636249, -9.13449048470747, -1.1006850138866573, 6.821604941381972, 11.712775542028051, 11.800254192329026, 7.29520751383797, 0.04241184158542486, -7.435296153288532, -12.873486672954371, -15.007684106528911, -13.878593014295676, -10.589060253123792
-7.353439250134293, -4.618101986587575, -3.0243821314061514, -1.797327394191272, -0.18129822097574685, 1.9563908828070502, 4.196790264628728, 5.996591003338823, 7.041188788736288, 7.300650692197321, 6.862655822396343, 5.7836804085498, 4.108634442870968, 1.9926009239647076, -0.24177017671057552, -2.197909431772749, -3.5971522458122105, -4.4271932161585665, -4.9174559590205185, -5.332452369825756, -5.730717483483767, -5.8935062713502395, -5.497609056837373, -4.386866027673763, -2.71581120680933, -0.8726253019451325, 0.7214051340478204, 1.7654271119744818, 2.0975229338111303, 1.632799697978023, 0.3247132776719707, -1.8289879997016651, -4.791062401403122, -8.511414783300287, -12.892838430798085, -17.64777983058123, -22.185878512348637, -25.716276038041343, -27.435952313127295, -26.496855984334854, -21.95392823321689, -13.33943411898712, -1.6598592724620214, 10.522164073397308, 20.52733565371619, 27.10103736305723, 30.439550378139177, 31.23054529360221, 30.08194151943336, 27.541265563137095, 24.16810929659984, 20.46465556489853, 16.829706198933412, 13.57878263552716, 10.92143244176529, 8.896961977189346, 7.374318002442161, 6.139572149679504, 4.983569458993897, 3.7132437603092923, 2.1093284556991043, -0.0783777921045749, -3.0397534824996204, -6.75670130734182, -10.907186466869694, -14.90886328821966, -18.10060666834242, -19.966367748439726, -20.27375138348155, -19.06242170533749, -16.533049993056725, -12.951621145984703, -8.635757410513762, -3.9893093535844257, 0.49404368345581, 4.295785284726283, 6.969558801551429, 8.205664692972908, 7.85150456696446, 5.932868675536593, 2.6782532386994564, -1.5157508559065531, -6.1760622206120095, -10.7927413286342, -14.75101679921057, -17.248932051071325, -17.314468385461417, -14.056108433484468, -7.332378861744993, 1.4792324851393854, 9.562692346608134, 13.987819842219801, 13.305910283693986, 8.078884323616892, 0.25699440134848717, -7.665879421548884, -13.384102500043108, -15.570255108183002, -14.343547047536973, -11.000911435079955
-7.783897968415371, -5.1003333773904345, -3.499998513310461, -2.186381190520525, -0.48229629766873733, 1.6618976758381478, 3.824492256306929, 5.53423249757696, 6.549314993955156, 6.862488820208838, 6.55056926616167, 5.6542731792387375, 4.180701156201125, 2.196643766400017, -0.07962456221852876, -2.2807569296960426, -4.030084956042216, -5.142993551650091, -5.713504585600433, -5.983419846461967, -6.1005244039321145, -5.988944260052112, -5.443335924486872, -4.340713101269354, -2.7772845966391673, -1.0444363384447741, 0.49285606634356705, 1.505947762792388, 1.7593638025296878, 1.145364548120549, -0.29609682519426084, -2.4245052455126714, -5.134694408643653, -8.481460625494671, -12.609347068145825, -17.418766896779925, -22.239281251218607, -25.930213544828337, -27.317877023004034, -25.414913130228587, -19.464941847195803, -9.472932082544768, 3.0304558013353198, 15.270006035195369, 24.788348538320427, 30.66867146195107, 33.26113496703465, 33.31559553174495, 31.585112409592135, 28.782156344779814, 25.47192797520872, 21.963019382304527, 18.41029375858713, 15.014760494891384, 12.0466488189022, 9.69029115917753, 7.932590947766751, 6.604535814103644, 5.491761049804638, 4.392021467833984, 3.093179560321785, 1.3458250328604242, -1.085755509522915, -4.290799518762185, -8.08273800824274, -11.977368192321274, -15.321220935031603, -17.51680577193396, -18.221625791073002, -17.4094293485491, -15.283345134562657, -12.1410062862634, -8.303999443576794, -4.131970839593615, -0.05384641956781144, 3.4487501111368726, 5.90778670117066, 6.950798563457903, 6.381261430290508, 4.243609849626715, 0.8207398358263658, -3.469261668658877, -8.183175237539213, -12.811854479526957, -16.612551685593115, -18.570799926343543, -17.623777077902833, -13.045425724309844, -5.043313020447888, 4.620406782004571, 12.885396231998687, 16.90932361442422, 15.591089000806793, 9.736855984072843, 1.286917706275885, -7.301155469197036, -13.587397726142507, -16.059424193381762, -14.839078514907738, -11.42457232232639
-8.162770816190234, -5.484411728082598, -3.8913665536263573, -2.540495416452901, -0.7753987336669682, 1.4029292349512898, 3.5503546906488945, 5.211130313096529, 6.162218027378704, 6.408966941001146, 6.066144633830105, 5.23998473231752, 3.9626692078797774, 2.2140795646661235, 0.04291985606938377, -2.297899221168024, -4.374380801799404, -5.806600945427114, -6.5049629872487795, -6.659816627828427, -6.509306649608716, -6.131735678796655, -5.43604099817173, -4.307426083004819, -2.7619303421138937, -1.014728831935202, 0.550873406597419, 1.491801880239364, 1.4673164388239064, 0.4016265174013087, -1.465548501328991, -3.734761114296012, -6.160631925758067, -8.906092939338473, -12.448856070138138, -17.01793174122164, -21.950016459051987, -25.725100221720375, -26.730215618629234, -23.84678401461364, -16.58372659293556, -5.448744160132518, 7.581671543190258, 19.63132667153446, 28.47976221443342, 33.4700003267406, 35.084462852739996, 34.22425147832087, 31.890447596362833, 28.994001043171288, 26.06875239638922, 23.14659765389116, 20.033897761718798, 16.73044861834691, 13.535256442161968, 10.80478254689687, 8.703295109716416, 7.162684675738802, 5.991437347485442, 4.977231816931099, 3.9050954401637363, 2.5298808501994383, 0.5922367269193713, -2.07982961276271, -5.432372152690793, -9.109259765472226, -12.512257761107188, -14.99298278131842, -16.08586650356277, -15.651648170222959, -13.855706358373075, -11.028900022119647, -7.538380032708712, -3.7521681714446125, -0.07134186442475142, 3.0519754937981975, 5.159757801667734, 5.887289974567855, 5.072592980687422, 2.811733138244308, -0.5993786368400508, -4.812895946996681, -9.506194401443691, -14.2158454379984, -18.03279325150108, -19.60406815211521, -17.658401769112743, -11.654512000569728, -2.279298201228739, 8.242837112708962, 16.659835037125177, 20.302784300521942, 18.41014068222272, 11.96183075782058, 2.8504656898838, -6.51389510683559, -13.545854236265031, -16.483013005842352, -15.365416706242879, -11.86504447163521
-8.459511537231919, -5.801654514198906, -4.250977993101327, -2.9027848470508593, -1.0691183747954385, 1.2191830493408153, 3.4508105303595356, 5.102847375195021, 5.908596559238729, 5.8909944903038145, 5.278670228110862, 4.35108644854872, 3.250806110349023, 1.8854659099275541, 0.05781892594279983, -2.2212706326645733, -4.550462310900042, -6.351867380665353, -7.285589460299814, -7.422274146274768, -7.055088927864571, -6.410408152728415, -5.511616932959429, -4.244069761073333, -2.5463116050039223, -0.6086319623917238, 1.0667224591419926, 1.8337416983120143, 1.2387100469149779, -0.6808584720027464, -3.3599369737343387, -6.016559506349496, -8.176192196549803, -10.089255070577924, -12.644932557445998, -16.564438351818, -21.33816537394038, -25.087284106845235, -25.693453321798632, -21.881778105397114, -13.464557875951039, -1.4522402193528583, 11.819306693611868, 23.455704550926697, 31.45560739845116, 35.35964054627369, 35.791152033939525, 33.87068305306305, 30.89550290046115, 27.98704506905316, 25.650219091833765, 23.62718131700778, 21.318995141400013, 18.432225293288127, 15.21714940541512, 12.17904333481164, 9.690748622261978, 7.8419053332195245, 6.511105890550412, 5.494089482008771, 4.5689772356273535, 3.4919515500976908, 1.9949632199142109, -0.149302406205161, -3.0027636011841947, -6.353113013762966, -9.705802029876997, -12.41390724301975, -13.904419558411929, -13.88724034801956, -12.42698504397213, -9.850858109137251, -6.588761042336698, -3.0712033135186445, 0.2799622670513073, 3.034690812409543, 4.787063773203986, 5.243240754612396, 4.308149268752424, 2.101584460887146, -1.1295447764513518, -5.152162977095832, -9.778145294096753, -14.608092000270629, -18.59018100078129, -19.985563817928274, -17.193902539742435, -9.812244600974383, 0.9041202627706897, 12.19259513642602, 20.649117873962965, 23.83810716365816, 21.345350593925737, 14.345835247363066, 4.701305486631604, -5.309100986824558, -13.071373420890263, -16.581913227766506, -15.704240064937382, -12.198616212765737
-8.62335755527237, -6.100508310286138, -4.655283207698692, -3.3151627276183913, -1.335466169883584, 1.2065905247619009, 3.6511818512751875, 5.308074416543231, 5.8163296082559635, 5.247780982196927, 4.038360850948965, 2.757725319833846, 1.764468972311218, 0.9428967841282498, -0.20735884496503637, -2.074526324231991, -4.4504926573174295, -6.6184089303017135, -7.932864089859178, -8.235814996825649, -7.777007962535037, -6.87903254730343, -5.67393652219439, -4.06679426114188, -1.963314545140153, 0.3821636105524016, 2.2359795375270872, 2.6849335856913488, 1.1889108291703139, -2.016353955110786, -5.941109336626208, -9.312736708043145, -11.32103247198163, -12.244607202551455, -13.424216731517822, -16.22718153131264, -20.487313146753696, -24.055142785764655, -24.269276848900677, -19.642627234685854, -10.27777014189015, 2.340910786087892, 15.59880633422301, 26.63747523788821, 33.6455131699432, 36.32276920459917, 35.45186992778913, 32.40222482160538, 28.75918937024685, 25.83946249473103, 24.145452138703877, 23.183799820360836, 21.96498606249731, 19.83926318408353, 16.90453713323291, 13.737435800209614, 10.903792118168194, 8.689172372590594, 7.099380694793566, 5.978909569086155, 5.110784929582022, 4.250084149442238, 3.1266099811368178, 1.4815561411162403, -0.8365746933629629, -3.7570045119452624, -6.926876513200911, -9.766347766638212, -11.646440850027448, -12.121934184008426, -11.095066642362172, -8.816411464955396, -5.746965003459689, -2.4003439866701872, 0.7430710455003668, 3.2606764190708417, 4.809700114889438, 5.166714268765548, 4.261610692315177, 2.1795229803770892, -0.8932940896641841, -4.771615240629096, -9.304779151997701, -14.141588293892735, -18.20896368554948, -19.50715687877588, -16.06587206747598, -7.500420414036546, 4.3837623041105855, 16.244338431332597, 24.542507220082207, 27.119104938586464, 23.96098219203286, 16.530882427161714, 6.678081828697869, -3.606390398708804, -11.888064076560463, -15.995215463531691, -15.535426355372756, -12.232864446246626
-8.628655079754903, -6.43284693364868, -5.164771918701217, -3.772876043039764, -1.4736931047762147, 1.5345243392809822, 4.329991672792112, 5.969068559399283, 5.986526224965959, 4.552373191533923, 2.3767381868801705, 0.40341608936786877, -0.6741631053134635, -0.8802721657101324, -1.004135143260461, -1.9768365657223719, -4.011723431348975, -6.412253351645797, -8.23269110419734, -8.960814746788161, -8.629516723421776, -7.5316243730192465, -5.880708976733299, -3.656163135151548, -0.8304729633706059, 2.1581257257000943, 4.251765848288486, 4.259630513756729, 1.6091335245597636, -3.2214689123583176, -8.791964425956115, -13.268929246405309, -15.380161835276182, -15.322317218537068, -14.869793193198328, -16.143148971583543, -19.513542100674794, -22.71262795938408, -22.55343848068086, -17.269877221021094, -7.191509659642258, 5.7784969276083125, 18.813770843988014, 29.12269127687815, 35.05792674379925, 36.46215957376874, 34.29324585206878, 30.161219626015548, 25.88194378223374, 22.913621578692812, 21.776536169852065, 21.84091587796384, 21.82359377739962, 20.723930795011572, 18.396339899348213, 15.371635432084304, 12.334723123887326, 9.761726682927613, 7.831114587166489, 6.492418512327297, 5.568360363895765, 4.822256494292707, 3.9851398789059815, 2.7834066305444427, 1.0053419627663398, -1.3995340108337084, -4.236043967488977, -7.052775377823427, -9.245038552623944, -10.258722082004303, -9.807682362722632, -7.982267393348663, -5.190283046635362, -1.9898843369432657, 1.0713320252011247, 3.544361583390149, 5.097023752155727, 5.499548576180762, 4.629518580095952, 2.5166291907239278, -0.6431336979788773, -4.571257616971631, -9.000246689975656, -13.564113137895848, -17.318676692056695, -18.297207871905858, -14.292289557509456, -4.806895181756508, 7.96099576402136, 20.128508833544135, 28.028665101704927, 29.811397452373537, 25.942979804810683, 18.273528307646767, 8.638226381102669, -1.4280612418850798, -9.89470575618876, -14.53424163489555, -14.659533417745939, -11.839135096893605
-8.506435028880194, -6.828548027704217, -5.7720452957083195, -4.180321126179475, -1.296255284891453, 2.4308716859582047, 5.705798470060347, 7.307131821274234, 6.709416195559127, 4.2064409803963425, 0.7555581307421251, -2.3246733543876585, -3.884807384745385, -3.6478163491967726, -2.548504059277034, -2.126648821615394, -3.2757084328503563, -5.592185083490651, -7.94511498686984, -9.375108314357485, -9.468189085350604, -8.276136334483803, -6.030699537024798, -2.87374784874161, 1.0019685460793497, 4.845208790019217, 7.234717569542547, 6.758973960457832, 2.8759369772829113, -3.7174205469291195, -11.200900961954988, -17.169128761288295, -19.759757918067198, -18.936279144790788, -16.82622016538047, -16.333160463648717, -18.512490857306286, -21.162742517384213, -20.657417091260147, -14.902173348324425, -4.354826115204647, 8.740485694905233, 21.39724450011648, 30.904083281759288, 35.76129100545564, 35.953735430039245, 32.62145382980291, 27.57678251136307, 22.773836252414196, 19.723064899601063, 18.95617296312441, 19.816297576511865, 20.887430844741942, 20.91088111845127, 19.461393327245972, 16.901719555278653, 13.91155379292292, 11.090834569879199, 8.795646966677836, 7.131048711330955, 6.013443954070804, 5.2455319495132695, 4.571225092732816, 3.7146520325739734, 2.430757949024035, 0.5810350217853636, -1.7840119397291545, -4.375862566621689, -6.69763606209253, -8.178706330657786, -8.383777756684585, -7.196605212334759, -4.869419819807095, -1.9133282446280118, 1.0867888744810368, 3.613801907816296, 5.2557084617058685, 5.686172858666755, 4.700633431336391, 2.3241232546701633, -1.1572464539007565, -5.308228691481101, -9.658901537462633, -13.70390850668825, -16.63395096646805, -16.80991652467891, -12.11556591576254, -1.932970097501263, 11.388623064597562, 23.578527250916224, 30.865759476181477, 31.723900930780434, 27.151182405876746, 19.442119355134693, 10.414561660283487, 1.0350853577279782, -7.258707101355184, -12.311755306633431, -13.136030814779081, -11.050248804364273
-8.320078148534739, -7.253649878293063, -6.356899891816898, -4.336786229368801, -0.5615438474986639, 4.120355789567708, 7.98131319373587, 9.584602670959045, 8.418797788700722, 4.864843424326115, -0.013299241274038863, -4.624698290176804, -7.275588134092855, -7.106034642217798, -4.904278672914241, -2.741520633129729, -2.405054381744297, -4.1355176438473045, -6.866598870829773, -9.194547404043838, -10.028772086232465, -8.902844612224266, -5.95530811170663, -1.5928182807174742, 3.584598746576662, 8.399107432403026, 11.095348174987638, 10.159840150901356, 5.153556311974785, -3.076483326714212, -12.489173951866396, -20.191397179122223, -23.652368024375683, -22.443137828931413, -18.907799947203003, -16.665867915881545, -17.512343739553444, -19.490935733886648, -18.68345307485669, -12.657137954884934, -1.8850111799444864, 11.142611420014504, 23.31805725128545, 32.01138044306807, 35.86337795910017, 35.00605986745259, 30.750527670097867, 25.05002104457494, 19.894770449716205, 16.74804707634159, 16.119614763611697, 17.409882697939725, 19.248266661670495, 20.280667122607362, 19.84644796206327, 18.05855009718944, 15.450934812942492, 12.624521592132098, 10.055705236597438, 8.018169903888166, 6.573843084852713, 5.615608659192206, 4.9308618752511055, 4.259528791672088, 3.3471009383694557, 2.0048229373092243, 0.176986435548959, -2.0023151170687297, -4.1935223170665, -5.911798004281264, -6.67581560274623, -6.199780141294636, -4.528500497661858, -2.031304690454713, 0.7328585207684252, 3.174081496425536, 4.762023010214439, 5.075214091537572, 3.9000596390859212, 1.327056339588738, -2.3219534351385893, -6.628095401289426, -11.009138429782913, -14.646336286637785, -16.585926367627867, -15.552289805633862, -9.90931465026859, 0.8603032056067255, 14.431560009347157, 26.385475995069754, 32.91785461118065, 32.81481578560079, 27.593254374210414, 19.99168265015007, 11.834369943471522, 3.499389928288363, -4.309311578527586, -9.649529661546405, -11.233383056982827, -10.039031297527941
-8.098644794554415, -7.572995678645603, -6.679373407840201, -3.9788426735702673, 0.9358339822548358, 6.708622210164265, 11.198890627017429, 12.871360830578109, 11.29645960184855, 6.880269133983428, 0.6233373419930797, -5.795156857185372, -10.164617910075126, -10.802556306957602, -7.967139809149603, -4.007225343865214, -1.6729681213117653, -2.1843745478603815, -4.898211135307375, -8.117936405285512, -9.9357911471636, -9.082146607862962, -5.438129501070708, 0.2515866393516328, 6.800503463780173, 12.52523453038555, 15.426582039584593, 14.057083739325456, 8.184599526471008, -1.2583706440867608, -12.244614753832082, -21.62246477936555, -26.226007672010624, -25.094273930090484, -20.59351724673215, -16.885569147553415, -16.45257590828882, -17.728454193528325, -16.69559604906963, -10.61531448551667, 0.13757971064338717, 12.933104862130161, 24.572622797911897, 32.50011116074826, 35.493691993486756, 33.82687284424326, 28.940554318262087, 22.855753484755528, 17.521395482145, 14.281139745545076, 13.57619234627216, 14.897477987714463, 17.059116647793285, 18.795080900615133, 19.328133390868352, 18.516929552445088, 16.644405488554852, 14.169673072247619, 11.5737637399613, 9.24972535733593, 7.4206211665886235, 6.117692641606379, 5.21860244118468, 4.511411265460807, 3.7586796300655716, 2.757188024982985, 1.3944322699739824, -0.3031432845349754, -2.143225564302243, -3.7831020258565955, -4.809962924016389, -4.8850522077540735, -3.9002401254289274, -2.0603275273815886, 0.16308619802613336, 2.1755899834037105, 3.424830434280149, 3.5457188138465994, 2.4585443792439086, 0.3000408697378973, -2.8392813168069666, -6.945654223732097, -11.557022630701583, -15.390739084962862, -16.867296121843054, -14.724119825440777, -7.997082875468168, 3.334445311645713, 16.929710170465125, 28.445595004508437, 34.166922309719446, 33.16144287733628, 27.37423094053776, 19.93735668371138, 12.748294401203854, 5.679272950835637, -1.3879635365971494, -6.893301526815961, -9.259044623554484, -9.002296860290196
-7.806871785690792, -7.578019808676915, -6.451266851572564, -2.888738111273879, 3.2367308669681982, 10.04472779315868, 15.060538848104441, 16.759109070276075, 14.853920776212052, 9.790509140434322, 2.4247752976474715, -5.7149541343372805, -12.135676245467074, -14.2777528697792, -11.505234233595349, -6.038880391151572, -1.4405789481535833, -0.10515934825527583, -2.1889595247587903, -6.000539499953391, -8.85037736495954, -8.472758693545444, -4.299292294355738, 2.597281108696432, 10.335772387526214, 16.702299692158665, 19.581412188397515, 17.77720074446924, 11.39857757219241, 1.4404559723105603, -10.354667072636841, -20.962723847698218, -26.77562125313648, -26.20266711088417, -21.37016988750858, -16.698721731435384, -15.209695365073705, -15.838756122954301, -14.694425444633302, -8.803409828725245, 1.6702112920701218, 14.07944192885311, 25.163573577723188, 32.42503841844503, 34.76727134175184, 32.56838483901358, 27.32318100557602, 21.05907484496951, 15.664991523271258, 12.346233391650776, 11.42832433371926, 12.463867129621326, 14.509471410951022, 16.533063437369773, 17.79670327472002, 17.9854139670725, 17.10658179157098, 15.371282368118361, 13.129560944881684, 10.785855483015226, 8.677597677324739, 6.984815802055536, 5.714764294210679, 4.74482392906613, 3.888019403426854, 2.959152087983187, 1.8325631929146278, 0.48571848387506905, -0.9778544731230577, -2.3344791613582547, -3.2865250295695314, -3.5571730009835814, -3.0183334377077213, -1.7955760006142387, -0.27122480356642437, 1.057245663083133, 1.8100402056527722, 1.8984428829023268, 1.4675498233909299, 0.5410996021332046, -1.3527601666569968, -4.899770371928392, -9.920255598926488, -14.67658901217513, -16.664800251392332, -14.106938169989197, -6.513335948314323, 5.330874352897261, 18.81765342496544, 29.773534128236353, 34.70745672691639, 32.925705263586046, 26.650815799229644, 19.3296796016211, 13.040533086243506, 7.326424884014664, 1.2262621562373557, -4.289208193202425, -7.415818764652061, -8.05980350701712
-7.413724350952536, -7.123765585625155, -5.4977013491050934, -1.0383637561084191, 6.114018153884291, 13.66078928365065, 18.90605302808432, 20.400195165616196, 18.07262946918979, 12.545871451067992, 4.579368896214725, -4.709245087969972, -12.994716176224268, -17.05029256248302, -15.110077433754071, -8.787080255644561, -2.081065047471374, 1.4741802513173272, 0.6629461044745586, -3.17366191824015, -6.798649347596702, -6.972115534028373, -2.54447137461727, 5.199497783516257, 13.719025584958128, 20.324743167235827, 22.908657344679078, 20.660313848317156, 14.150218313949702, 4.48580863529458, -7.075460508515583, -18.106878025155233, -24.94028053311807, -25.352499004838478, -20.917764017457756, -15.92986393728915, -13.720006146572578, -13.796559025833277, -12.645202693578492, -7.188339540155828, 2.715240336637323, 14.555330766475077, 25.06539893443276, 31.790376717295498, 33.717947180002845, 31.244876255574734, 25.825573352020083, 19.47577204369677, 14.074982589690958, 10.72023073366899, 9.578339883385786, 10.183998068821044, 11.804083158369671, 13.706771715951636, 15.332023715459362, 16.32697390375563, 16.492943290192517, 15.772383213996244, 14.288696113705065, 12.332602219721073, 10.253598349022642, 8.330355016343411, 6.698698627399529, 5.35139048086598, 4.183606642994924, 3.0562157299766435, 1.8587032626520317, 0.5597565845675754, -0.7642618343939832, -1.9328714882379636, -2.707303640518842, -2.8811343054717096, -2.3948390236908366, -1.419632496213806, -0.32904864475396167, 0.49940776947760057, 0.9664561498593918, 1.3371130735589587, 1.9005337103448061, 2.372079538860358, 1.6535058657099544, -1.444591115284644, -6.8606282104673575, -12.62578205512635, -15.629315472465622, -13.388012340369839, -5.411995800291192, 6.782367117727585, 20.086925957793202, 30.450481608779093, 34.68736581391525, 32.2778568969234, 25.555784040506726, 18.211518339996005, 12.623898878397174, 8.235130463119313, 3.311856519336265, -1.9770453147947327, -5.77228052101476, -7.248530899074398
-6.982145645186405, -6.291625943178681, -3.927490231551515, 1.3139837189462225, 9.077203815661516, 16.87137422708156, 21.927371211972947, 22.89658880919117, 19.989135764116266, 14.193303064893943, 6.310667738154074, -3.142479690953299, -12.54867905286901, -18.49003563980817, -18.074378875635386, -11.873592761118031, -3.7949822371100077, 1.785403833788657, 2.581462382062039, -0.6398691542849329, -4.451926641453241, -4.957090306176943, -0.4874811754552056, 7.631511443322934, 16.415619305502506, 22.854776002810887, 24.925996076384216, 22.225019812721317, 15.846880391023925, 7.145314823250847, -3.124100453745714, -13.538579705731145, -20.918881148277226, -22.587142589358315, -19.279997833942843, -14.708266342692225, -12.195232710995185, -11.804343457597955, -10.639941679132878, -5.752807364717663, 3.3077972088304315, 14.342653092491334, 24.21121438524588, 30.511167813654453, 32.22941548070054, 29.65312882193329, 24.130431351546246, 17.710611337221874, 12.345472284114315, 9.057438798207766, 7.814669434286245, 8.041834830197763, 9.128263780227671, 10.622712887924642, 12.215960211219164, 13.649760525331267, 14.650478358465076, 14.967690193881293, 14.490682934796526, 13.315936265771503, 11.693510886293419, 9.9045066147104, 8.157890204265518, 6.54683993321263, 5.058238642788991, 3.6149468900336985, 2.133063862873048, 0.5811520924942172, -0.9701457347459298, -2.326666497533994, -3.208017422542902, -3.3647031912755216, -2.740789755393526, -1.5769175544761762, -0.33056713371299623, 0.6223487323171992, 1.3147548143010104, 2.1447063313009394, 3.296703577809902, 4.123065301233354, 3.2816192094851826, -0.1832143867011975, -5.782505082374082, -11.569920869278947, -14.745223536136638, -12.693353161021388, -4.62887480594171, 7.679740216023545, 20.71729421468437, 30.508481545210778, 34.1572757902531, 31.22498897478962, 24.05284548137799, 16.541909119936864, 11.430293575012938, 8.251870213173579, 4.67640129701762, -0.05511345289455749, -4.314539022435563, -6.562124183990969
-6.589008781322903, -5.3545470517561995, -2.132178323187871, 3.6786315400838814, 11.517582333678575, 18.973111303081595, 23.393940647550863, 23.563522260994592, 20.00478731263606, 14.188407183665673, 7.100804496326496, -1.3593646467452218, -10.684625172316814, -17.921788253598848, -19.41931072940981, -14.489365410181179, -6.360588934822834, 0.30277013098135364, 2.4591671016934122, 0.3109154472136451, -2.8984635987923815, -3.180187654530892, 1.3329316805886058, 9.401118466154536, 17.938979625773957, 23.855420188436202, 25.255562371042842, 22.086279550846076, 15.959738493354012, 8.60799760542938, 0.44357532559178936, -8.288080464885887, -15.464924232391878, -18.3700107088474, -16.7878443247401, -13.398972544520298, -11.105952231761659, -10.361750355539902, -9.041781164468292, -4.640531220515222, 3.4437118078510487, 13.440630671879982, 22.531466128771513, 28.417251509973596, 29.983020296925446, 27.314918888648513, 21.687973533327124, 15.26453245620338, 10.08397154364479, 7.061169161869942, 5.931957813692827, 5.964729247605625, 6.5942789538275735, 7.576811171746543, 8.841534208154041, 10.295178230522147, 11.71640073115875, 12.793843469417633, 13.266359641601408, 13.043069864172212, 12.21428643647124, 10.972018338269168, 9.513098270198896, 7.9740166928141525, 6.407422019833389, 4.792627936043831, 3.0707485770056495, 1.1988096331735618, -0.7809433781884493, -2.6741931015167237, -4.123134057875242, -4.72002948351216, -4.242548340966366, -2.8606054394484084, -1.0976540869435418, 0.5148111538939647, 1.8093946020501857, 2.9043823053475197, 3.61847946262679, 3.0874193217961423, 0.32574740505417316, -4.577975083390556, -10.10018502746981, -14.365257122276399, -15.773816501766213, -12.665850894132491, -4.23242595748983, 8.016182528066208, 20.62844401863154, 29.806587178116196, 32.862501706096104, 29.38846078519058, 21.784803371496658, 14.13871556437571, 9.422649973704225, 7.3118359461611355, 5.154957606981666, 1.3543153173338807, -3.0015280905576383, -5.917418866128872
-6.058871827257298, -4.4395343537379635, -0.5184424902756215, 5.519853012452051, 12.838802439996908, 19.297045728048253, 22.59545062822774, 21.782556047789715, 17.71191071042723, 12.257573305986357, 6.585705658055825, 0.14212770911258224, -7.698215991915687, -15.03528794422512, -18.212105032367077, -15.477687682376061, -8.887593527653472, -2.6208252735387085, 0.1365659050535726, -0.7965715721267561, -2.705456458765598, -2.143049176380508, 2.5137299052197544, 10.136033076839965, 17.86714452040437, 22.820258975609235, 23.345872878521014, 19.737999003912723, 14.014160142062764, 8.21038161602299, 2.570098709740076, -3.6543212546655237, -9.682187575215659, -13.316435175669344, -13.615236559478491, -11.981807150295786, -10.47599675649681, -9.634359220548992, -8.079618494526802, -3.994114961899686, 3.12032759211973, 11.894650123604688, 19.959950798939918, 25.184927050176487, 26.354715987989067, 23.449396634197342, 17.81295558784385, 11.706919722396004, 7.086364154400701, 4.62326645713424, 3.823445332921186, 3.855028834664381, 4.19386274821185, 4.727320814573737, 5.543380063146301, 6.695727082849827, 8.07761363959541, 9.434991899129129, 10.482119911435328, 11.026392289763072, 11.02034144908288, 10.532698863124905, 9.683823692561848, 8.587002265032817, 7.311424836818242, 5.867746869401904, 4.215034767892345, 2.292753722078978, 0.08738793355135303, -2.26826895046957, -4.415013509526986, -5.815768120875533, -6.002127250685494, -4.89856359539375, -2.9378834381316703, -0.8089146276714102, 0.9168698013142403, 1.813065773944784, 1.2575339993760073, -1.6096788331190273, -7.07609044913325, -13.771753004938923, -18.998416099827192, -20.830076184894274, -19.027831788228433, -13.56010485481298, -4.209371053243448, 7.857536872187624, 19.70628750085712, 27.921617434120698, 30.048937270420215, 25.894880325096004, 18.104710824412237, 10.765745413000143, 6.667523700107455, 5.4967057106080315, 4.644025500351316, 2.066296202816781, -1.832773208525602, -5.0881950258556525
-4.977207295505375, -3.352939993534919, 0.6316759944071141, 6.176996590735154, 12.172560919869555, 16.863058860530113, 18.57955526015882, 16.869588934176022, 12.84504623304117, 8.396552686156811, 4.602190070493372, 0.7234938023039436, -4.5143212918906235, -10.409473380516188, -14.169126289359571, -13.686323426553756, -9.718788115968703, -5.201642747533901, -2.7407308932018424, -2.682112636892088, -3.121090161578053, -1.614231806439911, 2.8983917931055516, 9.387673030705866, 15.479323018343015, 18.834907077282512, 18.32500005107856, 14.618437149423169, 9.791881727979154, 5.74943123542694, 2.603436939966744, -0.8518649427044556, -4.890140115961875, -8.2144120271209, -9.7156996840177, -9.719715331377364, -9.264174769649655, -8.670603486284689, -7.115817450700953, -3.4868074200220733, 2.451255873819597, 9.604282421796508, 16.05861649748778, 19.976454761253333, 20.29206133490457, 17.15919384915525, 12.032915354885127, 6.979435488640627, 3.50147460915816, 1.885135063360894, 1.5139389065291462, 1.6281279587647755, 1.8177465098176313, 2.0507801149974174, 2.468883326149414, 3.1896736852559915, 4.202147445338802, 5.360802531398479, 6.454493830859753, 7.2971632884102, 7.7843097035324424, 7.896740612539881, 7.671293647443785, 7.164534503126853, 6.422519312950637, 5.459691999362067, 4.248392855767209, 2.72568337100127, 0.8339663825968895, -1.3891164062038333, -3.696921298108746, -5.598453700898347, -6.522488528480371, -6.152940739335541, -4.6853284766678085, -2.764416281612662, -1.1993165978836748, -0.8049228790586673, -2.4405816284491495, -6.822029629427818, -13.738868935616892, -21.172978126809653, -25.88617631842505, -25.85578087936158, -21.50185372742032, -14.001441357537008, -4.023872252984459, 7.250705867388239, 17.435224754086665, 23.73684249568159, 24.326231555414207, 19.63809183866931, 12.515253904817227, 6.461645214934726, 3.467558119372746, 3.078197690673588, 3.1560526665383413, 1.8379540894210131, -0.9928174653201363, -3.893363116240407
-3.4490306582296686, -2.266545250618255, 0.6549693225613681, 4.454192014147666, 8.110964708891448, 10.482206673719551, 10.73311876016157, 8.916915877382985, 6.019480680853599, 3.338727935407481, 1.515869420013234, -0.05110323400491896, -2.4785282384625575, -5.7988766332970005, -8.54452171570025, -9.179038410754423, -7.643675689527437, -5.363845403045261, -3.8545112593445254, -3.4124665159464658, -3.03468364639722, -1.4240260528428423, 1.8779515776744067, 6.070762281696419, 9.578251890719788, 10.999081803234478, 9.904850180363157, 7.072853232650669, 4.002816658495422, 1.8876353968330661, 0.7008530891618403, -0.5405187268080075, -2.4065694842731933, -4.41034568881284, -5.820348337429604, -6.486522768612568, -6.688345109581364, -6.472387699949705, -5.38243406174446, -2.865506702971949, 1.0901677244858157, 5.677444165580181, 9.570404159904243, 11.542394801319924, 11.026267535693004, 8.41151699459154, 4.892898841903248, 1.8116241038865266, -0.06910123937293303, -0.7834442494633583, -0.828389322772417, -0.6867031815957462, -0.5804322591647079, -0.4989599584431544, -0.3352720421716188, 0.003065022667878622, 0.5390782803266059, 1.2181097919708597, 1.9353482248561864, 2.5802558327815106, 3.071706698401222, 3.369581687666991, 3.467447900625357, 3.3777624587861963, 3.1166889238409037, 2.690551757666657, 2.0846601505888733, 1.2582307583159553, 0.15710919446824048, -1.237995641901569, -2.827559100711862, -4.328127214857792, -5.326656871308515, -5.4933519188093625, -4.823596896322841, -3.7053168229383666, -2.778587417577369, -2.7635479473138056, -4.358206314428026, -8.044214752629777, -13.577724666057208, -19.380957474788644, -22.901160843108013, -22.403010987995536, -18.137781361517572, -11.353162348072436, -3.1477753383078726, 5.211548938838221, 11.929856211725372, 15.247373321984636, 14.428823580372717, 10.456503210939239, 5.598512610087602, 1.9661108424128275, 0.43123855746761297, 0.5104310701538604, 0.9222534563465474, 0.5320288813772992, -0.9123864496729818, -2.6919051568009884
-2.493390816620426, -2.07346495755701, -1.0771382455226473, 0.13377470698739255, 1.1652586583660587, 1.6707758529067787, 1.47587671108867, 0.7021333234701245, -0.279961607002741, -1.064036093644531, -1.4831127643873472, -1.768883018606542, -2.3312084028617903, -3.267931965511248, -4.182734839567675, -4.559698540780556, -4.272753223560458, -3.6797002995598156, -3.226570032650719, -3.0167541459574574, -2.7673381116141837, -2.1213268352230465, -1.0001234095541263, 0.28182864340187613, 1.2084685990497452, 1.392791419973301, 0.8089819776834339, -0.2051936423191136, -1.1557916615119341, -1.6997615795454863, -1.8887067609439183, -2.078192420742678, -2.511341053047247, -3.0953559409999416, -3.6066538125657113, -3.9412301458355103, -4.1116913692986685, -4.086703370550006, -3.7182321171717967, -2.8605508128751924, -1.5641444382721155, -0.14796339189263777, 0.9298887468036674, 1.301180207748168, 0.867204012437513, -0.14871848989918465, -1.3136269595725245, -2.224728320593308, -2.7084158764010593, -2.8354555367034497, -2.786217852122137, -2.707469539505501, -2.6559088725599467, -2.620125730855396, -2.564273124514687, -2.458023974822122, -2.2901511373039765, -2.0715517356138453, -1.8296616014558047, -1.5971636125568596, -1.401423122195145, -1.2594811406562674, -1.1784561866148968, -1.1586561504275463, -1.1974212962255715, -1.2930816865397485, -1.4489464049823066, -1.6765363303937764, -1.9946016633443373, -2.417132347691112, -2.926440363312014, -3.444279516265551, -3.8357986847446255, -3.9727106380280617, -3.825511567169572, -3.509229810221545, -3.2478004396059266, -3.3035507911553292, -3.922964248170401, -5.272863797222655, -7.281318950689772, -9.398586001803011, -10.655521638642611, -10.310341772518647, -8.397735146359468, -5.4893047731225, -2.224913055197196, 0.7576306583329927, 2.8181131350973545, 3.5096463040476085, 2.8266694337338136, 1.2957790116433552, -0.2909945230901348, -1.3422282990981713, -1.700811101241964, -1.5760272361556051, -1.3556481600454695, -1.373887047951669, -1.7367778950888388, -2.263500920920249
