-0.5, -0.5, -0.541, -0.5293, -0.5, -0.535, -0.5596, -0.5, -0.552, -0.5713, -0.5957, -0.583, -0.6343, -0.5947, -0.6074, -0.698, -0.7085, -0.7305, -0.6963, -0.7334, -0.748, -0.7163, -0.712, -0.6777, -0.676, -0.715, -0.698, -0.662, -0.6875, -0.676, -0.6465, -0.702, -0.7104, -0.714, -0.741, -0.7695, -0.7715, -0.789, -0.779, -0.738, -0.78, -0.716, -0.6963, -0.6978, -0.7466, -0.593, -0.3672, -0.0964, 0.1573, 0.3176, 0.466, 0.483, 0.3833, 0.3882, 0.3394, 0.25, 0.1589, 0.2125, 0.2478, 0.2161, 0.2183, 0.1908, 0.138, 0.104, 0.05563, 0.03096, 0.00502, 0.01735, -0.0427, -0.1094, -0.154, -0.2188, -0.205, -0.2412, -0.2573, -0.321, -0.2612, -0.2357, -0.2435, -0.252, -0.25, -0.2886, -0.2399, -0.1902, -0.149, -0.1826, -0.2065, -0.25, -0.2793, -0.31, -0.3525, -0.4019, -0.4526, -0.4487, -0.462, -0.4595, -0.4648, -0.4546, -0.5, -0.4858
-0.3052, -0.312, -0.3315, -0.308, -0.2847, -0.3086, -0.336, -0.2998, -0.2979, -0.3208, -0.3354, -0.3604, -0.3853, -0.355, -0.3672, -0.4268, -0.4336, -0.4282, -0.4, -0.4526, -0.4346, -0.4307, -0.3792, -0.372, -0.3777, -0.3916, -0.3481, -0.313, -0.3013, -0.2969, -0.3208, -0.3696, -0.3682, -0.373, -0.3945, -0.5, -0.541, -0.5, -0.5303, -0.5, -0.5, -0.5, -0.4768, -0.4468, -0.464, -0.3218, -0.2174, -0.0861, 0.10785, 0.2253, 0.2954, 0.2788, 0.2346, 0.2047, 0.1313, 0.1091, -0.0001459, 0.05414, 0.06235, 0.0462, 0.0768, 0.0652, 0.01132, 0.00512, 0.01183, 0.0006065, 0.0699, 0.092, 0.02837, -0.006275, -0.0214, -0.04276, -0.0352, -0.04974, -0.11456, -0.10065, -0.0864, -0.05795, -0.01355, -0.0663, -0.06415, -0.1072, -0.0921, -0.07623, -0.079, -0.10657, -0.0896, -0.125, -0.1321, -0.148, -0.2065, -0.25, -0.2954, -0.3076, -0.3164, -0.313, -0.2744, -0.2754, -0.312, -0.2822
-0.1726, -0.19, -0.1667, -0.154, -0.1555, -0.1533, -0.1968, -0.1975, -0.1873, -0.1777, -0.1663, -0.1814, -0.188, -0.1716, -0.165, -0.2407, -0.276, -0.2637, -0.25, -0.2832, -0.2725, -0.2156, -0.1664, -0.1643, -0.1831, -0.1765, -0.1855, -0.1511, -0.1313, -0.1863, -0.1694, -0.1715, -0.1704, -0.1987, -0.2285, -0.3071, -0.2993, -0.3213, -0.313, -0.3174, -0.3237, -0.3262, -0.301, -0.2578, -0.2379, -0.2002, -0.1332, -0.0919, 0.007656, 0.1556, 0.1382, 0.147, 0.1196, 0.0967, 0.0607, 0.02295, -0.03802, 0.001521, 0.031, 0.0268, 0.03088, 0.0253, -0.00326, -0.0222, 0.03372, 0.03268, 0.0891, 0.08276, 0.04486, 0.012825, 0.01991, 0.01054, 0.0142, -0.01123, -0.00782, -0.01761, 0.02255, 0.05853, 0.0808, 0.05432, 0.01944, -0.01956, -0.01128, -0.005253, -0.01537, -0.02432, -0.001812, -0.01987, -0.02785, -0.05634, -0.1056, -0.1484, -0.1594, -0.1909, -0.2034, -0.199, -0.1677, -0.167, -0.1509, -0.1765
-0.10504, -0.0863, -0.0657, -0.04688, -0.04935, -0.05173, -0.0879, -0.125, -0.1166, -0.1094, -0.10315, -0.1274, -0.0924, -0.0657, -0.10065, -0.1562, -0.1692, -0.1648, -0.1509, -0.1875, -0.1731, -0.1228, -0.08716, -0.07446, -0.0775, -0.0814, -0.0716, -0.0804, -0.06946, -0.0946, -0.10034, -0.08856, -0.1239, -0.1256, -0.1553, -0.1987, -0.197, -0.1752, -0.1753, -0.1794, -0.1754, -0.2, -0.1637, -0.1599, -0.1401, -0.1293, -0.1192, -0.1361, -0.06506, 0.01678, 0.02933, 0.03363, 0.0341, 0.013466, 0.02612, -0.02632, -0.03226, -0.0219, 0.0228, 0.04068, 0.0474, 0.02757, 0.02547, 0.013954, 0.04987, 0.04956, 0.0729, 0.07916, 0.0538, 0.03766, 0.0299, 0.01548, 0.03065, -0.007603, 0.02603, 0.065, 0.077, 0.11176, 0.11005, 0.0864, 0.0643, 0.04437, 0.06183, 0.05066, 0.0625, 0.05515, 0.04877, 0.01599, 0.002174, -0.03937, -0.0625, -0.0792, -0.0901, -0.125, -0.1299, -0.125, -0.10876, -0.07275, -0.07117, -0.1034
-0.08997, -0.085, -0.0449, -0.02219, 0.001516, 0.0011835, -0.03876, -0.07965, -0.08984, -0.07764, -0.0737, -0.0539, -0.0257, -0.00472, -0.03732, -0.10144, -0.125, -0.1039, -0.0869, -0.125, -0.1304, -0.094, -0.04556, -0.004158, -0.0317, -0.03833, -0.04132, -0.04114, -0.00893, -0.05948, -0.07336, -0.09875, -0.1229, -0.0997, -0.1421, -0.1558, -0.1387, -0.1294, -0.135, -0.10596, -0.0907, -0.1209, -0.1218, -0.1421, -0.1301, -0.1054, -0.11804, -0.1415, -0.1198, -0.0864, -0.06635, -0.04434, -0.037, -0.0572, -0.0905, -0.1026, -0.05188, -0.02223, 0.001929, 0.008095, 0.0236, 0.02298, 0.03784, 0.02481, 0.03247, 0.0345, 0.0739, 0.0669, 0.04535, 0.012634, 0.0465, 0.03, 0.06635, 0.03348, 0.0331, 0.074, 0.08, 0.08673, 0.1195, 0.1287, 0.0658, 0.0677, 0.10535, 0.0932, 0.1004, 0.1101, 0.0851, 0.05005, 0.03104, 0.00831, 0.01825, -0.02151, -0.0816, -0.11176, -0.1068, -0.0956, -0.0762, -0.05493, -0.0378, -0.08704
-0.10236, -0.0956, -0.05334, -0.01761, 0.01913, 0.0344, -0.012985, -0.01816, -0.03046, -0.01314, -0.01247, -0.00488, 0.05106, 0.061, 0.011696, -0.0759, -0.0952, -0.08044, -0.07715, -0.1074, -0.1255, -0.0845, -0.03735, 0.01619, -0.000601, 0.002863, -0.02141, -0.00966, 0.01912, -0.0539, -0.12134, -0.0996, -0.1238, -0.1497, -0.1486, -0.135, -0.1125, -0.1069, -0.0962, -0.07275, -0.04922, -0.0225, -0.071, -0.1171, -0.117, -0.09924, -0.11505, -0.10236, -0.1262, -0.1328, -0.1003, -0.1007, -0.09485, -0.10547, -0.1448, -0.12085, -0.081, -0.03476, -0.03467, -0.00489, 0.003775, -0.01631, 0.013756, 0.01294, 0.0174, 0.0328, 0.0548, 0.0553, 0.034, 0.0101, 0.02573, 0.03119, 0.01904, 0.02043, 0.04074, 0.0386, 0.06097, 0.0833, 0.118, 0.09283, 0.04486, 0.03714, 0.04706, 0.0956, 0.098, 0.1168, 0.1123, 0.0856, 0.05182, 0.07245, 0.08704, 0.02214, -0.08154, -0.1242, -0.1252, -0.12134, -0.09875, -0.0537, -0.04373, -0.08673
-0.1313, -0.1282, -0.0947, -0.06616, -0.03915, -0.01415, -0.02914, -0.011215, -0.00342, 0.00917, 0.007046, 0.03903, 0.08203, 0.09485, 0.0531, -0.0631, -0.125, -0.08484, -0.0744, -0.1116, -0.1497, -0.089, -0.06226, -0.04074, -0.03622, -0.01605, 0.001303, -0.02336, 0.01099, -0.05206, -0.1289, -0.1394, -0.1365, -0.1279, -0.1445, -0.145, -0.10974, -0.09515, -0.0762, -0.04782, -0.04547, -0.04782, -0.06, -0.0677, -0.059, -0.069, -0.0835, -0.0937, -0.1367, -0.1475, -0.1604, -0.1665, -0.157, -0.1531, -0.1691, -0.1553, -0.1173, -0.0759, -0.06824, -0.0436, -0.03677, -0.01575, 0.00897, 0.014114, 0.004486, 0.01002, 0.006294, 0.04114, 0.0163, 0.005283, -0.02661, -0.02213, -0.0164, 0.01336, 0.04382, 0.02333, 0.02942, 0.05942, 0.05957, 0.0429, 0.04544, 0.0357, 0.02531, 0.0539, 0.1018, 0.125, 0.125, 0.09326, 0.02086, 0.05716, 0.07153, 0.01165, -0.10913, -0.1414, -0.1587, -0.1421, -0.12317, -0.10876, -0.0835, -0.09375
-0.10614, -0.1096, -0.1006, -0.1098, -0.11066, -0.0976, -0.0862, -0.0692, -0.03592, -0.01474, -0.00999, 0.02214, 0.0944, 0.0922, 0.03717, -0.0911, -0.1083, -0.1215, -0.1146, -0.09204, -0.11646, -0.10156, -0.07654, -0.1128, -0.10944, -0.0703, -0.02354, -0.012505, 0.0313, -0.0505, -0.1602, -0.1714, -0.1305, -0.09467, -0.1299, -0.11896, -0.085, -0.0803, -0.0996, -0.1046, -0.1139, -0.1012, -0.1038, -0.09, -0.08936, -0.08905, -0.0994, -0.1108, -0.1267, -0.10284, -0.1318, -0.2224, -0.1829, -0.1455, -0.1643, -0.2012, -0.1714, -0.1416, -0.1073, -0.0731, -0.0238, -0.03372, -0.01349, 0.005665, -0.000806, 0.01003, -0.01192, -0.02197, -0.03796, -0.03778, -0.02118, 0.01965, 0.0363, 0.06946, 0.04987, -0.005054, 0.007668, 0.0437, 0.03613, 0.04538, 0.0943, 0.09515, 0.0361, 0.05585, 0.09155, 0.125, 0.1409, 0.0919, 0.00851, 0.0228, 0.05997, 0.01668, -0.10876, -0.1584, -0.1672, -0.1804, -0.1494, -0.1357, -0.1133, -0.0951
-0.05624, -0.06506, -0.06012, -0.0884, -0.1134, -0.125, -0.1145, -0.09973, -0.0792, -0.05756, -0.04, 0.01997, 0.04355, 0.0804, 0.011375, -0.07605, -0.0857, -0.125, -0.1418, -0.10333, -0.0991, -0.10645, -0.10645, -0.147, -0.1575, -0.1105, -0.0915, -0.0348, -0.003536, -0.0304, -0.1207, -0.1843, -0.1528, -0.132, -0.1017, -0.07996, -0.0741, -0.0872, -0.07574, -0.09595, -0.1274, -0.1199, -0.1455, -0.1956, -0.1729, -0.1162, -0.1043, -0.09045, -0.0834, -0.04474, -0.09595, -0.1648, -0.1292, -0.0912, -0.1399, -0.2051, -0.19, -0.1711, -0.138, -0.1191, -0.0996, -0.08386, -0.0669, -0.05197, -0.01729, -0.02853, -0.05157, -0.0841, -0.09015, -0.09326, -0.02898, 0.04065, 0.06216, 0.0796, 0.03436, -0.04425, 0.000711, 0.0574, 0.0658, 0.07275, 0.1418, 0.1399, 0.0506, 0.002493, 0.012344, 0.08057, 0.1016, 0.06555, 0.04285, 0.0744, 0.087, 0.0399, -0.1, -0.1301, -0.1372, -0.1606, -0.1443, -0.11975, -0.1052, -0.05658
-0.0404, -0.0357, -0.02621, -0.02663, -0.0676, -0.11304, -0.0809, -0.0842, -0.0867, -0.0797, -0.0831, -0.02437, 0.0002892, 0.03032, 0.0236, -0.02594, -0.05185, -0.1057, -0.1567, -0.1069, -0.10614, -0.108, -0.1132, -0.1682, -0.1836, -0.1396, -0.0991, -0.09125, -0.03152, -0.03183, -0.1265, -0.1796, -0.1462, -0.08276, -0.0591, -0.06076, -0.07635, -0.0741, -0.05353, -0.10754, -0.1575, -0.1884, -0.2166, -0.2161, -0.1721, -0.10547, -0.08923, -0.07166, -0.05267, -0.0426, -0.09375, -0.1274, -0.1146, -0.06036, -0.1265, -0.2041, -0.2161, -0.1836, -0.1636, -0.1462, -0.1274, -0.11786, -0.0936, -0.067, -0.04626, -0.02637, -0.0496, -0.1348, -0.1536, -0.1274, -0.0866, -0.0293, 0.01796, 0.0286, -0.01648, -0.07324, -0.03207, 0.005795, 0.03787, 0.0786, 0.1458, 0.1453, 0.05704, -0.04523, -0.03513, 0.01452, 0.01484, 0.01503, 0.02025, 0.0974, 0.125, 0.05487, -0.06555, -0.09686, -0.1245, -0.10754, -0.0875, -0.06824, -0.059, -0.0545
-0.1123, -0.05063, -0.01247, 0.01187, -0.02557, -0.07947, -0.03864, -0.03763, -0.07904, -0.10364, -0.06824, -0.04404, -0.01991, 0.02675, 0.04333, 0.013016, -0.0345, -0.0773, -0.1089, -0.0604, -0.125, -0.1432, -0.117, -0.1628, -0.1812, -0.1467, -0.1292, -0.1173, -0.1185, -0.1044, -0.12195, -0.1584, -0.1365, -0.05212, 0.006695, -0.01059, -0.09375, -0.1063, -0.1206, -0.1602, -0.2224, -0.2041, -0.1799, -0.1572, -0.1033, -0.0625, -0.05258, -0.03207, -0.03546, -0.0553, -0.1052, -0.1301, -0.11597, -0.079, -0.0958, -0.1738, -0.1687, -0.1445, -0.146, -0.1653, -0.1699, -0.1447, -0.1333, -0.1112, -0.0727, -0.006214, -0.02795, -0.1247, -0.1897, -0.1946, -0.1436, -0.0712, -0.01581, 0.0006905, -0.03735, -0.08496, -0.06433, -0.0384, 0.01135, 0.05353, 0.1155, 0.125, 0.067, -0.04538, -0.05212, -0.06076, -0.06555, -0.03293, -0.00978, 0.0492, 0.10254, 0.0674, 0.003025, -0.06525, -0.1016, -0.08704, -0.0807, -0.05762, -0.0725, -0.08374
-0.09595, -0.083, -0.03116, 0.003141, 0.000387, -0.05695, -0.02827, 0.007725, -0.03964, -0.1082, -0.0683, -0.05017, -0.02022, 0.02216, 0.03958, 0.02184, -0.04355, -0.0742, -0.08136, -0.03488, -0.0818, -0.144, -0.125, -0.1438, -0.148, -0.136, -0.108, -0.1272, -0.1151, -0.1326, -0.09784, -0.1177, -0.0922, -0.03513, 0.03543, 0.0099, -0.05286, -0.1156, -0.1719, -0.2014, -0.2217, -0.1958, -0.1465, -0.10394, -0.03558, -0.01985, -0.0216, -0.01088, -0.01714, -0.06726, -0.146, -0.176, -0.154, -0.10376, -0.0908, -0.1311, -0.1125, -0.0896, -0.1017, -0.1636, -0.2065, -0.18, -0.1558, -0.1067, -0.05206, -0.00325, -0.01709, -0.07733, -0.1875, -0.1997, -0.1501, -0.125, -0.0858, -0.0493, -0.0828, -0.10394, -0.05148, -0.0184, -0.00456, 0.0236, 0.072, 0.0908, 0.0696, -0.005177, -0.04178, -0.1306, -0.1418, -0.08704, -0.0342, 0.00865, 0.05276, 0.0521, 0.03183, -0.0365, -0.0974, -0.1083, -0.10266, -0.0869, -0.08856, -0.0984
-0.09155, -0.081, -0.02559, -0.03333, -0.04297, -0.05414, -0.01747, 0.02054, -0.04282, -0.0853, -0.0637, -0.03662, -0.00884, 0.00809, 0.001668, -0.010025, -0.0896, -0.1063, -0.0679, -0.03043, -0.0526, -0.08997, -0.08453, -0.08997, -0.1426, -0.1697, -0.1345, -0.1328, -0.1338, -0.1333, -0.10394, -0.12036, -0.069, -0.01965, 0.0373, 0.01032, -0.06506, -0.1565, -0.2249, -0.2146, -0.2104, -0.1896, -0.1326, -0.0874, -0.0762, -0.0439, -0.0408, -0.0169, -0.00631, -0.04776, -0.1348, -0.1663, -0.166, -0.1335, -0.1011, -0.1074, -0.1013, -0.0775, -0.0735, -0.1602, -0.22, -0.1936, -0.1675, -0.1279, -0.05692, 0.00538, 0.03087, -0.02983, -0.1506, -0.1692, -0.1443, -0.1345, -0.1287, -0.08984, -0.10065, -0.08875, -0.03162, -0.002287, -0.03244, -0.01833, 0.04413, 0.0647, 0.0736, 0.03546, 0.003357, -0.1414, -0.1838, -0.1401, -0.07275, -0.04767, -0.02864, -0.01578, 0.00475, -0.0663, -0.1252, -0.125, -0.125, -0.125, -0.10596, -0.1056
-0.105, -0.08325, -0.04465, -0.05054, -0.0774, -0.0632, -0.02316, 0.014885, -0.0563, -0.0989, -0.0878, -0.02724, 0.002842, -0.02637, -0.0801, -0.05264, -0.1043, -0.1675, -0.1162, -0.09106, -0.0625, -0.07446, -0.09216, -0.0952, -0.1499, -0.187, -0.1519, -0.1467, -0.1279, -0.1306, -0.1499, -0.125, -0.10266, -0.05957, -0.01584, -0.02748, -0.09265, -0.1926, -0.25, -0.2134, -0.2046, -0.1917, -0.1462, -0.1324, -0.1321, -0.11646, -0.1057, -0.0698, -0.0448, -0.05472, -0.0939, -0.138, -0.1736, -0.1511, -0.1257, -0.125, -0.1, -0.0858, -0.0829, -0.1326, -0.1831, -0.1882, -0.1733, -0.1431, -0.07935, -0.01797, 0.00872, -0.02979, -0.1196, -0.1321, -0.09534, -0.1294, -0.1597, -0.1465, -0.127, -0.0764, -0.03815, 0.00537, -0.0407, -0.0753, -0.00821, 0.03256, 0.03084, 0.03723, -0.0001552, -0.1044, -0.1621, -0.1702, -0.1282, -0.0714, -0.0699, -0.07367, -0.0482, -0.1199, -0.1492, -0.1399, -0.1304, -0.12463, -0.125, -0.1272
-0.127, -0.10754, -0.06165, -0.06003, -0.125, -0.1361, -0.06107, -0.03232, -0.09644, -0.1465, -0.1084, -0.0625, -0.02133, -0.08484, -0.1389, -0.1023, -0.1321, -0.1873, -0.1709, -0.1593, -0.09595, -0.1134, -0.1295, -0.1382, -0.1755, -0.1799, -0.1638, -0.1548, -0.134, -0.1621, -0.1897, -0.169, -0.1426, -0.1211, -0.0842, -0.0929, -0.1318, -0.1975, -0.219, -0.1658, -0.1875, -0.229, -0.2051, -0.1953, -0.199, -0.2107, -0.1724, -0.1572, -0.125, -0.08496, -0.074, -0.1277, -0.1927, -0.1865, -0.1829, -0.1709, -0.1343, -0.1123, -0.0908, -0.0956, -0.1597, -0.1973, -0.1951, -0.1584, -0.1039, -0.05576, -0.01772, -0.02855, -0.0884, -0.12244, -0.0775, -0.1156, -0.1707, -0.1519, -0.134, -0.1017, -0.06433, -0.01953, -0.0792, -0.11725, -0.0545, -0.05664, -0.03854, -0.02718, -0.05072, -0.09143, -0.1321, -0.1692, -0.138, -0.09045, -0.08594, -0.0741, -0.04486, -0.11536, -0.1584, -0.1411, -0.138, -0.11707, -0.1284, -0.1562
-0.175, -0.1587, -0.126, -0.09924, -0.144, -0.1548, -0.115, -0.0925, -0.12396, -0.156, -0.146, -0.09296, -0.05515, -0.0995, -0.1653, -0.1604, -0.1467, -0.1663, -0.1833, -0.1709, -0.1367, -0.11615, -0.1565, -0.1648, -0.1765, -0.1462, -0.1721, -0.1953, -0.1589, -0.1865, -0.2068, -0.1755, -0.1729, -0.1396, -0.1007, -0.134, -0.1846, -0.1892, -0.1926, -0.1472, -0.2017, -0.2454, -0.2144, -0.2107, -0.2202, -0.2017, -0.1941, -0.1768, -0.1519, -0.1467, -0.1489, -0.176, -0.206, -0.2004, -0.1995, -0.1777, -0.148, -0.1284, -0.09985, -0.09717, -0.1711, -0.221, -0.2109, -0.2036, -0.1653, -0.1111, -0.0796, -0.0688, -0.10596, -0.1587, -0.125, -0.146, -0.1824, -0.1589, -0.11835, -0.1054, -0.09894, -0.08435, -0.1409, -0.1558, -0.11584, -0.1161, -0.11194, -0.0995, -0.0786, -0.09045, -0.1221, -0.1255, -0.1292, -0.1116, -0.0847, -0.08997, -0.07776, -0.1357, -0.179, -0.1704, -0.1506, -0.104, -0.1414, -0.198
-0.2024, -0.2012, -0.1724, -0.1455, -0.1504, -0.1824, -0.147, -0.1423, -0.137, -0.1553, -0.1672, -0.1652, -0.1399, -0.1711, -0.1934, -0.199, -0.1997, -0.1829, -0.1982, -0.1985, -0.1667, -0.1255, -0.1516, -0.2046, -0.197, -0.1646, -0.1992, -0.218, -0.1848, -0.187, -0.199, -0.1748, -0.1897, -0.1802, -0.1406, -0.179, -0.2134, -0.2053, -0.198, -0.1746, -0.2114, -0.232, -0.2043, -0.1936, -0.1941, -0.1614, -0.1511, -0.1492, -0.1351, -0.168, -0.2102, -0.2134, -0.2246, -0.2129, -0.2063, -0.1826, -0.1531, -0.1414, -0.1472, -0.1396, -0.179, -0.2156, -0.2073, -0.206, -0.1936, -0.1699, -0.137, -0.11676, -0.1389, -0.1875, -0.1636, -0.1741, -0.1909, -0.1489, -0.108, -0.0989, -0.10266, -0.1289, -0.1787, -0.1812, -0.1604, -0.1516, -0.1567, -0.1572, -0.1111, -0.1143, -0.11316, -0.1052, -0.1338, -0.1145, -0.0884, -0.12146, -0.1375, -0.1628, -0.1812, -0.1797, -0.1616, -0.1311, -0.1731, -0.218
-0.21, -0.2073, -0.1965, -0.1509, -0.1589, -0.1738, -0.1545, -0.1494, -0.1504, -0.1484, -0.1765, -0.218, -0.2102, -0.2166, -0.2251, -0.2263, -0.2285, -0.2114, -0.2056, -0.1926, -0.1677, -0.1294, -0.1741, -0.2268, -0.2219, -0.2065, -0.2024, -0.1958, -0.1768, -0.1748, -0.1799, -0.1755, -0.1982, -0.2083, -0.176, -0.1951, -0.2119, -0.2097, -0.21, -0.2021, -0.2031, -0.2073, -0.1997, -0.179, -0.1702, -0.126, -0.1029, -0.1206, -0.1396, -0.1914, -0.2366, -0.2307, -0.2327, -0.2261, -0.2134, -0.1917, -0.1765, -0.1677, -0.1672, -0.148, -0.1672, -0.1953, -0.1816, -0.188, -0.1847, -0.1602, -0.1738, -0.1658, -0.1685, -0.1826, -0.1592, -0.1675, -0.1909, -0.1567, -0.1102, -0.10046, -0.08264, -0.1237, -0.1763, -0.1875, -0.1575, -0.165, -0.169, -0.1606, -0.145, -0.1348, -0.1139, -0.11, -0.135, -0.1514, -0.1515, -0.1636, -0.1819, -0.1858, -0.1917, -0.1921, -0.1848, -0.1665, -0.1937, -0.2175
-0.199, -0.2017, -0.1836, -0.1604, -0.135, -0.1357, -0.1267, -0.1462, -0.1499, -0.1467, -0.1985, -0.2412, -0.2263, -0.2183, -0.2241, -0.2205, -0.2146, -0.196, -0.19, -0.1887, -0.1787, -0.1682, -0.1982, -0.229, -0.2256, -0.228, -0.2219, -0.2026, -0.178, -0.1775, -0.1802, -0.1777, -0.1929, -0.2009, -0.1768, -0.1758, -0.1904, -0.1953, -0.209, -0.2051, -0.1973, -0.1921, -0.1768, -0.1597, -0.1453, -0.1284, -0.1102, -0.1592, -0.2058, -0.218, -0.2319, -0.2156, -0.2036, -0.2085, -0.2104, -0.1934, -0.1909, -0.1907, -0.1753, -0.1404, -0.1594, -0.2092, -0.1846, -0.1931, -0.154, -0.1624, -0.2063, -0.2146, -0.1807, -0.1584, -0.1394, -0.1492, -0.1738, -0.1404, -0.1089, -0.09125, -0.07324, -0.1117, -0.1656, -0.1467, -0.1179, -0.1357, -0.1335, -0.1394, -0.1404, -0.144, -0.125, -0.125, -0.1499, -0.1699, -0.1802, -0.1924, -0.1946, -0.1931, -0.1917, -0.1907, -0.1865, -0.1765, -0.1909, -0.209
-0.1812, -0.1804, -0.1702, -0.1362, -0.1107, -0.1045, -0.11206, -0.1416, -0.1692, -0.179, -0.2173, -0.23, -0.2097, -0.2007, -0.2024, -0.2021, -0.197, -0.1685, -0.1421, -0.1667, -0.2053, -0.2097, -0.2065, -0.2053, -0.2021, -0.2092, -0.2275, -0.2397, -0.2126, -0.1929, -0.1814, -0.178, -0.19, -0.1941, -0.177, -0.1687, -0.1685, -0.1707, -0.1897, -0.1968, -0.1914, -0.1909, -0.1956, -0.1821, -0.1702, -0.1543, -0.1445, -0.199, -0.2524, -0.2339, -0.2205, -0.1946, -0.1641, -0.1824, -0.2192, -0.2122, -0.207, -0.1841, -0.1848, -0.1396, -0.1455, -0.1924, -0.1968, -0.1699, -0.1309, -0.155, -0.2249, -0.2202, -0.1836, -0.1453, -0.11884, -0.1355, -0.1406, -0.1279, -0.1211, -0.1221, -0.11993, -0.1389, -0.1262, -0.0974, -0.0856, -0.10095, -0.10443, -0.11395, -0.1333, -0.1484, -0.1316, -0.125, -0.1387, -0.1738, -0.1838, -0.1797, -0.1829, -0.1846, -0.1865, -0.1875, -0.1819, -0.1714, -0.1794, -0.1919
-0.1438, -0.1475, -0.1558, -0.1611, -0.1412, -0.12006, -0.125, -0.1367, -0.1831, -0.2051, -0.2114, -0.2078, -0.185, -0.1667, -0.1685, -0.1887, -0.1909, -0.1626, -0.1382, -0.1594, -0.2109, -0.2437, -0.2317, -0.217, -0.2009, -0.2041, -0.2394, -0.2666, -0.2534, -0.2395, -0.2207, -0.2019, -0.2029, -0.21, -0.2017, -0.1831, -0.1655, -0.1655, -0.1821, -0.199, -0.1995, -0.1997, -0.2144, -0.22, -0.2041, -0.1934, -0.1846, -0.2288, -0.2642, -0.241, -0.2285, -0.2036, -0.1702, -0.1606, -0.2095, -0.2056, -0.2253, -0.2236, -0.2217, -0.1562, -0.1301, -0.1953, -0.2192, -0.1875, -0.1392, -0.1715, -0.1965, -0.1626, -0.1375, -0.12494, -0.1146, -0.11365, -0.1237, -0.0968, -0.1044, -0.125, -0.12, -0.1262, -0.0973, -0.05536, -0.0621, -0.07697, -0.1116, -0.126, -0.1328, -0.1533, -0.1433, -0.1382, -0.1311, -0.1621, -0.1826, -0.1692, -0.1743, -0.1853, -0.179, -0.1843, -0.186, -0.1816, -0.1653, -0.1624
-0.1785, -0.1746, -0.2019, -0.238, -0.2183, -0.1912, -0.1685, -0.1816, -0.2073, -0.2166, -0.2219, -0.2078, -0.1829, -0.1599, -0.1538, -0.19, -0.2087, -0.197, -0.1785, -0.1863, -0.2319, -0.253, -0.252, -0.2415, -0.2288, -0.2197, -0.2395, -0.2622, -0.2715, -0.2744, -0.267, -0.2573, -0.2471, -0.2393, -0.2354, -0.2229, -0.1975, -0.1848, -0.1897, -0.2122, -0.2261, -0.2236, -0.2319, -0.2405, -0.2424, -0.2441, -0.238, -0.2568, -0.252, -0.2356, -0.217, -0.2087, -0.1887, -0.1709, -0.2007, -0.2034, -0.221, -0.2168, -0.2234, -0.1926, -0.134, -0.1433, -0.1978, -0.1902, -0.1741, -0.144, -0.125, -0.0762, -0.08704, -0.059, -0.063, -0.08636, -0.0868, -0.0885, -0.09186, -0.1005, -0.1228, -0.1456, -0.1093, -0.10944, -0.08386, -0.0988, -0.1282, -0.144, -0.155, -0.1685, -0.1655, -0.1506, -0.1338, -0.1646, -0.2002, -0.2095, -0.2043, -0.2041, -0.1931, -0.1946, -0.1997, -0.208, -0.2068, -0.1938
-0.25, -0.2366, -0.2563, -0.2783, -0.2583, -0.2432, -0.2305, -0.2332, -0.2463, -0.2456, -0.2302, -0.2458, -0.2297, -0.2148, -0.2026, -0.2239, -0.2427, -0.2404, -0.2339, -0.2349, -0.2417, -0.2449, -0.2395, -0.2349, -0.231, -0.2261, -0.2234, -0.241, -0.2578, -0.268, -0.2725, -0.269, -0.2651, -0.254, -0.25, -0.2463, -0.2458, -0.2297, -0.217, -0.2388, -0.252, -0.2456, -0.2483, -0.2559, -0.2676, -0.2754, -0.275, -0.2651, -0.252, -0.2358, -0.2114, -0.2097, -0.1968, -0.1843, -0.209, -0.1909, -0.1726, -0.158, -0.1406, -0.12006, -0.08875, -0.09546, -0.1353, -0.1292, -0.10425, -0.075, -0.0431, -0.0209, -0.002386, -0.003624, -0.03047, -0.0527, -0.04907, -0.0737, -0.0811, -0.0958, -0.1068, -0.1163, -0.1125, -0.1252, -0.11035, -0.1301, -0.1421, -0.1423, -0.1543, -0.1763, -0.185, -0.1831, -0.1602, -0.1973, -0.238, -0.248, -0.2434, -0.2329, -0.2256, -0.2332, -0.2341, -0.2449, -0.2554, -0.2583
-0.2578, -0.2583, -0.266, -0.2632, -0.254, -0.2559, -0.2554, -0.25, -0.2515, -0.254, -0.2603, -0.27, -0.267, -0.2554, -0.252, -0.2559, -0.251, -0.2534, -0.2568, -0.2554, -0.2485, -0.2385, -0.2339, -0.2285, -0.2266, -0.2285, -0.2322, -0.2456, -0.2578, -0.2593, -0.2622, -0.2612, -0.2554, -0.25, -0.2524, -0.253, -0.2568, -0.255, -0.2463, -0.248, -0.25, -0.2488, -0.25, -0.2524, -0.2622, -0.266, -0.2651, -0.2563, -0.2429, -0.2317, -0.2151, -0.1914, -0.179, -0.1594, -0.1619, -0.1399, -0.122, -0.0969, -0.06058, -0.0515, -0.00852, -0.01724, -0.03223, -0.05707, -0.03378, -0.010895, 0.03192, 0.03888, 0.037, 0.007233, -0.006744, -0.02237, -0.034, -0.057, -0.0846, -0.0993, -0.1196, -0.125, -0.1284, -0.1184, -0.1343, -0.1453, -0.1409, -0.146, -0.167, -0.1755, -0.1887, -0.1838, -0.1904, -0.2214, -0.2524, -0.2563, -0.2544, -0.2485, -0.2544, -0.2642, -0.267, -0.2695, -0.27, -0.2656
-0.2554, -0.2544, -0.2573, -0.2554, -0.2468, -0.25, -0.25, -0.251, -0.254, -0.25, -0.2524, -0.2573, -0.2515, -0.2485, -0.2478, -0.2451, -0.2393, -0.2405, -0.2524, -0.2515, -0.2471, -0.2393, -0.2385, -0.2319, -0.2324, -0.2437, -0.2559, -0.266, -0.2637, -0.2593, -0.2622, -0.263, -0.2607, -0.2544, -0.25, -0.2466, -0.2483, -0.253, -0.2559, -0.2573, -0.253, -0.254, -0.25, -0.2478, -0.2544, -0.2515, -0.2485, -0.2363, -0.218, -0.2112, -0.1833, -0.1538, -0.1284, -0.10016, -0.1018, -0.08435, -0.0621, -0.03528, 0.0004003, 0.03387, 0.05795, 0.04123, 0.04022, 0.02109, 0.0324, 0.04324, 0.0841, 0.074, 0.05557, 0.0386, 0.014656, -0.0216, -0.03174, -0.04807, -0.06366, -0.08813, -0.12244, -0.126, -0.1318, -0.1274, -0.144, -0.1553, -0.1401, -0.1506, -0.1616, -0.1941, -0.2102, -0.2144, -0.206, -0.2573, -0.2607, -0.2554, -0.254, -0.25, -0.255, -0.2607, -0.2583, -0.2637, -0.2695, -0.2656
-0.2637, -0.2632, -0.2593, -0.253, -0.2407, -0.2378, -0.2446, -0.252, -0.2563, -0.255, -0.2441, -0.2363, -0.2349, -0.2327, -0.2312, -0.2249, -0.2192, -0.227, -0.2385, -0.2432, -0.248, -0.2451, -0.25, -0.2439, -0.2332, -0.2444, -0.25, -0.25, -0.248, -0.2488, -0.2485, -0.25, -0.2573, -0.2617, -0.2588, -0.2476, -0.2439, -0.251, -0.2578, -0.2593, -0.2578, -0.2568, -0.251, -0.2515, -0.254, -0.2493, -0.2341, -0.2144, -0.1936, -0.1772, -0.1357, -0.1029, -0.0879, -0.06506, -0.05704, -0.03146, -0.013885, 0.0282, 0.05408, 0.08746, 0.1113, 0.0992, 0.1028, 0.09076, 0.1138, 0.1222, 0.1172, 0.0962, 0.04913, 0.02086, -0.001265, -0.02652, -0.04016, -0.0525, -0.0847, -0.0991, -0.1328, -0.1304, -0.1619, -0.1621, -0.1685, -0.1519, -0.1484, -0.1616, -0.1565, -0.191, -0.2275, -0.2288, -0.2107, -0.2236, -0.2478, -0.2349, -0.2349, -0.2378, -0.2451, -0.25, -0.251, -0.2573, -0.2686, -0.266
-0.25, -0.2583, -0.2476, -0.2273, -0.2278, -0.2256, -0.2327, -0.2236, -0.2197, -0.2268, -0.2236, -0.2227, -0.2322, -0.2307, -0.2163, -0.2019, -0.1941, -0.2017, -0.2144, -0.228, -0.2412, -0.2476, -0.2578, -0.2383, -0.2234, -0.2346, -0.2239, -0.2175, -0.2163, -0.2173, -0.2173, -0.2083, -0.2183, -0.2361, -0.2395, -0.2395, -0.237, -0.25, -0.2583, -0.2578, -0.2578, -0.2612, -0.2568, -0.25, -0.248, -0.2415, -0.2129, -0.1885, -0.1711, -0.1431, -0.125, -0.08765, -0.0679, -0.02963, 0.0004208, 0.00818, 0.005287, 0.04507, 0.08093, 0.1194, 0.1333, 0.125, 0.11316, 0.1401, 0.1626, 0.1462, 0.11786, 0.0637, 0.01434, -0.02956, -0.01358, -0.04785, -0.06744, -0.07385, -0.0863, -0.103, -0.1355, -0.1555, -0.1626, -0.1675, -0.1787, -0.1738, -0.1875, -0.1888, -0.2012, -0.2119, -0.2026, -0.2134, -0.2192, -0.2332, -0.231, -0.2207, -0.2217, -0.2241, -0.2224, -0.2239, -0.2424, -0.2524, -0.2524, -0.2446
-0.2332, -0.242, -0.2195, -0.1953, -0.2014, -0.2107, -0.2161, -0.2004, -0.1797, -0.1848, -0.1802, -0.1929, -0.2117, -0.199, -0.1759, -0.1602, -0.1553, -0.1648, -0.1733, -0.1948, -0.2117, -0.2395, -0.2598, -0.238, -0.2126, -0.2144, -0.1973, -0.189, -0.1904, -0.187, -0.1814, -0.1772, -0.1821, -0.2009, -0.2119, -0.2056, -0.2131, -0.2241, -0.252, -0.254, -0.24, -0.2373, -0.2439, -0.2451, -0.2439, -0.2261, -0.1785, -0.1589, -0.1594, -0.1384, -0.1177, -0.1112, -0.09973, -0.0764, -0.02971, -0.005062, -0.00915, 0.02089, 0.06052, 0.1009, 0.10864, 0.1133, 0.1155, 0.12036, 0.1597, 0.1608, 0.10535, 0.0243, -0.02496, -0.05286, -0.06137, -0.0735, -0.08923, -0.127, -0.10516, -0.1223, -0.1465, -0.1587, -0.1716, -0.1965, -0.1833, -0.1724, -0.1846, -0.2151, -0.2173, -0.1841, -0.1633, -0.1704, -0.1755, -0.1858, -0.1892, -0.188, -0.2014, -0.1904, -0.1782, -0.1887, -0.2041, -0.227, -0.2292, -0.2273
-0.2019, -0.2175, -0.2, -0.1877, -0.19, -0.1868, -0.1763, -0.1626, -0.1262, -0.1335, -0.1516, -0.167, -0.1797, -0.167, -0.1548, -0.1558, -0.1509, -0.1572, -0.1638, -0.1653, -0.1697, -0.1919, -0.2256, -0.2139, -0.1848, -0.1719, -0.1599, -0.1458, -0.1606, -0.1675, -0.1633, -0.1658, -0.1743, -0.1908, -0.1963, -0.1672, -0.144, -0.1648, -0.2041, -0.2231, -0.2141, -0.1965, -0.2036, -0.2278, -0.241, -0.2073, -0.1606, -0.1538, -0.158, -0.1455, -0.1304, -0.1323, -0.1277, -0.10974, -0.06415, -0.03864, -0.0395, -0.01709, 0.01529, 0.0584, 0.0813, 0.0824, 0.07196, 0.06335, 0.0979, 0.1467, 0.1316, 0.05496, -0.04977, -0.0707, -0.08545, -0.0934, -0.1168, -0.11206, -0.10095, -0.1406, -0.1665, -0.1641, -0.1895, -0.2051, -0.1829, -0.1802, -0.2219, -0.2119, -0.1973, -0.1602, -0.137, -0.135, -0.1504, -0.1506, -0.1582, -0.1665, -0.167, -0.1562, -0.1584, -0.1726, -0.1838, -0.1985, -0.2073, -0.1904
-0.1458, -0.1682, -0.1843, -0.1943, -0.2051, -0.1729, -0.1433, -0.134, -0.1112, -0.125, -0.1428, -0.1545, -0.1589, -0.1572, -0.1672, -0.1782, -0.1699, -0.1499, -0.1577, -0.1602, -0.1489, -0.1599, -0.1807, -0.1936, -0.1567, -0.1323, -0.1257, -0.1078, -0.1335, -0.1501, -0.1577, -0.1594, -0.1638, -0.1875, -0.1836, -0.1492, -0.1007, -0.0912, -0.133, -0.1743, -0.186, -0.1665, -0.1609, -0.1814, -0.2031, -0.1865, -0.1536, -0.1477, -0.1553, -0.1667, -0.1819, -0.175, -0.175, -0.1489, -0.0968, -0.07007, -0.0668, -0.04355, -0.002296, 0.01305, 0.04623, 0.03918, 0.01521, 0.01604, 0.03632, 0.12006, 0.1309, 0.04602, 0.000621, -0.05664, -0.09155, -0.07416, -0.0823, -0.0676, -0.05228, -0.08734, -0.1105, -0.1487, -0.1792, -0.2051, -0.2019, -0.218, -0.25, -0.218, -0.186, -0.1584, -0.1338, -0.1453, -0.1526, -0.1497, -0.1567, -0.1575, -0.147, -0.1414, -0.1509, -0.1565, -0.1631, -0.1765, -0.1812, -0.1577
-0.1343, -0.1421, -0.166, -0.1709, -0.1741, -0.158, -0.1462, -0.1472, -0.1389, -0.1504, -0.1599, -0.1636, -0.1487, -0.1448, -0.1663, -0.1765, -0.1719, -0.1433, -0.1411, -0.1528, -0.1477, -0.1465, -0.1604, -0.1846, -0.158, -0.1443, -0.1178, -0.08325, -0.11316, -0.11584, -0.135, -0.1409, -0.1353, -0.166, -0.177, -0.1636, -0.1, -0.0707, -0.1019, -0.1433, -0.167, -0.1477, -0.125, -0.145, -0.1565, -0.1523, -0.1462, -0.1475, -0.1548, -0.1746, -0.1946, -0.2119, -0.2266, -0.1921, -0.125, -0.12366, -0.0995, -0.03806, -0.0229, -0.01942, -0.001823, 0.00841, -0.006584, -0.0305, -0.00969, 0.05768, 0.078, 0.0328, -0.01251, -0.03357, -0.07117, -0.0868, -0.0676, -0.05106, -0.035, -0.05313, -0.0896, -0.125, -0.1492, -0.1675, -0.177, -0.2024, -0.1936, -0.1726, -0.1606, -0.157, -0.1553, -0.1572, -0.1633, -0.1594, -0.1602, -0.158, -0.1497, -0.1531, -0.1543, -0.1465, -0.1514, -0.1531, -0.1692, -0.1577
-0.137, -0.1421, -0.1641, -0.1465, -0.1287, -0.1477, -0.1587, -0.156, -0.1506, -0.1592, -0.1731, -0.176, -0.1658, -0.1592, -0.1641, -0.1519, -0.155, -0.1501, -0.1443, -0.1587, -0.1589, -0.1448, -0.1592, -0.1868, -0.1738, -0.1711, -0.125, -0.0803, -0.1079, -0.1272, -0.1426, -0.1445, -0.1401, -0.1458, -0.1685, -0.1633, -0.1151, -0.0762, -0.10754, -0.1345, -0.1423, -0.115, -0.0973, -0.119, -0.1428, -0.1453, -0.1409, -0.1521, -0.1658, -0.1833, -0.1924, -0.2031, -0.2249, -0.187, -0.1394, -0.1139, -0.0864, -0.03522, -0.01749, -0.03238, -0.02307, -0.02449, -0.0287, -0.0332, -0.02658, 0.002953, 0.000754, -0.02283, -0.05328, -0.06015, -0.1127, -0.1282, -0.10815, -0.0793, -0.03683, -0.05154, -0.08887, -0.1222, -0.1548, -0.1626, -0.1658, -0.1333, -0.1538, -0.144, -0.1521, -0.1707, -0.165, -0.1648, -0.1719, -0.1743, -0.1719, -0.1724, -0.1667, -0.1707, -0.1521, -0.135, -0.1292, -0.125, -0.1287, -0.135
-0.127, -0.1387, -0.1418, -0.121, -0.10815, -0.1289, -0.148, -0.1487, -0.1431, -0.1509, -0.1594, -0.1736, -0.1692, -0.1633, -0.1531, -0.1294, -0.1267, -0.1384, -0.1421, -0.1567, -0.1726, -0.1667, -0.1724, -0.1836, -0.176, -0.1816, -0.1404, -0.0824, -0.098, -0.1118, -0.1289, -0.1372, -0.1394, -0.1306, -0.1212, -0.1404, -0.12476, -0.0907, -0.0939, -0.1011, -0.1044, -0.1002, -0.0941, -0.11414, -0.148, -0.1562, -0.1509, -0.1553, -0.155, -0.1584, -0.1665, -0.1804, -0.187, -0.1616, -0.1183, -0.08765, -0.05173, -0.03952, -0.02602, -0.03308, -0.03528, -0.02823, -0.03412, -0.06604, -0.09875, -0.07806, -0.0868, -0.0965, -0.10034, -0.09216, -0.1309, -0.145, -0.1326, -0.1094, -0.0973, -0.10974, -0.1145, -0.1458, -0.1743, -0.1799, -0.1536, -0.136, -0.1372, -0.1353, -0.1396, -0.157, -0.1621, -0.1602, -0.1741, -0.1812, -0.1802, -0.1746, -0.1753, -0.1792, -0.1531, -0.1277, -0.1326, -0.10693, -0.0842, -0.1133
-0.1257, -0.125, -0.10425, -0.0984, -0.0929, -0.1123, -0.1262, -0.1294, -0.125, -0.1287, -0.1396, -0.1516, -0.1487, -0.1355, -0.1321, -0.1062, -0.09717, -0.1046, -0.1129, -0.1333, -0.1619, -0.1663, -0.1638, -0.1661, -0.1526, -0.1545, -0.1289, -0.08386, -0.08374, -0.09094, -0.0967, -0.10046, -0.1096, -0.1084, -0.09216, -0.0984, -0.10815, -0.0934, -0.0873, -0.083, -0.08276, -0.0935, -0.09863, -0.125, -0.1567, -0.1685, -0.1599, -0.1577, -0.1509, -0.1418, -0.1394, -0.1453, -0.145, -0.1287, -0.1067, -0.07837, -0.06995, -0.0834, -0.08203, -0.0692, -0.04645, -0.0428, -0.04144, -0.10065, -0.1462, -0.1531, -0.1501, -0.1384, -0.11755, -0.1378, -0.1533, -0.1628, -0.1487, -0.148, -0.145, -0.1682, -0.1636, -0.1533, -0.1467, -0.1643, -0.1387, -0.11707, -0.1287, -0.1321, -0.133, -0.1396, -0.1401, -0.1401, -0.1582, -0.1697, -0.1719, -0.1707, -0.1753, -0.1777, -0.1487, -0.137, -0.1614, -0.1234, -0.0735, -0.1045
-0.1272, -0.11426, -0.1044, -0.095, -0.0867, -0.1007, -0.11426, -0.11255, -0.1107, -0.11, -0.1221, -0.1282, -0.125, -0.1166, -0.10254, -0.0819, -0.07776, -0.0841, -0.0962, -0.1128, -0.1372, -0.1472, -0.1477, -0.1487, -0.1252, -0.1035, -0.1006, -0.0841, -0.07983, -0.0735, -0.07654, -0.0812, -0.0851, -0.08984, -0.08826, -0.0837, -0.0802, -0.0946, -0.1055, -0.09467, -0.09485, -0.0924, -0.1046, -0.1199, -0.1416, -0.1538, -0.1494, -0.1487, -0.1406, -0.1292, -0.1453, -0.12366, -0.099, -0.08057, -0.0665, -0.05222, -0.0676, -0.0786, -0.0791, -0.0791, -0.06335, -0.0411, -0.05206, -0.09375, -0.1458, -0.155, -0.1565, -0.1409, -0.1528, -0.1731, -0.179, -0.1653, -0.1555, -0.1497, -0.1658, -0.1719, -0.1794, -0.1455, -0.1211, -0.1393, -0.1272, -0.1133, -0.115, -0.1035, -0.12225, -0.125, -0.124, -0.1245, -0.1409, -0.1545, -0.1519, -0.1494, -0.147, -0.1416, -0.1262, -0.124, -0.1445, -0.1117, -0.079, -0.1134
-0.125, -0.1072, -0.0895, -0.08105, -0.08545, -0.09045, -0.0979, -0.1045, -0.10657, -0.1124, -0.1127, -0.1128, -0.1062, -0.0962, -0.09265, -0.07336, -0.07666, -0.07825, -0.0757, -0.0897, -0.11475, -0.1187, -0.1326, -0.1536, -0.1154, -0.06274, -0.0812, -0.0906, -0.0858, -0.08105, -0.0764, -0.083, -0.08496, -0.07983, -0.08215, -0.077, -0.08655, -0.1155, -0.1282, -0.125, -0.0973, -0.0781, -0.08496, -0.0853, -0.08997, -0.0957, -0.1024, -0.12024, -0.11475, -0.1045, -0.1051, -0.07983, -0.03714, -0.00992, -0.013306, -0.014984, -0.0187, -0.04272, -0.0625, -0.0803, -0.05392, -0.04688, -0.0545, -0.0676, -0.0923, -0.11694, -0.1396, -0.1406, -0.1477, -0.1503, -0.1494, -0.1494, -0.133, -0.136, -0.1511, -0.1619, -0.1729, -0.138, -0.10046, -0.10876, -0.1172, -0.095, -0.08545, -0.0902, -0.10767, -0.12036, -0.1173, -0.1157, -0.125, -0.1257, -0.125, -0.11487, -0.1216, -0.12317, -0.1073, -0.0908, -0.08826, -0.0834, -0.0946, -0.12256
-0.09644, -0.09155, -0.08997, -0.08887, -0.079, -0.07263, -0.08484, -0.10876, -0.103, -0.09656, -0.1012, -0.1057, -0.10614, -0.1045, -0.1035, -0.0936, -0.0974, -0.0703, -0.03125, -0.06168, -0.0696, -0.0753, -0.1063, -0.1393, -0.10876, -0.0553, -0.0862, -0.09863, -0.09955, -0.09424, -0.09607, -0.103, -0.09753, -0.08276, -0.0831, -0.0781, -0.09094, -0.1011, -0.1168, -0.1323, -0.0906, -0.04037, -0.03284, -0.03772, -0.03674, -0.03833, -0.0452, -0.068, -0.07886, -0.06494, -0.0652, -0.03677, 0.02391, 0.0545, 0.04, 0.00332, 0.007034, 0.00573, -0.02199, -0.05075, -0.05206, -0.04163, -0.03546, -0.0272, -0.02252, -0.04443, -0.07007, -0.0979, -0.11206, -0.0919, -0.0918, -0.105, -0.1106, -0.125, -0.1382, -0.1433, -0.1519, -0.1155, -0.0653, -0.0918, -0.10974, -0.0896, -0.079, -0.0808, -0.0956, -0.1162, -0.104, -0.0928, -0.10486, -0.1145, -0.10767, -0.0974, -0.09827, -0.1095, -0.1061, -0.0625, -0.036, -0.05084, -0.0779, -0.0927
-0.08435, -0.0951, -0.0935, -0.0928, -0.09546, -0.0856, -0.0735, -0.08716, -0.08984, -0.0825, -0.07056, -0.07166, -0.07947, -0.10095, -0.10785, -0.10767, -0.1232, -0.049, 0.01136, -0.02112, -0.0421, -0.05817, -0.0887, -0.10345, -0.07996, -0.074, -0.08875, -0.0967, -0.08875, -0.084, -0.07776, -0.0868, -0.1001, -0.08777, -0.08276, -0.08545, -0.07666, -0.0885, -0.1018, -0.1316, -0.0731, 0.02066, 0.04016, 0.004227, -0.005077, -0.009995, -0.01627, -0.03796, -0.04413, -0.04706, -0.04675, 0.005993, 0.0834, 0.1033, 0.0663, 0.03802, 0.01587, 0.02, 0.01085, -0.02202, -0.02243, -0.01234, -0.02066, -0.02934, 0.002043, 0.00831, -0.02281, -0.0462, -0.04843, -0.0507, -0.05835, -0.07214, -0.0875, -0.10693, -0.1188, -0.11566, -0.1384, -0.0905, -0.05005, -0.08826, -0.12, -0.0988, -0.0625, -0.08276, -0.1039, -0.1111, -0.078, -0.0625, -0.0924, -0.1044, -0.10266, -0.09644, -0.09436, -0.0958, -0.1089, -0.04602, 0.01461, -0.01502, -0.0468, -0.0709
-0.0813, -0.08435, -0.0928, -0.1006, -0.11975, -0.08154, -0.03638, -0.0625, -0.0813, -0.08044, -0.06555, -0.0532, -0.05005, -0.03412, -0.0636, -0.0863, -0.09607, -0.0344, -0.00514, -0.01555, -0.01564, -0.01845, -0.04205, -0.0508, -0.0812, -0.05774, -0.0675, -0.0869, -0.07446, -0.0664, -0.04333, -0.0653, -0.07495, -0.08887, -0.1094, -0.1024, -0.08606, -0.08484, -0.1035, -0.134, -0.07263, 0.04837, 0.09, 0.05255, 0.03577, 0.03079, 0.00933, 0.0279, -0.00424, 0.00477, -0.02191, 0.03125, 0.11804, 0.11414, 0.07935, 0.0595, 0.03998, 0.0428, 0.05075, 0.02565, 0.01192, 0.01622, -1.097e-5, -0.03833, 0.01294, 0.05237, 0.03198, 0.00644, 0.000635, -0.01179, -0.04095, -0.05783, -0.0752, -0.09436, -0.08685, -0.0625, -0.0897, -0.0775, -0.0548, -0.08673, -0.11523, -0.0625, -0.01813, -0.05194, -0.0659, -0.07605, -0.05392, -0.04565, -0.0698, -0.0907, -0.08813, -0.0907, -0.08325, -0.0874, -0.0973, -0.034, 0.0286, 0.000924, -0.03125, -0.06665
-0.03928, -0.06494, -0.07513, -0.1068, -0.1328, -0.0676, -0.00656, -0.02605, -0.05753, -0.0747, -0.0659, -0.03928, -0.014145, 0.0179, 0.00824, -0.01697, -0.013664, -0.01273, -0.00501, -0.002155, -0.01907, -0.03677, -0.036, -0.03065, -0.04434, -0.0494, -0.0526, -0.03445, -0.05215, -0.05197, -0.02827, -0.03958, -0.0874, -0.1098, -0.1272, -0.0847, -0.05896, -0.0636, -0.08606, -0.11206, -0.06665, 0.03577, 0.09265, 0.0525, 0.05927, 0.0974, 0.0786, 0.05814, 0.03787, -0.000511, -0.001555, 0.04346, 0.1114, 0.1127, 0.05884, 0.03973, 0.03198, 0.0681, 0.0626, 0.02528, 0.02034, 0.03125, 0.02339, -0.009094, 0.03023, 0.075, 0.0511, 0.01772, 0.01041, -0.009834, -0.04495, -0.0625, -0.0773, -0.07855, -0.04773, 0.001204, -0.02313, -0.03125, -0.02844, -0.04004, -0.0729, -0.01359, 0.02185, -0.014435, -0.02179, -0.02306, -0.03125, -0.0374, -0.05554, -0.0663, -0.05804, -0.0414, -0.04047, -0.0625, -0.07666, -0.02504, 0.02344, 0.0104, -0.02837, -0.05618
-0.02519, -0.05914, -0.05856, -0.08466, -0.09467, -0.07104, -0.004997, 0.03998, 0.01619, -0.014435, -0.05487, -0.03842, -0.02043, 0.013374, 0.04056, 0.02661, 0.009964, 0.02008, 0.0328, 0.006294, -0.02274, -0.06274, -0.04974, 0.01425, 0.01205, -0.02216, -0.01481, -0.007797, -0.02423, -0.01921, -0.01785, -0.03708, -0.08496, -0.1274, -0.125, -0.03903, -0.00437, -0.03842, -0.07983, -0.0834, -0.02618, 0.04822, 0.0576, 0.009834, 0.07074, 0.12195, 0.1056, 0.08685, 0.04672, 0.04153, 0.03815, 0.0919, 0.125, 0.09534, 0.03442, -0.003805, -0.00968, 0.04852, 0.074, 0.06192, 0.02647, 0.02249, 0.02103, -0.013725, 0.024, 0.05908, 0.03302, 0.0005336, -0.01605, -0.03015, -0.04782, -0.067, -0.06384, -0.03482, 0.01868, 0.06433, 0.04922, 0.01231, 0.003815, -0.006577, -0.02695, -0.00438, 0.01694, -0.004208, -0.00897, -0.01627, -0.03137, -0.0167, -0.002222, -0.02165, -0.0345, -0.01107, -0.012115, -0.023, -0.04297, -0.0256, 0.00786, 0.0246, -0.0087, 0.002216
-0.02765, -0.05405, -0.0673, -0.077, -0.1056, -0.1034, -0.006344, 0.06012, 0.05182, 0.02846, -0.002457, -0.01941, -0.01471, -0.0002701, -0.01329, -0.0175, 0.01793, 0.0659, 0.02719, 0.02567, -0.02824, -0.04413, -0.010864, 0.05383, 0.07587, 0.02368, 0.02028, 0.00319, -0.02792, -0.00553, 0.03125, -0.02585, -0.05316, -0.06384, -0.1028, -0.03032, 0.000518, -0.01753, -0.0761, -0.0713, 0.02196, 0.0381, 0.007904, -0.02426, 0.04837, 0.1032, 0.06216, 0.06085, 0.07825, 0.07556, 0.0961, 0.1279, 0.134, 0.099, 0.04352, -0.00497, -0.02867, 0.02979, 0.0838, 0.05457, 0.03387, 0.02008, -0.0168, -0.0483, -0.02136, 0.02235, -0.02142, -0.02397, -0.03662, -0.0459, -0.0543, -0.0625, -0.08057, -0.03088, 0.05457, 0.1063, 0.1017, 0.0631, 0.02686, 0.01045, -0.0106, 0.00121, 0.011246, -0.00823, -0.02594, -0.05225, -0.05646, 0.00778, 0.05634, 0.002277, -0.0212, 0.02635, 0.03702, 0.01422, -0.004723, -0.02882, 0.02168, 0.05466, 0.02733, -0.006145
-0.0377, -0.0659, -0.05127, -0.04022, -0.0865, -0.1103, -0.0559, 0.07263, 0.09045, 0.06384, 0.03235, -0.01236, -0.01894, -0.0372, -0.085, -0.07764, -0.002493, 0.04892, 0.04483, 0.0297, -0.00461, -0.01648, 0.03745, 0.0919, 0.05576, 0.02654, -0.007393, -0.03735, -0.04337, -0.01469, 0.03494, 0.004936, -0.02428, -0.04968, -0.0398, 0.02422, 0.03326, -0.009384, -0.0517, -0.02823, 0.02647, 0.05307, 0.01634, -0.02417, -0.00616, 0.05588, 0.04083, 0.013756, 0.10706, 0.1462, 0.148, 0.1499, 0.1077, 0.08417, 0.05774, 0.02567, -0.011765, 0.006737, 0.06085, 0.05658, 0.011986, -0.01566, -0.04523, -0.073, -0.04968, -0.01278, -0.03117, -0.014626, 0.01732, -0.01124, -0.03317, -0.05853, -0.0873, -0.05798, 0.03973, 0.1162, 0.1078, 0.06726, 0.03363, 0.008545, -0.01355, -0.01378, -0.00435, -0.03455, -0.05444, -0.0819, -0.07776, 0.0193, 0.05878, 0.0185, -0.00221, 0.02849, 0.0842, 0.0665, 0.01563, -0.03284, 0.011604, 0.05707, 0.005047, -0.001941
-0.02528, -0.08844, -0.0641, -0.01678, -0.06323, -0.1047, -0.08386, 0.0086, 0.07214, 0.0521, 0.03217, -0.01056, -0.0512, -0.06714, -0.1244, -0.0899, -0.03223, 0.01642, 0.01765, 0.0631, 0.05438, 0.021, 0.02971, 0.05722, 0.01968, -0.03366, -0.04105, -0.0424, -0.05368, -0.03128, 0.06714, 0.08704, 0.03143, 0.0003614, 0.02943, 0.03928, 0.03635, -0.02222, -0.0742, -0.0587, -0.02574, 0.03418, -0.0147, -0.04276, -0.03513, 0.01053, -0.004433, -0.001919, 0.1229, 0.1797, 0.1521, 0.09503, 0.03793, 0.05374, 0.0637, 0.0417, 0.03174, 0.01895, 0.05237, 0.04047, -0.001135, -0.02344, -0.0561, -0.0825, -0.0603, -0.01797, -0.0445, -0.004494, 0.03029, 0.01907, -0.005657, -0.02094, -0.069, -0.0741, 0.001133, 0.0958, 0.0958, 0.05865, 0.0235, -0.004936, -0.02927, -0.0396, -0.03937, -0.0637, -0.1045, -0.12024, -0.0873, -0.014244, 0.02274, 0.04077, -0.01703, 0.002312, 0.06137, 0.01236, -0.01462, -0.0326, -0.00306, 0.02663, 0.002213, -0.00948
-0.03114, -0.05173, -0.02417, -0.02411, -0.0482, -0.0715, -0.1056, -0.06046, 0.02072, 0.02617, 0.02693, -0.005817, -0.03093, -0.0418, -0.07587, -0.05984, -0.00466, 0.01325, 0.00588, 0.01614, 0.04263, 0.04913, -0.009384, -0.003868, -0.02235, -0.038, -0.04657, -0.03632, -0.04324, -0.02942, 0.04456, 0.09766, 0.04965, 0.0366, 0.02672, 0.0056, -0.02194, -0.05457, -0.08685, -0.0676, -0.05087, -0.01917, -0.05865, -0.07733, -0.06824, -0.046, -0.0625, -0.03937, 0.1086, 0.1724, 0.1519, 0.0744, 0.02774, 0.0283, 0.0618, 0.0525, 0.06323, 0.03967, 0.04355, 0.03876, 0.02368, 0.001096, -0.03125, -0.0625, -0.02968, -0.007404, -0.02084, 0.00886, 0.02914, 0.03238, 0.03412, 0.005703, -0.03253, -0.0625, -0.01025, 0.05634, 0.06097, 0.02739, 0.00558, -0.01563, -0.02814, -0.04916, -0.07, -0.09717, -0.11206, -0.1181, -0.0907, -0.01024, 0.02272, -0.03186, -0.0655, -0.0189, 0.05035, 0.0697, 0.01118, 0.006287, -0.006023, 0.01552, 0.0211, -0.003067
-0.000496, -0.00834, -0.01472, -0.01927, -0.0354, -0.0571, -0.0764, -0.03787, 0.00392, 0.03958, 0.02725, 0.01247, 0.00655, 0.03078, -0.01424, 0.003855, 0.01095, 9.6e-5, -0.01279, 0.012436, 0.0436, 0.02083, -0.00638, -0.02066, -0.04788, -0.01465, -0.001739, 0.02489, -0.03357, -0.0153, 0.03485, 0.04874, 0.004932, -0.03366, -0.06113, -0.04593, -0.05463, -0.05835, -0.06714, -0.04617, -0.02325, -0.0509, -0.10004, -0.088, -0.05917, -0.05377, -0.0993, -0.04947, 0.04214, 0.1353, 0.125, 0.0856, 0.03357, 0.02986, 0.05096, 0.0481, 0.06555, 0.0505, 0.04443, 0.02534, 0.03342, 0.03278, 0.0013, -0.02762, -0.01834, 0.012955, 0.002676, 0.01907, 0.0533, 0.03992, 0.04474, 0.03568, -0.00821, -0.01746, 0.01016, 0.0401, 0.02411, 0.002497, -0.01639, -0.01275, -0.01915, -0.04205, -0.06854, -0.08203, -0.0951, -0.1263, -0.07355, -0.02005, -0.02573, -0.03537, -0.03534, 0.003746, 0.0533, 0.0634, 0.0587, 0.06058, 0.0491, 0.02528, 0.04404, 0.02542
0.01794, 0.006382, -0.006767, -0.02365, -0.01633, -0.03116, -0.05417, -0.003511, -0.00684, 0.0086, 0.0385, 0.02448, 0.01346, 0.02455, 0.01479, 0.03348, 0.01752, 0.01923, 0.004898, 0.011215, 0.00634, -0.01279, -0.01014, -0.01845, -0.03363, -0.03275, 0.001203, -0.000246, -0.0337, -0.032, -0.0239, -0.02806, -0.0648, -0.0847, -0.1072, -0.0995, -0.08264, -0.06137, -0.05847, -0.05, -0.036, -0.08124, -0.11957, -0.1151, -0.0696, -0.0299, -0.02278, -0.0224, 0.04443, 0.0884, 0.0752, 0.0691, 0.04517, 0.05423, 0.0616, 0.03793, 0.0685, 0.05106, 0.011024, -0.03247, -0.02078, -0.006096, 0.004658, 0.00368, 0.004368, 0.02222, 0.01773, 0.02293, 0.05023, 0.05646, 0.06946, 0.07654, 0.0625, 0.05212, 0.06555, 0.0625, 0.03125, 0.002344, -0.011444, 0.01228, 0.01066, -0.0337, -0.05145, -0.06995, -0.0999, -0.12305, -0.064, -0.02196, -0.02257, -0.01218, -0.01428, -0.03897, 0.008415, 0.0108, 0.03, 0.0714, 0.05737, 0.0217, 0.0255, 0.01541
-0.0551, -0.0548, -0.03415, -0.0378, -0.02313, -0.006775, -0.005024, -0.004757, -0.03394, -0.008316, 0.001116, -0.02261, -0.00847, 0.02716, 0.04437, 0.05338, 0.03375, 0.010666, 0.02586, 0.0368, 0.03494, 0.0303, 0.00969, -0.00862, -0.05438, -0.0645, -0.0889, -0.10626, -0.0962, -0.1004, -0.09424, -0.098, -0.11816, -0.1483, -0.1628, -0.1604, -0.148, -0.1549, -0.1365, -0.1072, -0.0797, -0.134, -0.1816, -0.1597, -0.1022, -0.04932, -0.0252, -0.03717, -0.03708, 0.01453, 0.07153, 0.0706, 0.07336, 0.06665, 0.09705, 0.05304, 0.0868, 0.1013, 0.01642, -0.02432, -0.02887, -0.02557, -0.01868, -0.007935, -0.005207, 0.03317, 0.0648, 0.0791, 0.1089, 0.10974, 0.1139, 0.1658, 0.1833, 0.1548, 0.1697, 0.1458, 0.1023, 0.08575, 0.0797, 0.0726, 0.0292, 0.0317, -0.02368, -0.0692, -0.1437, -0.125, -0.0864, -0.04953, -0.07336, -0.078, -0.04514, -0.04736, -0.03302, -0.0402, -0.02963, -0.002668, -0.02052, -0.004074, 0.001007, -0.02739
-0.1454, -0.1396, -0.0913, -0.11096, -0.1096, -0.09015, -0.0802, -0.0664, -0.1287, -0.0688, -0.0774, -0.06287, -0.05402, 0.006615, 0.054, 0.0526, 0.0345, 0.0193, 0.08, 0.0901, 0.1011, 0.1027, 0.05402, -0.006744, -0.0949, -0.192, -0.2343, -0.25, -0.2993, -0.255, -0.2505, -0.242, -0.23, -0.255, -0.273, -0.2461, -0.2117, -0.238, -0.2439, -0.2253, -0.1914, -0.2505, -0.269, -0.2473, -0.2051, -0.1316, -0.1023, -0.11426, -0.125, -0.0547, 0.0361, 0.08124, 0.09155, 0.1018, 0.12463, 0.1173, 0.1731, 0.1486, 0.1005, 0.05112, 0.056, 0.02792, 0.0625, 0.094, 0.125, 0.188, 0.2478, 0.25, 0.2473, 0.25, 0.2842, 0.3467, 0.391, 0.3418, 0.374, 0.3423, 0.3193, 0.2778, 0.2666, 0.1815, 0.10486, 0.07355, -0.0672, -0.1417, -0.2269, -0.2238, -0.2122, -0.1755, -0.1626, -0.1807, -0.1274, -0.1227, -0.1128, -0.1436, -0.1354, -0.0998, -0.1157, -0.1185, -0.125, -0.11957
-0.351, -0.3584, -0.269, -0.294, -0.3042, -0.3066, -0.2876, -0.3335, -0.3735, -0.3354, -0.335, -0.308, -0.294, -0.2256, -0.1553, -0.1375, -0.1117, -0.0756, 0.005913, 0.014084, 0.0364, 0.06757, 0.02597, -0.145, -0.3408, -0.4897, -0.537, -0.542, -0.58, -0.5396, -0.5, -0.5293, -0.5, -0.5, -0.5, -0.462, -0.4429, -0.4258, -0.4348, -0.4204, -0.3604, -0.371, -0.37, -0.3276, -0.2935, -0.25, -0.2483, -0.25, -0.2163, -0.154, -0.0625, -0.01996, 0.04034, 0.0713, 0.137, 0.1775, 0.2197, 0.25, 0.2471, 0.2312, 0.2974, 0.3096, 0.3237, 0.376, 0.4297, 0.5, 0.575, 0.5723, 0.5625, 0.591, 0.6367, 0.6836, 0.749, 0.698, 0.729, 0.6797, 0.698, 0.6846, 0.592, 0.4395, 0.3005, 0.157, -0.11414, -0.2812, -0.461, -0.4814, -0.4595, -0.447, -0.408, -0.4417, -0.3823, -0.3677, -0.3306, -0.382, -0.4053, -0.375, -0.4082, -0.3833, -0.3945, -0.35
