-7.299180235051375, -7.737352477974368, -8.018057264869437, -8.31460598816363, -8.637985760227597, -8.932059260053022, -9.166824437271611, -9.334220514752463, -9.38907856415013, -9.226366328851565, -8.770236301003633, -8.108285782289677, -7.490018043593873, -7.144308797012692, -7.120623687785644, -7.329491124978432, -7.663753767397869, -8.030566517202343, -8.33515759538317, -8.503163588106329, -8.516722833274645, -8.414189272687711, -8.256759969887469, -8.102509551013174, -8.01501198920348, -8.074982638558245, -8.328678581531328, -8.681562455454463, -8.873279883248452, -8.650515041943487, -8.017987970996254, -7.277542138344098, -6.764851156697682, -6.572947166057278, -6.580556197164207, -6.670935971390865, -6.81876730925963, -7.024131505722786, -7.267617408270434, -7.525174887969324, -7.788124659745357, -8.06714879076242, -8.384293520486965, -8.757551390421547, -9.181446855805053, -9.608512359625108, -9.93971071357593, -10.039409659129985, -9.799425292179732, -9.245416249742053, -8.598367539257046, -8.198934990466165, -8.323279188571002, -9.02680122359869, -10.134054603624287, -11.351833320430492, -12.388490339842635, -13.015479914767507, -13.084886066224918, -12.549041537031925, -11.50747418392925, -10.230476301709851, -9.069922786436793, -8.267844913635475, -7.825922680121305, -7.590169034312762, -7.455590258741156, -7.435714201958231, -7.563739427037274, -7.813045907460073, -8.113441112589166, -8.396294226905942, -8.62168714137237, -8.785095524088144, -8.909146161422916, -9.025991726256109, -9.158347017134806, -9.308046763848589, -9.457563561265912, -9.582364214278435, -9.664171955338793, -9.695312839285842, -9.67452217261544, -9.603625769966083, -9.49116101324598, -9.357949581452992, -9.234469597143958, -9.145576524626808, -9.088905774706772, -9.02278963467994, -8.882951466537204, -8.632231317801569, -8.304404334125739, -7.974183384499358, -7.656832575226523, -7.276571260127717, -6.801571176365196, -6.389292581271878, -6.316344883297588, -6.705917515816524
-2.730801592499426, -4.041354108249956, -5.068264436488052, -6.1925763146175905, -7.335305489802784, -8.295125479355487, -9.020466585351272, -9.559055151928925, -9.816444061071364, -9.432215089046176, -8.061864730106217, -5.884606454631322, -3.701043216271898, -2.354547461347149, -2.112346808568565, -2.723212740252366, -3.8291557677668777, -5.102104829360471, -6.2023747870774955, -6.8512287272174826, -6.954443612259983, -6.618416699228842, -6.0549205769645456, -5.4921038005971345, -5.182395416440766, -5.415064532736627, -6.335560858154901, -7.616966836569228, -8.394605942201851, -7.799734124696427, -5.767827680343834, -3.241937370662867, -1.3744259576202595, -0.5576955355855993, -0.44733749409977414, -0.6837209391453828, -1.1883113855854197, -1.9550659159919352, -2.908191241000934, -3.9504045729520976, -5.028810588319925, -6.149271929321987, -7.350771593135387, -8.657669128545624, -10.025885982553163, -11.29867829971846, -12.18550887736221, -12.297057882108847, -11.327188663340591, -9.399123306426002, -7.2787388297307665, -6.079201072164434, -6.569011224013349, -8.71006218698309, -11.82733607537043, -15.091197035396522, -17.832890837287156, -19.5893900483601, -20.014987609628673, -18.84514548045113, -16.069258825611904, -12.210636183794286, -8.289775154738477, -5.258366978665322, -3.3861010482730127, -2.336992646145525, -1.7951558202761362, -1.7489867072799163, -2.238075356331583, -3.130035158599625, -4.174988545017577, -5.141008250384508, -5.892302104135731, -6.408208798750686, -6.760296286147374, -7.059034094034729, -7.390318833123507, -7.771204778266008, -8.14813713230254, -8.43582428943076, -8.56545785176994, -8.507729830367687, -8.267350339941634, -7.874723754012425, -7.391151929043547, -6.912554292127455, -6.545886666960744, -6.3537280278804955, -6.293277806738566, -6.197101484941198, -5.846138018596912, -5.137480178341685, -4.217156090789108, -3.363958370941371, -2.6480920825403405, -1.819615415568572, -0.7332955116529498, 0.19249701987188983, 0.19173598384628368, -1.0356526152952117
2.661007234459404, 0.450022635985772, -1.701738824816242, -4.005886191981421, -6.105225525245237, -7.65334355310442, -8.705308176049803, -9.543650716377702, -10.14906066492045, -9.86831678680067, -7.859654701680601, -4.117457449850974, 0.07748768900072589, 3.0407139052082317, 3.9823365503478416, 3.1673738911446105, 1.2049734973417685, -1.2791350124520062, -3.6009306711772564, -5.148810780097657, -5.630409485136511, -5.154442647611689, -4.098616356062499, -2.9386636393911463, -2.210564392532139, -2.486364571203509, -4.056942635630897, -6.395161916682661, -8.019793641481195, -7.303387494424714, -3.867289683373894, 0.8300788478274711, 4.672284564882919, 6.698119183451629, 7.308439415613309, 7.059883947336593, 6.091837960476859, 4.450913387043317, 2.3294073500591477, -0.02415122818052381, -2.4317810139914733, -4.822186532778016, -7.192309907680015, -9.530887991717401, -11.737544786735043, -13.563201695615497, -14.581414017032488, -14.228478005303618, -12.084036359694457, -8.466801594169349, -4.792648235463517, -2.9432922055409487, -3.9569262789091657, -7.421335350851257, -12.100253728745452, -16.816337309406705, -20.805608750012773, -23.627888031362136, -24.910027669230725, -24.132384371334442, -20.796762048237273, -15.089580940793203, -8.330436900527879, -2.3491224300499765, 1.7963221374862108, 4.227817149006951, 5.403711155925178, 5.472572257913637, 4.499028293270961, 2.777476400412367, 0.7638621877237439, -1.1205645122612378, -2.608025209568657, -3.6241685251999862, -4.268452902413875, -4.73709873171468, -5.209737380905714, -5.752205610337937, -6.291820400887803, -6.678370745766571, -6.780627964799201, -6.5483646019915875, -6.018107560058559, -5.294962182039248, -4.537364457864833, -3.9306170305944073, -3.6256285725954873, -3.6522820352614067, -3.8507700489650283, -3.8784014891930645, -3.351541160168105, -2.1232418362620105, -0.4964092437602732, 0.9745830429010377, 2.075356434021901, 3.191222840806459, 4.684413456436147, 6.107219394877243, 6.388994494189503, 4.9700145948936605
7.521101341465745, 4.6267273730824, 1.3586762264782004, -2.03502595477423, -4.8334704151291605, -6.602418998688178, -7.618955703017843, -8.532921314546076, -9.52708619391656, -9.734402629447873, -7.738197657732954, -3.0391328010762106, 2.9679764884816477, 7.845408244662335, 10.028757746697929, 9.50324458135678, 6.980290620615442, 3.336864592647698, -0.38703626654487466, -3.1685459680852093, -4.382658556495399, -4.006604485903166, -2.5165047208692486, -0.6530711332575422, 0.7084342910092764, 0.6774321382271005, -1.214233114980156, -4.358859889420523, -6.8743069931361065, -6.484285017356975, -2.28802694854097, 4.161668768502562, 10.02170920009937, 13.59443822177008, 15.013925025178999, 14.866649885583357, 13.364398240188232, 10.664340357127772, 7.141956438828971, 3.2573429516808727, -0.6325416629330628, -4.335832884345485, -7.777354795296044, -10.894987917415095, -13.531747487015616, -15.365803561694824, -15.899690308262834, -14.545298615040736, -10.992122393814043, -5.927160845700948, -1.3610687986214012, 0.4056247923928925, -1.4773264022304908, -6.013370464561838, -11.551242127603931, -16.838000313680464, -21.209353116704275, -24.39828493366918, -26.232902705130382, -26.223819629301502, -23.467489403739656, -17.418833359061992, -8.97733607777739, -0.3913582071242435, 6.311975869397634, 10.543440980497461, 12.635233628448193, 12.899297837560093, 11.575361917994224, 9.110908225003353, 6.128111210945398, 3.2274556385545883, 0.8422817508989013, -0.8355134027334878, -1.865864945525806, -2.4906616688552417, -2.9881521154447452, -3.515297264655296, -4.034957694005652, -4.376229558023651, -4.373107271786298, -3.9736490871793606, -3.2643707206142007, -2.435417597201052, -1.7261148457655175, -1.3565542391188665, -1.4423703472345437, -1.9141099574657445, -2.477505500752318, -2.6539582633194447, -1.9576765544350607, -0.22650843279372565, 2.1081375485508596, 4.23859181034621, 5.723781247102944, 6.937836470977539, 8.47125726926286, 10.133452985574424, 10.877081495987882, 9.867540471859796
11.180391952196988, 8.073262702106863, 4.060593506822845, -0.09587167840903787, -3.3114608497646185, -5.0741973049095686, -5.867449691990705, -6.692161673936809, -7.9849291609813156, -8.819911132820936, -7.3407443129809185, -2.430368809365378, 4.820913016259541, 11.58710966960211, 15.486183658642041, 15.912711922072246, 13.425538591236469, 9.01648765135967, 4.013941561354079, -0.14221523386092128, -2.402282274432741, -2.4716917927404096, -0.8107661475965852, 1.6199120336614201, 3.619090060900329, 4.020277159070258, 2.2098420112525607, -1.2502284032529039, -4.412498678774741, -4.672134035643085, -0.5687309656977013, 6.7081959931200155, 14.076131765205007, 19.144972611745256, 21.472603368625446, 21.45893445546296, 19.396203170957378, 15.63303657864927, 10.775210098492368, 5.502840174749278, 0.3404753920264941, -4.417165119649203, -8.640705381538382, -12.233571419947063, -14.993122706710675, -16.52786936987625, -16.292086258672192, -13.783725429685349, -9.004653059138153, -3.117607065043924, 1.4941984258391752, 2.602516284142552, -0.12024596515148313, -5.224420942067787, -11.020333406321305, -16.399641118953454, -20.746039282577595, -23.81266097237988, -25.614186188176568, -25.96461808041094, -23.998666588623525, -18.61580084400329, -9.866540891247341, 0.3289303969641341, 9.34598790082123, 15.653231759984408, 19.08915580017648, 19.973340161757925, 18.684718280282745, 15.776314450844179, 11.988819539113104, 8.087657138407144, 4.693741586595398, 2.1729384386112187, 0.5866308680044815, -0.27593366444924644, -0.757564076448123, -1.131547745817284, -1.4647361413400941, -1.6428825785562728, -1.521859214669114, -1.070992168361648, -0.41528122887740737, 0.21350428936008314, 0.5635669791578963, 0.454059835943426, -0.1464295060333268, -1.0709586461323444, -1.9476282645154155, -2.2528374495245536, -1.479485575926166, 0.5398655636814128, 3.3399440847244706, 5.9922547682791425, 7.848465845613822, 9.124125539260856, 10.502224666003817, 12.145881790479125, 13.310589288496834, 13.040544352925705
13.299812322872436, 10.569872243531622, 6.343188525688563, 1.783191187174896, -1.6935170969998163, -3.444852957990542, -4.030531359246251, -4.672025180914494, -6.056760672324244, -7.389552338211606, -6.638545843951903, -2.1384834420966476, 5.623954113950915, 13.912293049494163, 19.731308794379032, 21.69299274634601, 19.92766628006921, 15.36183244537989, 9.490429689758646, 4.088687484438457, 0.6264783784489953, -0.2474617140573195, 1.14494176474666, 3.736524537800458, 6.1103950547899535, 6.953798375484956, 5.592723589436771, 2.441642632914412, -0.842541920316972, -1.7668585455672592, 1.527001744643935, 8.526694068911668, 16.45842607203914, 22.52094578998195, 25.569122986570846, 25.63045193769542, 23.049845243412413, 18.410087176564176, 12.548920604055613, 6.316028430530461, 0.33560596296687867, -5.052612544887803, -9.705716314507514, -13.522399309478407, -16.280298566235906, -17.538747007150672, -16.71547875445117, -13.412084513750314, -7.955805156876882, -1.8820285174842448, 2.365363490575947, 2.958858418715045, 0.05009948664295937, -4.8769585283634616, -10.456779301043246, -15.78287532029628, -20.140205913351224, -23.08744201936605, -24.629822314102874, -24.885806076681042, -23.3807847917298, -18.951485124152914, -10.897712542286946, -0.28301602361942424, 10.35741856747786, 18.748531071353554, 23.958205596906062, 26.00901403010935, 25.274516478781347, 22.360255022799485, 18.099478570152957, 13.403268984151659, 9.06473478914232, 5.631531013906949, 3.3382997392601, 2.0894222381102514, 1.5491623889011656, 1.3455122635384793, 1.2642102010807221, 1.2887483302512868, 1.4806003602270592, 1.832179390951925, 2.212180157966802, 2.41235770345746, 2.2373522808086945, 1.5870673263663893, 0.5096177589228568, -0.7785873618133603, -1.9011086864351052, -2.368157618061463, -1.7139881820965055, 0.22849180412455583, 3.0543709999913204, 5.883860256083232, 7.98198798069564, 9.355758468563216, 10.601378475493213, 12.130217912077587, 13.619247042963195, 14.229132698604388
13.840676074755422, 11.946213106301574, 7.996368386207694, 3.3681736307908556, -0.2600164287850877, -2.062279000569136, -2.514338638357558, -2.886842503734764, -4.085714342051318, -5.627725452640624, -5.606184787538605, -1.997616503320842, 5.450013587801749, 14.527908449073088, 22.015695139706505, 25.76289378305351, 25.268695292130698, 21.207630500916267, 15.082455871456814, 8.842121527183926, 4.262590789762534, 2.3417586079596764, 3.0002770631519406, 5.229159916205047, 7.573851887454035, 8.73111377916165, 8.056154963308806, 5.783188592039517, 3.048491215421299, 1.8079096450325363, 3.9648226837410347, 9.73334302624379, 17.084980075895366, 23.2602709135098, 26.562971750055727, 26.584914174788302, 23.64939481824941, 18.518782028316867, 12.183244022604006, 5.56193454413895, -0.705926100483956, -6.287285804916568, -11.051580068868752, -14.90966436787146, -17.646195884775675, -18.81540836347989, -17.828609570925234, -14.341213366574205, -8.833869091880791, -2.946527071525425, 1.067915876739869, 1.793449141741732, -0.4942219910497675, -4.685081111320828, -9.82788717865364, -15.078360262709092, -19.530365090722743, -22.512730483898565, -23.89149406877028, -23.907108947295747, -22.519423162280955, -18.912135811311583, -12.0643699798218, -2.108460123270533, 9.118651000772113, 19.140971501769467, 26.273466078573417, 29.952227449942654, 30.319023411013564, 27.943492510027184, 23.7171447481273, 18.659485336538804, 13.685618828414917, 9.483668701804534, 6.464239818894444, 4.705431413567581, 3.9632635197323185, 3.828285317211452, 3.9461890934247945, 4.133207551431194, 4.326363736728281, 4.467933572537527, 4.44700843871005, 4.125360116544174, 3.3996889036884994, 2.2532474061135805, 0.7829591015586694, -0.790870245989641, -2.128215645518178, -2.8046197955664987, -2.4222580532348656, -0.8261433809990675, 1.6739510363083, 4.34538693539572, 6.483816681241295, 7.9271260983432965, 9.089374173157486, 10.480251873964926, 12.173653555791985, 13.621280845218209
13.134988918704385, 12.228307790508358, 8.872754842773341, 4.461548488380516, 0.8122257942609264, -1.068392404077044, -1.453454232995268, -1.4950098589114518, -2.2372677432606625, -3.620405729272858, -4.146442721718259, -1.7185291306602994, 4.6089912602945065, 13.461788874786897, 21.867450453841364, 27.174308901870546, 28.20358784525186, 25.214964506146202, 19.53507517192299, 13.079085333320341, 7.740863154002222, 4.77786119982411, 4.403442493507148, 5.823831643305546, 7.725326810201337, 8.938721242797833, 8.918283472973314, 7.786104875206216, 6.16749391547982, 5.241112428529546, 6.501560990735167, 10.610219383844443, 16.45165834530178, 21.781590831285335, 24.74602695989581, 24.608314163913416, 21.575692634094757, 16.429156953832823, 10.158147680389517, 3.6442012016514975, -2.5087660961370757, -7.985291896375922, -12.66178573100654, -16.45427580538504, -19.160846695858183, -20.366727525870054, -19.520283643588648, -16.291413993205662, -11.121403952691963, -5.490199502523939, -1.341054993317412, 0.11257606779019659, -1.1287177257813161, -4.495344667542538, -9.26612638548108, -14.453159807547703, -18.976219067022683, -22.065784723512778, -23.462185553863492, -23.34266354876876, -21.91796593652775, -18.85900653147865, -13.287218561584623, -4.719714966835459, 5.954162578264279, 16.672147946888447, 25.37085580689473, 30.837433583213404, 32.763267631197984, 31.523170883201445, 27.97130532661484, 23.161817918177874, 18.06271746122447, 13.4397605958047, 9.8452247107423, 7.549408876559863, 6.467528591334, 6.234191822938375, 6.410617349551473, 6.66029233370799, 6.78549939479542, 6.669923266945894, 6.228736910607275, 5.405060180393034, 4.187700471713553, 2.6242761324552424, 0.8319084102793086, -0.9846568431234219, -2.519897570889838, -3.396602939818795, -3.2714133235027094, -2.0129155599711344, 0.1316895005408325, 2.5567958191055142, 4.612608657647316, 6.01934808293804, 7.020905336405051, 8.160795242671941, 9.844846181782557, 11.876888379924203
11.745802865752054, 11.667906467315248, 9.002196186169625, 5.002064831629159, 1.4693073924212463, -0.4801594552487291, -0.8739046157857989, -0.6090003784877218, -0.7276564364601179, -1.578237484490159, -2.271437752685577, -0.9836732134684336, 3.680872610883088, 11.27960025032719, 19.51954367600026, 25.693515540654477, 28.105471922304616, 26.515104332349043, 21.893050146150816, 15.9139766257119, 10.389240225091804, 6.692546636576388, 5.295213170305411, 5.694294731640967, 6.833399508842115, 7.7541021296854735, 8.057582126929702, 7.879679896030014, 7.5556921956571195, 7.55734572873466, 8.646762979332621, 11.433375620096308, 15.514992234632599, 19.429727460368152, 21.60466474712649, 21.201522767420702, 18.25639969268488, 13.39603282026392, 7.4714527358924725, 1.2722954819468741, -4.629216270723868, -9.913608861706251, -14.444057450788947, -18.123014389295108, -20.74576683258176, -21.93167896319829, -21.197953650727104, -18.24190760280055, -13.391714971298935, -7.854619546724206, -3.2939174873344403, -0.9654945142710953, -1.3319072210963705, -4.218492868046014, -8.840644808189609, -13.968540052849175, -18.472761208267695, -21.660617209117497, -23.22787368611049, -23.186990906014508, -21.760833451594355, -19.00206215517824, -14.45312955867604, -7.4940008654854955, 1.7662136459279139, 12.05354763233213, 21.475386463680834, 28.42890581085887, 32.09584987679262, 32.483715793025056, 30.245506236033926, 26.345325021497892, 21.717183721274516, 17.13898257903181, 13.255384663559296, 10.512791291246526, 9.018243060916104, 8.522409053681768, 8.581470074159851, 8.76182350034828, 8.753025416767391, 8.378559572589516, 7.567586337522636, 6.326867955205767, 4.713517396675634, 2.813395539923137, 0.746904506262805, -1.2920090177310353, -3.001659822899285, -4.004365727197277, -3.9714170858360296, -2.799952004233559, -0.7454174110320321, 1.6079677844593472, 3.59999834142436, 4.858885022466467, 5.532343507421941, 6.222077213571353, 7.611855121110011, 9.8285737067326
10.172181475054295, 10.59742796888963, 8.546348579433223, 5.046235362347661, 1.7402273854378014, -0.2552709580707445, -0.7507642457596118, -0.31125210958109784, 0.1871701826402931, 0.13375816605014437, -0.23175406273348156, 0.3385788356697021, 3.300532505978591, 8.981396855640812, 16.008523710428662, 22.09524758109298, 25.367597010607827, 25.13829090643425, 21.905329726408176, 16.945125705438254, 11.829087693010651, 7.900183566344457, 5.782669159643421, 5.232595761905874, 5.474985522352972, 5.789934775308177, 5.947064252783929, 6.193039778553404, 6.8427893812652, 7.9886493334021615, 9.678622371439129, 12.049432029647837, 14.940615924416644, 17.5718600369594, 18.88451898095689, 18.157539252304495, 15.28740976708674, 10.68544685816599, 5.0324165494463164, -0.9564912976253516, -6.709196111165302, -11.879249278257536, -16.300594055438555, -19.84354981724871, -22.27430080831815, -23.223171407105575, -22.285034374219713, -19.236402505911574, -14.35943818828751, -8.671928755450852, -3.7045211078238163, -0.8819510328237516, -0.9960678109478902, -3.9114391235992705, -8.571693552693684, -13.59090636767856, -17.97276680688033, -21.225924590281814, -23.065588332871066, -23.31738047581909, -22.043404332677028, -19.454684507865462, -15.537794167434143, -9.921397717951933, -2.3546999312159076, 6.660592119434244, 15.813236680445584, 23.551949576174316, 28.728574844256997, 30.9254347235711, 30.437673106393476, 27.98577799371652, 24.36308401341479, 20.29246376977264, 16.45919547561645, 13.448079200466745, 11.554238876873479, 10.686629316025515, 10.470433420132286, 10.448384419823377, 10.242591822296868, 9.625857093228896, 8.523477171870795, 6.973371127979123, 5.065511911192105, 2.897441619830114, 0.586251810314865, -1.6666881224823475, -3.5243343298825844, -4.55855901502521, -4.414324970689442, -3.0198925428677255, -0.7133100297585132, 1.8208753687007835, 3.827585252649211, 4.86432631017279, 5.074504256662825, 5.165863650664396, 6.038550339669003, 8.05620882170944
8.663028631444039, 9.281820599391656, 7.705064590893053, 4.713965233731182, 1.7000912560709198, -0.31619148424215726, -0.9971809018334709, -0.5746543239302226, 0.3625284972695163, 1.1538067060598878, 1.5287459167047484, 2.0302929486956414, 3.7852939478999152, 7.52103889392303, 12.738060652103117, 17.880523433470866, 21.28069575212747, 22.00240197210774, 20.086626446433538, 16.35364887805689, 12.047452494421691, 8.36083179256994, 5.94053554890499, 4.703354200442107, 4.11079730486778, 3.6705905054440975, 3.3135054964194723, 3.411530994037637, 4.408501021452143, 6.375343362971054, 8.974523295032338, 11.792529884850481, 14.467641734280834, 16.513627714899815, 17.300139468658138, 16.315260191475026, 13.411320731002611, 8.856377693925099, 3.228204798935089, -2.7815955836570336, -8.575889213179504, -13.768447611814427, -18.148251542186024, -21.532004766392593, -23.631498912809842, -24.063578565785807, -22.502170771335923, -18.871790468941285, -13.560412528787072, -7.598491822478005, -2.539125140342223, 0.09889348545406133, -0.4448887105581295, -3.737898636355762, -8.448765440969707, -13.247793121482811, -17.424768143192736, -20.723498397314874, -22.89231055592439, -23.593522757212035, -22.660900976254318, -20.254517847885726, -16.6408831355075, -11.844723709560435, -5.672076024374735, 1.8360241023344153, 10.029763347050277, 17.76730391745396, 23.890979759327678, 27.677837997295853, 29.01762859487383, 28.27187150908957, 25.98959896166942, 22.770156623734426, 19.28678343102302, 16.21290298712934, 13.999794336889599, 12.722420896558337, 12.124480983489255, 11.793069099214142, 11.336922312282947, 10.498074925709034, 9.183594129448153, 7.427314659947752, 5.314031729595809, 2.9291901735219454, 0.3871262058529426, -2.0806109029472983, -4.06816333608406, -5.064414109240356, -4.666805279795592, -2.8427678546797224, -0.06721565185399286, 2.794154024035131, 4.84881618595239, 5.6235465671993285, 5.336152252703225, 4.821022883776533, 5.111643423443099, 6.700732681734321
7.261235670304183, 7.883740234880971, 6.657721930683377, 4.138114879553658, 1.4345520455927268, -0.5777709724351724, -1.4832705468968765, -1.2456807518351098, -0.13949890993478448, 1.3063845149136117, 2.5634847395153533, 3.564770845533799, 4.885302096706366, 7.234767527429978, 10.688687142170137, 14.448214162096557, 17.313333247368988, 18.36591611605608, 17.353606288406592, 14.708655709557133, 11.33190562888456, 8.177341469342423, 5.792911401069, 4.153068594468416, 2.898484285010243, 1.7435965778179228, 0.7561622191330707, 0.37530352563216884, 1.1494698227770075, 3.306524905915716, 6.508073089585626, 10.048667033874366, 13.223217624173186, 15.456788078975054, 16.25957911218323, 15.259964893391725, 12.336699311030369, 7.721911017709768, 1.971505040616194, -4.210036335664334, -10.187925428399504, -15.518524750756105, -19.915378199119623, -23.111280851550998, -24.746421907712687, -24.42053331576622, -21.904139309215275, -17.34444372299705, -11.392983259009315, -5.273096558012695, -0.5984033699715162, 1.2532223300291752, -0.09259650341724217, -3.7826110836493223, -8.387135484312758, -12.842479014247001, -16.781249008254203, -20.134794108422817, -22.659645505031346, -23.89507565368494, -23.46538474680405, -21.359537439541594, -17.904418941618214, -13.442087150064598, -8.06477009084741, -1.7330991135699056, 5.357272762343555, 12.5774826294484, 19.029951316735744, 23.913080912002005, 26.804503506838948, 27.690928780606757, 26.818898904843465, 24.60840417370737, 21.668779018260125, 18.705856737742312, 16.278115479682437, 14.607400634491691, 13.577369486855728, 12.869157103297795, 12.127808557463805, 11.089069660189532, 9.633177834610779, 7.758233112180434, 5.508972725707226, 2.9398713115657267, 0.16808825791554052, -2.5218636089154622, -4.6320212703570025, -5.557397838705506, -4.851723267344727, -2.5378427138038724, 0.7461329681798747, 3.9314543624449745, 5.999243994347187, 6.49542247969555, 5.758231854535492, 4.736366572298214, 4.514088456506462, 5.620981319758768
5.959345209742308, 6.512339631030909, 5.549919306353494, 3.4342669799245074, 1.0155402483896645, -0.9709862541760776, -2.07801018084636, -2.1009579498152577, -1.0696187638932357, 0.6966623420093371, 2.6575115754430136, 4.3873820229848794, 5.923168987469335, 7.669059679124226, 9.889136402100991, 12.325819614131303, 14.300188665876515, 15.13144101606913, 14.508829316917687, 12.630807945703591, 10.0933812709872, 7.557017017622822, 5.3833248503401, 3.5369086552450986, 1.8075862204056876, 0.10817374851356068, -1.3818092748827433, -2.2417302687965535, -1.95038398606586, -0.15884324430342606, 3.0070125721481986, 6.904858899533451, 10.660800944893992, 13.477339832269141, 14.749870189651693, 14.086266244613258, 11.366477412424837, 6.8207756398448565, 1.0082720200224689, -5.347087312987442, -11.560332897195508, -17.096315154998482, -21.546766908539507, -24.52623854076018, -25.59996013288164, -24.375938708936086, -20.76335251172805, -15.197462706296315, -8.686371975133095, -2.6994246933316908, 1.193305649731701, 2.0032457739462743, -0.09963163148137691, -3.9484861490346543, -8.239496151859534, -12.281895095204328, -16.007244441433137, -19.44880894132805, -22.338310082729354, -24.132715328666887, -24.308757479384454, -22.660525920235102, -19.408034659003114, -15.020060030976472, -9.882344691417293, -4.134555733729871, 2.1687306842307015, 8.77826142287867, 15.15093062078053, 20.60802388142119, 24.588363321606234, 26.790381182695835, 27.171632735715544, 25.949075954540127, 23.625333858531768, 20.882734591848845, 18.331987493983423, 16.308251851665005, 14.835775117306213, 13.719793229139404, 12.68006242133412, 11.46858875769563, 9.933631423989436, 8.011123449822483, 5.676831506802438, 2.941373298980189, -0.06609285061345911, -2.986705725614087, -5.214664767063296, -6.05409176218221, -5.03526372696879, -2.2585284114679025, 1.4685837306344105, 4.892898677453718, 6.9085638930645095, 7.120886773555391, 6.003827121551458, 4.597701731313217, 3.981938837812445, 4.6631181815953795
4.791823729213107, 5.2643529945563925, 4.494370019953096, 2.68905890831294, 0.4967201499844621, -1.4440136306439326, -2.673580666844432, -2.919722776195298, -2.0926937240870833, -0.3344797049871539, 1.9520359846072097, 4.258056427656333, 6.271881922517159, 8.01606540045911, 9.64595727638255, 11.145087175713062, 12.240408825511789, 12.580940774639215, 11.985890841267333, 10.575299823286484, 8.703894017553534, 6.729206294930623, 4.794896537067625, 2.837845986452659, 0.7965627778179469, -1.2185326453721703, -2.9410077243729544, -4.044041541071267, -4.172907670845692, -2.999261738779876, -0.4300928972869228, 3.1829524291346454, 7.0865647098401245, 10.384830444793847, 12.28580870516568, 12.239673147711073, 10.026023277976233, 5.813666370722232, 0.12690698845983642, -6.306793699342418, -12.737659606897493, -18.498260287169185, -23.011047577621326, -25.744629430954387, -26.201291646268537, -24.0451354777484, -19.379334462211663, -12.962683279351213, -6.155077968469555, -0.5915758265390085, 2.3632765626883905, 2.2377641755706748, -0.3163290910395174, -4.02936688620711, -7.872248495480372, -11.514324312350357, -15.088949752187807, -18.655772766865383, -21.905097655644422, -24.245911943937408, -25.0716965176207, -24.018411860568303, -21.125704483596113, -16.80801152728241, -11.60951595157605, -5.919741054534927, 0.09920830583687563, 6.338429532617422, 12.531665455800601, 18.211865013786067, 22.839510661946473, 25.962722889464583, 27.324548971237242, 26.954761496867725, 25.225197806493355, 22.748056107407734, 20.135343053466944, 17.79873793029225, 15.892725942166017, 14.362182076299556, 13.028161084068348, 11.676033767610047, 10.11758356367222, 8.204909667130257, 5.822671365215737, 2.930747495483606, -0.31823242877260927, -3.471521431552046, -5.8032766478656015, -6.5334152743962015, -5.193691701366351, -1.9874254733061958, 2.106105631965178, 5.67717352115727, 7.573224339761965, 7.486546106147895, 6.032457744731964, 4.3319246974270165, 3.4346492582332244, 3.788076702778541
3.8202016688067477, 4.218867686785737, 3.5661484706020534, 1.9596810385775163, -0.07746921193278226, -1.9469610582935146, -3.184089394274702, -3.5318992297861165, -2.908282790325383, -1.369814317433267, 0.8564809822088644, 3.3744396333934787, 5.762266693600891, 7.753415081017021, 9.265891270614594, 10.282974174914822, 10.756693354669354, 10.633223815091883, 9.937679801575198, 8.806988252145555, 7.420161784414541, 5.870836383469197, 4.114050948166094, 2.0827188694183856, -0.12663724776891616, -2.2194687760306135, -3.876467778516022, -4.915852422950976, -5.232453284127125, -4.641694832060579, -2.929783374786938, -0.11526669048222475, 3.367756143814635, 6.7405641596956345, 9.118439999413038, 9.758599806260046, 8.245076314851383, 4.5892201555526695, -0.7873340007430464, -7.1829271279844, -13.776852791410109, -19.74034238819123, -24.293028936228993, -26.7427145812893, -26.551437864424045, -23.494999476348404, -17.921385747921356, -10.909738541842621, -4.088258504531284, 0.8868502530531021, 2.9774946463785574, 2.2068066322633397, -0.46901167937147326, -3.8545245276475377, -7.230158338422831, -10.540943214634439, -14.028510989180509, -17.74058760837979, -21.33260219032418, -24.19154599589135, -25.671741578355075, -25.30377028562668, -22.950813468670397, -18.86925203948376, -13.596670461834767, -7.694942398194648, -1.5361907470524998, 4.699654484600234, 10.85593894065561, 16.645681775517005, 21.63718514343413, 25.35517907421119, 27.427663600351057, 27.74251316895539, 26.538944201195196, 24.329086256762075, 21.68700568342668, 19.068455083342155, 16.744104756900143, 14.805067283000655, 13.190868766059609, 11.731534875298227, 10.197432210451797, 8.339591119642538, 5.936337050660594, 2.8954612422008617, -0.594415139424384, -3.9697565880634906, -6.374417391472479, -6.949264609581636, -5.250285391031808, -1.611757563331207, 2.804436837959045, 6.448733602779103, 8.153116304805978, 7.723199981946568, 5.931133069880169, 3.985110548915236, 2.898512231647193, 3.0318429913428107
3.0825135952921965, 3.4144524535107394, 2.799120765391283, 1.280760007302683, -0.6609462015774297, -2.419674876069088, -3.5374663326861766, -3.836244924812245, -3.3348797186258463, -2.0933083517795223, -0.18949752592614463, 2.182889971317234, 4.676726114081634, 6.89251654515615, 8.520723764657147, 9.414127872672877, 9.586549603800792, 9.180132706571499, 8.405488462001715, 7.447625290171273, 6.3684815619815955, 5.071688527035052, 3.3942112425972355, 1.3073115529989372, -0.9358521188280572, -2.895366681251759, -4.247402578825154, -4.98404543307509, -5.2637414229385, -5.088574984772558, -4.2142235417775815, -2.397793222970799, 0.2836620135785107, 3.311689662576961, 5.8544251280635065, 7.037868303487595, 6.225148097382938, 3.205780740004962, -1.7596593909488785, -8.028963704715823, -14.720226049254837, -20.83579628545266, -25.37832043128071, -27.492267650634183, -26.6256683808882, -22.71628928397294, -16.39239420594253, -9.021897674308493, -2.3880683236225417, 1.965017091024518, 3.366487904643729, 2.2254324063389905, -0.3676684901424716, -3.374940565205337, -6.342020168754418, -9.396165856141245, -12.830681341913017, -16.679981055278237, -20.586061981311975, -23.932007563550787, -26.053949411344384, -26.417097030861488, -24.74814914386527, -21.123808145648418, -15.960226008509132, -9.855681733542706, -3.3580139203641215, 3.175702530566074, 9.535358162941696, 15.508078480792623, 20.769956309313297, 24.897518190348098, 27.490959597602846, 28.351854374426157, 27.603087742112574, 25.645755524653694, 22.99196938734775, 20.11705989847505, 17.393891297208455, 15.06090536869198, 13.186060130558333, 11.650380077451581, 10.17784801182525, 8.40623511393119, 5.999678865237227, 2.8177502827645062, -0.9024491509032674, -4.473693608971214, -6.902502298767889, -7.254853533319813, -5.130624714326623, -1.0245484524752253, 3.6981170121009366, 7.352053480913147, 8.780470621703024, 7.9357954914751945, 5.773733931147155, 3.604781876102331, 2.4059852396758092, 2.4263822068875975
2.5704803669400134, 2.843348953931436, 2.194083960446465, 0.675733461324994, -1.200695707341365, -2.7925151140946967, -3.674393759223692, -3.7969944217421303, -3.3301125130704388, -2.3844016611138086, -0.9242306949551518, 1.0740028286291872, 3.432082966256098, 5.7484662059315115, 7.558133301166395, 8.545732505194161, 8.676348410236042, 8.176611243393813, 7.377256689213669, 6.50654805127478, 5.5615160493502644, 4.343009881825386, 2.651822761030247, 0.5351438803181396, -1.6181046056386246, -3.2834441342730414, -4.190606269430857, -4.51890431302985, -4.654792696968375, -4.752648641014778, -4.566307037043216, -3.6815793945365396, -1.8921921403046242, 0.5588893684651702, 2.984631180403647, 4.475095158127261, 4.218396517297508, 1.7801026311211463, -2.7643243368513017, -8.85952047535126, -15.58475451936124, -21.78524634562417, -26.249019777821392, -27.96353923469165, -26.38761711978504, -21.65960230536564, -14.707161192523474, -7.1453531817999325, -0.8118555412633071, 2.9470046323008052, 3.809926092594609, 2.457731244480514, 0.013078645038068182, -2.65084354347808, -5.27949470928631, -8.118600102530342, -11.495034973235153, -15.448049093775683, -19.629585630369927, -23.430792703352726, -26.176482872562445, -27.287127387339, -26.393649579233042, -23.420264266798046, -18.62036620073968, -12.514718252031795, -5.720753495484631, 1.2355683911031352, 7.996962285476059, 14.307427738081266, 19.889193487082935, 24.383059184541573, 27.412812800889053, 28.74160041610505, 28.40187228214876, 26.688654996912085, 24.042410030158575, 20.941862978292683, 17.84943969730881, 15.147937600357306, 13.037393316431025, 11.451766203116662, 10.06453339497224, 8.394376131539326, 5.991781196622337, 2.6772120609447794, -1.252199586873013, -4.978223173814067, -7.3687346796122455, -7.421131605829001, -4.797355107619317, -0.1808480211387629, 4.836839154878347, 8.436280535286883, 9.50066588419446, 8.165842208404259, 5.595389180855913, 3.2130197332217527, 1.9626799517602163, 1.9665367648471355
2.2387404213489073, 2.4661233754631486, 1.7355031309070508, 0.16714871982685, -1.6385555745364913, -2.9963135671085723, -3.552115013651177, -3.425666100012655, -2.9521592651447466, -2.294053792964624, -1.3144245229953462, 0.21231422473161587, 2.2975543686000375, 4.607218120160385, 6.59244421200293, 7.782731633382456, 8.036672243578737, 7.575895771288816, 6.781490526834232, 5.910229345438312, 4.941203260236931, 3.6548029436561285, 1.8866581668583469, -0.21867801725154407, -2.1726700814607995, -3.4358054445096253, -3.84952915784391, -3.7853986057351223, -3.8023323447226436, -4.132867323301054, -4.50160078608249, -4.376094148746688, -3.3668561136950674, -1.512563761785103, 0.6514632838511802, 2.246749210549075, 2.361778034809038, 0.3855877015848568, -3.7788309645532694, -9.676972870344777, -16.375564357099012, -22.585392095761776, -26.892869036569632, -28.14057104163718, -25.819963762686136, -20.29660129202778, -12.803964986119828, -5.164907306366181, 0.8007121150135753, 3.9872950350378793, 4.389100213556075, 2.8827741484402676, 0.5823740612380269, -1.7824667382332176, -4.109640937051336, -6.734179898890065, -10.019016271284167, -14.026964512650359, -18.43657948838752, -22.655648195241827, -26.00141954621251, -27.85838180336797, -27.787820356862564, -25.59958389701444, -21.395709815569095, -15.563927706641898, -8.685813396828445, -1.3764982022021535, 5.853878757136799, 12.630371498299104, 18.640686143176417, 23.553406277055924, 27.02465426285992, 28.807174778348518, 28.868795884125284, 27.412823060712235, 24.808689355736053, 21.529061685392225, 18.114783405695675, 15.086406175560073, 12.773302476083819, 11.159782515742666, 9.86624290142423, 8.294243322298202, 5.890699969619685, 2.451392305824226, -1.6567584900461232, -5.484144772021866, -7.766437409582333, -7.443446995765941, -4.256783011998016, 0.898614372534108, 6.18997311589981, 9.67310446246002, 10.302315126931546, 8.424472296976584, 5.418586445405536, 2.822410158330081, 1.5562125311284785, 1.6167214582587093
2.023720502461101, 2.231335463586563, 1.40594014587061, -0.21963576210426508, -1.9187116361564753, -2.9744342337566554, -3.147233570607661, -2.7561553264820837, -2.2938387990646025, -1.9458708881035651, -1.461874328899074, -0.43049103374863573, 1.3331738965689075, 3.5802193020949904, 5.722945592044079, 7.163822908293549, 7.6331392558049505, 7.287172974189246, 6.501318075418193, 5.548575834993577, 4.430627293400531, 2.9745509831537627, 1.1024589342570308, -0.9374081957357103, -2.597981575782894, -3.3890998939653256, -3.3127447686809672, -2.933055998881616, -2.929335678488736, -3.5392126905771355, -4.41097151141182, -4.905978937403764, -4.520750571363415, -3.1743229655514127, -1.2949713498296722, 0.29027391849412804, 0.6327929226097911, -0.9919747071392189, -4.819830035668427, -10.498564621388855, -17.105646701704476, -23.24312805945267, -27.314514621548188, -28.034034288586195, -24.94570029426335, -18.658977955711613, -10.70937254899433, -3.091445973568932, 2.4437007524536756, 5.0539513922971055, 5.024091353724133, 3.3857675662479982, 1.2284940738222152, -0.8478185098262244, -2.871789788492269, -5.257442503139426, -8.40715633874735, -12.416005576976888, -16.997590836592348, -21.584500018221885, -25.49389853468904, -28.08109837441723, -28.850875027961767, -27.526224593228335, -24.08755806185668, -18.784891245012417, -12.101162997008302, -4.649018618961427, 2.965693370366569, 10.2369233960445, 16.759554710960053, 22.174037080498966, 26.143726323317654, 28.414715568448962, 28.90740592285113, 27.749257893376598, 25.244320500990856, 21.85419941297651, 18.18824240637706, 14.894579055884385, 12.422379679200782, 10.79893876089509, 9.591136583291792, 8.094306545091248, 5.672030969290974, 2.114725628187834, -2.133839250349006, -6.000061991721806, -8.102397639688183, -7.339472284901218, -3.5488968047501412, 2.1496632192934326, 7.6820290878932, 10.999756074870447, 11.156177596453343, 8.717504098361545, 5.264295816728516, 2.441372603292568, 1.1642751050808915, 1.3251015662376815
1.8577418892159494, 2.088352153656046, 1.1914256317590597, -0.4607192446813174, -1.9986347184765598, -2.6937213537239377, -2.457648756462746, -1.8256919641705043, -1.4285225116394924, -1.4382093875392794, -1.4707345286982938, -0.9395251667672163, 0.4901404373516043, 2.6486773689181033, 4.93197926409019, 6.6415734453612485, 7.375666850676411, 7.18780595019599, 6.407511549198504, 5.315562586704145, 3.967540377931752, 2.2861250264131217, 0.3136103537032983, -1.600536593053467, -2.8881577226431103, -3.1592102037171115, -2.609286108841877, -1.9895668890570017, -2.0600315098241184, -3.0152041955739857, -4.396058791327644, -5.456169068697821, -5.6071674689089654, -4.697803632663225, -3.092012481922586, -1.5721322578000534, -1.0898410680481498, -2.433431035997847, -5.943379462353377, -11.365562809686711, -17.80633747555901, -23.783274240524072, -27.538874615283866, -27.68029268225615, -23.824011478382637, -16.832199228153865, -8.527907092923847, -1.038150339266317, 3.998761360344961, 6.022431659968027, 5.591754958855686, 3.8635766385878205, 1.8834617956079658, 0.11898500924955174, -1.5816863397322114, -3.702485012318864, -6.678744923732242, -10.63511366441858, -15.323372182252948, -20.210835451769, -24.627637210597637, -27.910389546158388, -29.51527255439572, -29.092230562214436, -26.524426404456992, -21.942836899356568, -15.714257382239502, -8.385960940373907, -0.5846001178458625, 7.0914518312976185, 14.129858245846998, 20.09887870452294, 24.630076047063376, 27.446794056619826, 28.425893514985173, 27.629576480978564, 25.30215465339565, 21.891406561824933, 18.066021624376067, 14.58772062808042, 12.008866398941295, 10.387852706293918, 9.240588930793368, 7.776589250822966, 5.30601360879722, 1.6368481500464405, -2.706903900297486, -6.542915485010963, -8.395632965362903, -7.143683415383607, -2.7343194583976427, 3.486810335428416, 9.220323330313454, 12.342670518745173, 12.024841921144263, 9.039293408490675, 5.1378828581321185, 2.062969216862801, 0.7531173433081859, 1.0321856537451188
1.676796889441242, 1.991482633294356, 1.07856160490843, -0.5427897490549745, -1.860329697689491, -2.15335888341221, -1.5061190267401359, -0.670388967919185, -0.39122031216825176, -0.7994645099324719, -1.3677335130555217, -1.3462405745096433, -0.26933016242840346, 1.7671567125609113, 4.158918592598734, 6.129934388481531, 7.150771991519855, 7.149587393326961, 6.380975204845027, 5.125079177535566, 3.5108509285814877, 1.5882031882808911, -0.4601436725976422, -2.1897047407573758, -3.0415828010484773, -2.7605782465046125, -1.7504122603980243, -0.9342071486332599, -1.122315927255724, -2.4454963501865343, -4.337856840196217, -5.957693503633023, -6.643438294340092, -6.1828296319318525, -4.884358822939227, -3.486488901336618, -2.9272534052277086, -4.030222031831315, -7.2186184320902935, -12.333591345348182, -18.524443142296395, -24.245777076011212, -27.603706121651424, -27.12570719781486, -22.523212995391845, -14.913768150168268, -6.381334144448173, 0.863381890995726, 5.340582728407096, 6.787426390967309, 6.017536111737321, 4.276439627658682, 2.535082434287244, 1.116812635446895, -0.2466218154157283, -2.091931638954286, -4.869709032439103, -8.723641939702594, -13.444872050128508, -18.5477525625744, -23.39290648327556, -27.313338079586373, -29.72538151343425, -30.212246532534287, -28.572401813107515, -24.836857347050458, -19.264124316004725, -12.310550450588664, -4.566100466587394, 3.3363054350063908, 10.80161200768632, 17.311638978172304, 22.434654160971615, 25.846968591696957, 27.373816535958664, 27.014038436558558, 24.95446917800937, 21.626742773648118, 17.749601421264536, 14.179969603174222, 11.549948821824294, 9.933932385221548, 8.803706219553673, 7.312752045043537, 4.755520505694157, 0.9818746370343583, -3.405161465674826, -7.137078944175477, -8.674622392952188, -6.901375544312843, -1.8842865295131543, 4.815892638788927, 10.705103468778148, 13.618057722088105, 12.850721203435969, 9.353029024308311, 5.010682209215183, 1.654324182378193, 0.27638178119203805, 0.6766482816675932
1.4251409061031886, 1.8991645848741143, 1.0481799520563413, -0.4720679368794358, -1.5180144071976822, -1.389586551251274, -0.34428861509344827, 0.6667276184533667, 0.8074448946390144, -0.0017137609248918746, -1.1015030192427957, -1.6010980177791694, -0.9183612318251075, 0.9295262779952915, 3.361373016373965, 5.5510278611196435, 6.852779924293108, 7.056784733436199, 6.31981935664529, 4.909008543319092, 3.0329412507937166, 0.8850421132504822, -1.2016108154377632, -2.6958240277177388, -3.0715644447584047, -2.228234925949642, -0.7738315836879656, 0.22367714326067237, -0.0691902030070114, -1.7171140314163982, -4.0738471568921755, -6.237736019532812, -7.492503599516245, -7.55764066008721, -6.664731458453867, -5.486542204829532, -4.92855993872421, -5.833033301143441, -8.695599791104762, -13.453287639008943, -19.309297416382904, -24.67388906629506, -27.54436068412717, -26.403790414391725, -21.086581635881974, -12.964789039286009, -4.344900614839202, 2.5385603805485233, 6.412513111190147, 7.3214946511438574, 6.304194949813702, 4.647483157903609, 3.2100040957491696, 2.159210799829313, 1.1239983415623058, -0.4586904401690165, -3.0294292088212633, -6.736690073618737, -11.411855484804518, -16.630220059297947, -21.803003641081705, -26.278112418085293, -29.443841553342857, -30.821978328551076, -30.13111842681698, -27.313017651517995, -22.530800715975413, -16.148614202833624, -8.690665218286421, -0.7755785544647179, 6.960851028009623, 13.928221636001487, 19.620073034813956, 23.6462315988166, 25.766835588754727, 25.911789961020265, 24.208545575112016, 21.069572375835914, 17.252881974876686, 13.68705203547357, 11.054754819244014, 9.430628277056668, 8.255129820782024, 6.663758292252542, 3.977451743892306, 0.11064189426703346, -4.261044410325729, -7.8112866621964825, -8.972816304609033, -6.662076643120345, -1.0724893763958507, 6.041264905678493, 12.03165041794481, 14.726071888765023, 13.544330087408978, 9.579227104855386, 4.813938445670836, 1.1573165878018958, -0.3193662320860911, 0.20233683271066388
1.0590787115572473, 1.772530267472329, 1.070514715692038, -0.2786479067287326, -1.0188671203900272, -0.4735095462483856, 0.9469072316353639, 2.1242407632765428, 2.15211755319513, 0.9936118841962495, -0.5935429000056269, -1.6130196177529124, -1.3812475935452087, 0.1767627863789046, 2.5368532656724248, 4.85936660783079, 6.403129408756715, 6.817137334176994, 6.141606684562391, 4.612850094659703, 2.5125585382214175, 0.18021454681954366, -1.9001747749122315, -3.1216731833819003, -3.00944245879038, -1.6242554492205714, 0.2416914118475257, 1.4138648598612893, 1.0631673501611862, -0.8153386527145978, -3.533607038626487, -6.179120146705907, -8.013471402379812, -8.687617888251793, -8.327806373805858, -7.5035935943285175, -7.05733341974691, -7.831241030435033, -10.38527191285188, -14.752501954351459, -20.196532220494362, -25.09825076478049, -27.37675584950065, -25.51552912537173, -19.508557927967704, -10.981401680810821, -2.4157290688668214, 3.9989984959065024, 7.245557323474735, 7.678403448654562, 6.520551843914718, 5.043978200818378, 3.9561632093717245, 3.263859006341316, 2.5162534478419514, 1.1572638731717755, -1.2155177745962564, -4.740503799762044, -9.29009213441047, -14.514508873939313, -19.89656781812077, -24.819649078005316, -28.658739604468398, -30.881623492223845, -31.129969924166414, -29.260372042451575, -25.348847877001823, -19.673809789294666, -12.685520961588065, -4.959396511560127, 2.8667704672855026, 10.159140397047768, 16.344842554981767, 20.96034097936923, 23.689711804391436, 24.38559249440003, 23.111742966576568, 20.257255751506992, 16.60551872083327, 13.127726198505947, 10.524719567591875, 8.858561890616533, 7.558474715450875, 5.7857920435236005, 2.9300099495626717, -1.0120428144804499, -5.303652152963921, -8.59240572791867, -9.321700031612277, -6.471070590803848, -0.36545051256290995, 7.074628524414422, 13.096050163730093, 15.553485325352847, 13.986891703400657, 9.60132254321098, 4.447654931933835, 0.4990182122186331, -1.0845000289004934, -0.43374213608962986
0.5504420093352049, 1.5759942286130184, 1.104946091667281, -0.014025690658367913, -0.43568989705435707, 0.4990110815143991, 2.2634189519857655, 3.6157938581954796, 3.5967261204894463, 2.1894864860038403, 0.20212946927366393, -1.3094764194725927, -1.580411096350559, -0.4294538251965941, 1.7155524429188513, 4.046790817747686, 5.7595571561971965, 6.3693966445380426, 5.786540114183902, 4.1950717675865095, 1.9327327414449573, -0.5246569922669263, -2.5511393434355414, -3.4787025728499987, -2.897812076545045, -1.0261754749998646, 1.192743812307467, 2.5236863508612006, 2.169145962514834, 0.1743627154658405, -2.769773891016803, -5.788811786459877, -8.161606747622784, -9.484897901446766, -9.764039346966644, -9.430240355288152, -9.225564299586669, -9.965118951054826, -12.258285779473724, -16.22748591441898, -21.195201499630578, -25.52263190231406, -27.084420158006985, -24.420166817501357, -17.73075853486629, -8.8966392088342, -0.5210122861486838, 5.3279700005893265, 7.93940688809353, 7.97309339867297, 6.78317299047732, 5.562488624803461, 4.832720211376029, 4.447960042298906, 3.9119138360783676, 2.7123021130247715, 0.5111893248838031, -2.807017046312699, -7.156251833601512, -12.274068968410694, -17.735112946594022, -22.97979258086276, -27.386757913486917, -30.3798043027485, -31.528016823703542, -30.60496008859315, -27.60306763640289, -22.720014066974827, -16.332411130939132, -8.95985261703239, -1.2161339028324734, 6.250340208341086, 12.819598024459292, 17.96044279280631, 21.27739418805248, 22.54004293875251, 21.744695220913687, 19.251542591322643, 15.8511061375182, 12.523632012020414, 9.956379278473872, 8.192690563904108, 6.6779588707530495, 4.644706569127651, 1.587515981638148, -2.404108884856292, -6.547599440802604, -9.495860028002031, -9.74147029122895, -6.358941499815181, 0.1896298316403486, 7.848374764523082, 13.809272845238839, 15.98954898341855, 14.049357194517684, 9.286466760585059, 3.7993055261099515, -0.3943257378968776, -2.0568047180426414, -1.2550515802403004
-0.1107957790279798, 1.280313605249793, 1.1047854889583122, 0.25762586260965326, 0.14677121819699152, 1.42358051065743, 3.491069481738964, 5.033334622411942, 5.053895577154944, 3.5284699169631373, 1.2627916179269265, -0.678308396633806, -1.476005549800011, -0.8368396925538631, 0.9431463470323704, 3.1366695991923685, 4.917168737149784, 5.686463867785298, 5.219667180903364, 3.6278073487467757, 1.28095921453464, -1.228933936863032, -3.152761272540172, -3.7805025589636454, -2.7783119544257158, -0.5068998631196939, 1.9807663159170963, 3.437359968341897, 3.1217983180947284, 1.1188703661259367, -1.9113352867920388, -5.172430628119029, -7.996689253101868, -9.9503103147418, -10.920400806176147, -11.180224085269954, -11.339256300818754, -12.153569952868404, -14.257394759217554, -17.844094840942937, -22.281822331874917, -25.915444109495144, -26.61317036576471, -23.03852517405272, -15.657182853391001, -6.607285033983808, 1.4475855273833789, 6.646096799038617, 8.63552488051651, 8.363364707115231, 7.242423313188314, 6.315909806333339, 5.898583753987278, 5.7203324591458, 5.2851030849777105, 4.160077895923724, 2.0910173156290313, -1.0071386658197343, -5.090244269060445, -9.992182645434177, -15.396785920604215, -20.822776574149508, -25.671204386602962, -29.334224854005388, -31.314784347291592, -31.306559992727244, -29.220583619531997, -25.17609666441912, -19.476979055354604, -12.582033363793936, -5.066527049268051, 2.428228978925298, 9.256048499123253, 14.831298463872265, 18.68344527002323, 20.499004340322852, 20.205823087409946, 18.128291452557416, 15.041446993067991, 11.899262300237476, 9.348809203716563, 7.417528712320156, 5.599241932797155, 3.2386645951436375, -0.03866353079966454, -4.048785359183082, -7.979122916261065, -10.514374929636581, -10.231021525653773, -6.331139195591698, 0.577220183943812, 8.33092296334387, 14.11665644699857, 15.950888745403219, 13.622000207767412, 8.515265113614918, 2.7674461457664394, -1.583141663217051, -3.2550220163993004, -2.262459066150162
-0.915193019856777, 0.8669083180105461, 1.025306833678541, 0.4716558868378357, 0.6480544594848435, 2.20586197395552, 4.5234656245046105, 6.261540032370048, 6.404722148099942, 4.89759919274357, 2.4961344672251427, 0.22449696117664264, -1.0797578785565296, -1.0188090161151513, 0.26642010902317126, 2.1739999667611842, 3.902923532207209, 4.772684759942682, 4.429490369687619, 2.8961304842575526, 0.5491520003170592, -1.9319507942391831, -3.70334514967042, -4.0366337434197375, -2.68063018485123, -0.11750210946428818, 2.5367828941331547, 4.070045382945309, 3.818489345357249, 1.8956864686029677, -1.0961197189584908, -4.467569920899698, -7.631737636240481, -10.149090844819986, -11.804156205992243, -12.710714811624513, -13.326244390841948, -14.318128624040689, -16.313529421313376, -19.545314797982147, -23.401220441491446, -26.2085378775616, -25.874557828602203, -21.267333673244142, -13.182120504920514, -4.012129702948503, 3.594887618690658, 8.082452836815504, 9.500445098406821, 9.036268502920825, 8.063046646092026, 7.4087502252833675, 7.189254831902929, 7.0653428823774584, 6.594591773696248, 5.450892669694998, 3.470023970625117, 0.5971714272651515, -3.1657944038864145, -7.752624336245327, -12.968002799798679, -18.42810805878365, -23.576505824988935, -27.78848472449216, -30.509163621210167, -31.357001279785845, -30.164973953245408, -26.976027280510955, -22.021342452153398, -15.695470035148496, -8.526304680811299, -1.1333552645745837, 5.828517038334064, 11.734488707143072, 16.048940476413314, 18.381155001132033, 18.592680283132104, 16.963950888276358, 14.229373256158688, 11.283710427027687, 8.715763646139228, 6.547942917539837, 4.3542111113505575, 1.6217583649373402, -1.8807231632388053, -5.879748706893164, -9.544664556322578, -11.608913702747653, -10.760401731209102, -6.360842150116314, 0.8218890643941634, 8.538663472746723, 14.015704638435098, 15.406374320243785, 12.644740964596192, 7.212849712540997, 1.2872661041059137, -3.0991673270218203, -4.673321712571658, -3.43346979020387
-1.833772601178546, 0.33161572346395285, 0.832152396389068, 0.5749998281602368, 1.006516125327832, 2.7781521762396544, 5.281062145897317, 7.2003177581921065, 7.525239067162421, 6.157315928245272, 3.7672845496871186, 1.294369261503014, -0.44632120393586855, -0.9761505285804508, -0.2749751790485689, 1.2150268098468495, 2.766365621441644, 3.6573420307726385, 3.4246009871976337, 1.9972841027480448, -0.2656096946916358, -2.631652259841862, -4.199331454158487, -4.2494937348824955, -2.6173753020380723, 0.12057641461235655, 2.83303967908734, 4.385558612353714, 4.207522776575653, 2.430586972414177, -0.4219683958488836, -3.78690911426705, -7.17553698287735, -10.163214299398607, -12.453388019958583, -14.012712789150607, -15.141462852464887, -16.39527858363476, -18.35830788922579, -21.260059675620294, -24.471708410074246, -26.30282021238741, -24.757830051951824, -19.00182511724078, -10.222557815163817, -1.0460485609636048, 5.998531426811382, 9.764855908168355, 10.716877216586433, 10.183647668952027, 9.383145123389188, 8.893036269190608, 8.68309124842469, 8.424015351691127, 7.7771469276942025, 6.532849313506098, 4.605653970272228, 1.9611511168074387, -1.4408987090123297, -5.630012563634215, -10.534585042456131, -15.882731889489616, -21.181310956805884, -25.806482346359964, -29.155811460399573, -30.777990266880032, -30.432641628908776, -28.09065592150549, -23.911806331945442, -18.22312663201514, -11.497395463886718, -4.320686374019167, 2.6576996878972796, 8.78805252173092, 13.481915628393542, 16.281029499725676, 16.985065248979065, 15.822014464679711, 13.46144282641594, 10.712233310685908, 8.095699456389085, 5.643502991856331, 3.034049036428568, -0.08780551234543378, -3.810943294174678, -7.779803429334764, -11.149523455315308, -12.70685271223861, -11.269193954274128, -6.387979469844491, 0.989506086331995, 8.539670203421474, 13.564845794011234, 14.392015441331488, 11.127631331234797, 5.373200164849166, -0.6453947072573877, -4.927870597965041, -6.273586202654788, -4.721498593608597
-2.8196244309464547, -0.3136885476506545, 0.507566961171313, 0.5351162689781723, 1.1888529977363023, 3.109902268265966, 5.725919202184189, 7.7875558075679265, 8.31836162715487, 7.1795605398864195, 4.936470518626303, 2.408079040336931, 0.3441682468372911, -0.7324405307363036, -0.653432479063947, 0.31787601678551763, 1.570583992178328, 2.3892506006951937, 2.2330488635963293, 0.9437126613602989, -1.1568609059933206, -3.3214424991549523, -4.634150392253751, -4.4149537981312665, -2.585919505010675, 0.2131767602433325, 2.88146531004465, 4.397684262428602, 4.294145933421574, 2.7092955533699974, 0.07131473437367805, -3.1930668242707565, -6.70122166238571, -10.05797471885457, -12.908487491346243, -15.093226843233083, -16.76099700189872, -18.338925702128385, -20.329824201491252, -22.9090747420176, -25.391800129255536, -26.079542726920742, -23.149321333827825, -16.162747360502394, -6.745577424523722, 2.3043996438089396, 8.710187214823316, 11.821822048212892, 12.460448672590223, 11.947622539258733, 11.248832260216389, 10.717112823694338, 10.274472217596202, 9.687066064284563, 8.750994208490946, 7.358546534950383, 5.473623541602286, 3.064150154496563, 0.049712454355756504, -3.681708138084535, -8.173824164180951, -13.273781353842601, -18.57175909203457, -23.466012689746698, -27.319695155306135, -29.617368307691486, -30.049829838499246, -28.52233795332093, -25.128247463709883, -20.126147394497877, -13.926121887609924, -7.068961053280945, -0.18498866277754453, 6.064410174423435, 11.050430592123167, 14.258605213103166, 15.432682220069186, 14.741259483440103, 12.769205146385863, 10.220509008415618, 7.545484670513594, 4.796589802535472, 1.768970647936295, -1.734273513478041, -5.668795961400806, -9.603010463112696, -12.672862861393757, -13.711186098549796, -11.672843574371004, -6.3252432819872455, 1.1806577838255576, 8.447417549338022, 12.878891361120544, 13.00975942015524, 9.155541648394099, 3.071542277377242, -2.956357465248041, -6.992286151793308, -7.977007579718442, -6.055304352981069
-3.8128426172777323, -1.0425155955116387, 0.05313586949980646, 0.3442231025411406, 1.1929469837459652, 3.2095446641974914, 5.8668769852790765, 8.012910840576078, 8.738247435735145, 7.879699716982239, 5.892036951019111, 3.450714180748393, 1.2021157828385003, -0.32982379158719155, -0.8578934207518794, -0.46546655540546317, 0.38582643208788203, 1.0354064464084494, 0.9066566435189417, -0.2290834653747616, -2.100900363004489, -3.9853433766624367, -4.997688084258518, -4.525973297459443, -2.5754157848389285, 0.18390802160134398, 2.7228321265422015, 4.159248597988041, 4.130182480351325, 2.767895673757115, 0.39413565458400013, -2.7024308121065843, -6.243944725190059, -9.873528148353063, -13.200572797946013, -15.964805502803783, -18.17532194361903, -20.117131079141434, -22.171600891209582, -24.4065317729084, -26.04742626423816, -25.416312659613816, -20.95657443325554, -12.72104909289409, -2.780281376203626, 6.009819695506794, 11.769727446091787, 14.367415404680916, 14.839878512151431, 14.341154173859012, 13.554457856254771, 12.704356371632619, 11.783708201067483, 10.718174746469911, 9.438012711935317, 7.899784015416023, 6.075390038828243, 3.9133739414519937, 1.2980876652408115, -1.9429603716888952, -5.948669586315793, -10.682759993842541, -15.835818211804868, -20.85271549636652, -25.079701987725898, -27.943586954315936, -29.068813116657623, -28.30133308319846, -25.677198263611654, -21.391016431494727, -15.785260271248132, -9.343110133516975, -2.6613203001080197, 3.600593448769855, 8.786158854350369, 12.3370588277541, 13.94890277471559, 13.726992200767418, 12.15680044153034, 9.823990152119903, 7.105797352677616, 4.081375404106954, 0.6646553875534175, -3.1911087089462336, -7.3205803643592064, -11.220666862181355, -13.99907187729348, -14.520447828043126, -11.875920942090445, -6.069117992401824, 1.5187123230948776, 8.406202281892934, 12.112278774517392, 11.413056182275728, 6.88205604510375, 0.4675393332198837, -5.485314533068494, -9.146501139901062, -9.662835467197494, -7.343010595199704
-4.750754813519571, -1.8182183462754409, -0.5109180970737921, 0.018692452528653584, 1.0440923568817904, 3.1173669003265037, 5.752920442162913, 7.917072679109402, 8.79853785965089, 8.23280345471264, 6.570802480412675, 4.334751884007427, 2.0411574120499445, 0.17463858808185292, -0.8980178304004108, -1.0968230956834086, -0.7166646254749459, -0.3203903471293979, -0.4752020205075493, -1.4558403864642844, -3.0504647516852765, -4.594726406078967, -5.277257319850317, -4.577757042731147, -2.5756037709936077, 0.06219753267473372, 2.4119855697054797, 3.7445898123172077, 3.793678442813626, 2.6702247954929903, 0.5842128436764146, -2.305312068779058, -5.81548944110824, -9.632741787216805, -13.35339706010671, -16.64351953331772, -19.385095168523, -21.7067955196339, -23.82799691791229, -25.660054449696936, -26.321200481146985, -24.206699131789133, -18.13180996672519, -8.711338322370928, 1.59074142566274, 10.018917951827206, 15.201619563240628, 17.44705327957376, 17.816884820036815, 17.195798245146857, 16.048880072263405, 14.607667720527598, 13.029469747179537, 11.418354898694338, 9.8075249481488, 8.170011037587603, 6.445201538800841, 4.543412424608237, 2.3214877370366844, -0.42630266893999713, -3.9047774881790605, -8.181587089740729, -13.05915558422125, -18.055254539701444, -22.52244043927931, -25.83895874739992, -27.562622075629694, -27.482735260013175, -25.588723152605507, -22.022626457388437, -17.06133849933903, -11.120855717046302, -4.748857156914012, 1.4126434909818129, 6.694385044019474, 10.508896661987492, 12.513579469612717, 12.748378185986196, 11.586791473843892, 9.48489275373869, 6.745529499236566, 3.479039146976277, -0.2819547700368192, -4.442938000557552, -8.730054879604303, -12.57598512238073, -15.05602323117017, -15.053332636235355, -11.78781684312098, -5.512022720413299, 2.135901450411843, 8.572026493104197, 11.43788439513256, 9.793133955234769, 4.526992533519193, -2.1945150088560523, -7.992530605751393, -11.18977156305069, -11.184973454275877, -8.486977225290714
-5.582890466155174, -2.600166315304287, -1.148878743120895, -0.4056209201142216, 0.7860038821308105, 2.8917890608738057, 5.457111692499792, 7.577458223135992, 8.56340859077657, 8.27181459813154, 6.963316776391236, 5.010358382755672, 2.7890723360277856, 0.7151469020531165, -0.8058975876114386, -1.5605358296113905, -1.6765476313764913, -1.5886598862177113, -1.8138749422050895, -2.6469702863134255, -3.9385072902687996, -5.111719033450643, -5.461543350330566, -4.5728318835445485, -2.583592443406294, -0.12601928834112297, 2.0048922878256676, 3.2318631924196883, 3.3661863086351658, 2.481525437745161, 0.6795847437561832, -1.990014141199525, -5.422455051783789, -9.352022461499542, -13.387272701816116, -17.14787881407042, -20.397157816069996, -23.08864513466119, -25.241120322898777, -26.57418227273389, -26.1059202841908, -22.380768245016007, -14.687740708070985, -4.228949810746228, 6.251741401537502, 14.265509632047527, 18.975504446406436, 20.969095470943234, 21.171749873580104, 20.205827396995037, 18.447904174961486, 16.247023447953, 13.951920381917734, 11.814872679499487, 9.928656616037989, 8.247406601925196, 6.6543426652361655, 5.011541909865088, 3.1562260567447202, 0.8750123058870785, -2.07039725622195, -5.830391467486187, -10.322474319118763, -15.16222948481282, -19.73746992518006, -23.392939860563335, -25.61854126811657, -26.143019870464286, -24.916259538122628, -22.04426822213309, -17.75089907718108, -12.383659735042555, -6.4276341322165855, -0.4885339640325232, 4.77160801067331, 8.754752362083154, 11.090262994184757, 11.747757075269774, 10.97411670187516, 9.0871789127965, 6.3211645666651135, 2.8299394549044408, -1.2298433626897816, -5.628856025115709, -9.99788864579627, -13.718870303580484, -15.84254598489756, -15.267382765395373, -11.334632348137548, -4.552533303165997, 3.159060718233429, 9.094228222213955, 11.034720687111559, 8.38100473123247, 2.3814281722731794, -4.598338500024054, -10.194968122192728, -12.913324469324865, -12.413181338193228, -9.41165008133113
-6.28531941800148, -3.349258556621966, -1.814093452626131, -0.8811082194316147, 0.4688094985472401, 2.5932940227631005, 5.057192022677036, 7.086977627562333, 8.126947681950696, 8.070798961804876, 7.104587638572818, 5.465898323509229, 3.3964788250497056, 1.22772027622125, -0.631759176450184, -1.8706603311484677, -2.4629362172686196, -2.6999158839439645, -3.018816675645898, -3.7132235616513785, -4.697428922438829, -5.502065944569862, -5.547707204056182, -4.524139124093985, -2.6053321612958813, -0.3608066859458908, 1.5524794176775616, 2.6912449835634398, 2.9149563076111815, 2.246308015061027, 0.6952142471636117, -1.7639716269228563, -5.08159843382918, -9.048027767462766, -13.316753101831067, -17.49056076077467, -21.215300529078217, -24.241384668357117, -26.351488989395865, -27.059789224671764, -25.321740967395918, -19.921879143411562, -10.700874959962723, 0.5853142851765007, 11.068141008384888, 18.64858123850845, 22.95602893919728, 24.683683022846495, 24.564351374873606, 23.063546997248892, 20.592136472687443, 17.642924222740177, 14.702783416367613, 12.111183133081243, 9.991969642881578, 8.27939599777194, 6.80626403506783, 5.38869436709744, 3.848583955631622, 1.9809403157610257, -0.45826920544869293, -3.676358565256099, -7.699531600483093, -12.260425240575612, -16.8145797098174, -20.696785228023902, -23.3311075364672, -24.375274759013383, -23.737250112557845, -21.50248828555002, -17.864527973103595, -13.114506520897912, -7.668527034095646, -2.075397862347845, 3.0361196260944565, 7.078783426633513, 9.659657751962884, 10.665718627581322, 10.202088374688934, 8.451049609781682, 5.601239053184179, 1.8744517256984525, -2.4416539927198517, -6.992689253860513, -11.327584812960561, -14.790817113297283, -16.42588089696228, -15.16098539028122, -10.463126177372486, -3.1039845195867417, 4.695392515541475, 10.104446138984118, 11.091203642055703, 7.454113017693439, 0.7875008100946471, -6.41651861855465, -11.851173574307081, -14.181295163638628, -13.291434927956011, -10.096154568193262
-6.865965556961713, -4.031255946637858, -2.455199325488218, -1.3585262168252887, 0.13657666255678252, 2.27085376827895, 4.620067969772358, 6.534741347937046, 7.5897277836252135, 7.7200470501568885, 7.053162988709845, 5.717176924298766, 3.839469911878106, 1.6630802511751013, -0.4303300800797312, -2.0676995131099605, -3.0879339583823726, -3.6337823900100994, -4.045273289097447, -4.603169207486186, -5.289177120571019, -5.754052840828176, -5.549027511935115, -4.454037631994094, -2.649888161935334, -0.6218058258805834, 1.1041536734896986, 2.1829366597933704, 2.4845149395285646, 1.9742719089895089, 0.6048808596740818, -1.6735125298527833, -4.8371195051961795, -8.74674895645091, -13.147570516303656, -17.66530922615422, -21.82515820831669, -25.133315085066343, -27.10090193962795, -27.047201970780428, -23.932675359942156, -16.874853255226203, -6.302693141594209, 5.562663007398253, 15.885840851947142, 23.003948268163235, 26.88882574518951, 28.233601497210167, 27.641103773346376, 25.56089230119023, 22.49072992968553, 18.99464033152213, 15.584148859793968, 12.6187221379224, 10.254933537622122, 8.447090068355912, 7.015403986487345, 5.7458986189681855, 4.444895091055337, 2.9179052345499206, 0.931668368886623, -1.7527320246943492, -5.254594069110262, -9.432909720451002, -13.842315862821588, -17.840013459872356, -20.795281927772464, -22.28220067592207, -22.151495358771733, -20.47296963640391, -17.43581709707157, -13.301375071705483, -8.423854621206146, -3.279226527048006, 1.5638070594535405, 5.547615252359403, 8.254896163401638, 9.474550299774751, 9.167565174549448, 7.408725513944349, 4.384053105225703, 0.40670870769049233, -4.116007325089108, -8.729276395338022, -12.906995308167835, -15.94836791091818, -16.89993230386048, -14.75461490112187, -9.137688557606804, -1.1036646853707188, 6.819611486468136, 11.712318719429714, 11.801172394476744, 7.296767433617297, 0.04360390279729736, -7.435506711022123, -12.875488603029863, -15.010903075742908, -13.882095047580604, -10.59202468059506
-7.355559097804938, -4.619713993911686, -3.0261630120189524, -1.7992184624606105, -0.18301485362155254, 1.955010571770963, 4.195774946842234, 5.995895625578151, 7.040762760562917, 7.300507289248807, 6.8628442951587445, 5.784182043468416, 4.109328861022113, 1.9933354342355498, -0.2411149096422692, -2.1974137874863984, -3.596870512362244, -4.427147743240232, -4.91763016968108, -5.332814272308349, -5.731251898049283, -5.894205062339342, -5.498434776373107, -4.387746409548498, -2.716669779667646, -0.8734077237597586, 0.7207431900303692, 1.7649641116520824, 2.0973822728151683, 1.633081191664904, 0.32541324039663067, -1.8279701411701634, -4.7898413089558005, -8.51006207997787, -12.891425966499758, -17.64647618111563, -22.184958843476327, -25.71601316808186, -27.43657150107756, -26.498614546966934, -21.956930326183052, -13.343139141728006, -1.6632724984449268, 10.51948216295595, 20.525139649667892, 27.09941106995336, 30.438986192192974, 31.23104985509276, 30.082915960968297, 27.542192482457757, 24.16887323812823, 20.465307577622813, 16.830275180451594, 13.579295318661796, 10.921906039752956, 8.897346345540369, 7.374519512626389, 6.139556857750846, 4.983438768242687, 3.713212222709152, 2.1096216221034267, -0.0776288340414756, -3.0385600689751366, -6.755210622116057, -10.905649382919277, -14.907574728488383, -18.099817862252046, -19.966227688352635, -20.274329511679042, -19.06376008749402, -16.535151666929117, -12.954382312247958, -8.638940713227443, -3.9926112255177473, 0.49087403635613813, 4.2928646354038555, 6.966895679817849, 8.203252821858198, 7.849352811401124, 5.930950476886444, 2.6765117937120935, -1.517311344735858, -6.17737133697832, -10.793832532873932, -14.752147672372052, -17.250463698327195, -17.31666936180325, -14.05897896265526, -7.335516249441731, 1.4765738168777902, 9.561283054167975, 13.987968848918026, 13.30732066356771, 8.080899243237292, 0.2584747781474388, -7.666313978234766, -13.38690102933485, -15.57447116124439, -14.347785310089487, -11.004200168402068
-7.7860349033041905, -5.101803889284634, -3.501587850094294, -2.188063038422604, -0.4838185287147886, 1.6606610169270193, 3.8235543657572526, 5.533570570657712, 6.5489211571463395, 6.862390944534926, 6.5507893659578675, 5.654773057875447, 4.181390578771216, 2.1974281299436647, -0.07882710184565059, -2.280030829956227, -4.029522811439401, -5.142678010300176, -5.7134804247981785, -5.983682241490026, -6.101032595609527, -5.989635164913407, -5.444129905772873, -4.341533513719877, -2.7780850062771223, -1.0451966609841579, 0.4921821978364124, 1.505483320653904, 1.7592753070581757, 1.145758857183657, -0.29523899394985437, -2.423305179559112, -5.133295190824885, -8.479955273697035, -12.607798127100809, -17.417318743033096, -22.238197648538733, -25.92979485286532, -27.318445269805874, -25.416762305892394, -19.467956658386846, -9.47629109644979, 3.027691679382637, 15.268000491830476, 24.786862339640077, 30.668031613420368, 33.2618406935105, 33.31743078385236, 31.58734047724202, 28.784227340190096, 25.473641999864217, 21.964282503552152, 18.41106896118911, 15.015181844723106, 12.046940358527277, 9.690562182375793, 7.932788914077275, 6.604574017009379, 5.491658758069025, 4.391941190589734, 3.093351935645364, 1.34643077669473, -1.084664588362299, -4.289316320734492, -8.081080637788247, -11.975834202534381, -15.320098577449352, -17.51627826134568, -18.22175413524897, -17.410219891017746, -15.284795192765227, -12.143062189433538, -8.306499488324091, -4.134668409066248, -0.056496170232097895, 3.446336218000637, 5.9057491941802125, 6.949235020983313, 6.380172161564393, 4.242872999798075, 0.820225959073183, -3.46951945562038, -8.183012933030959, -12.811298183137279, -16.612052161238935, -18.57102515461643, -17.62521737110259, -13.048040201519086, -5.0463443580615674, 4.618076644074788, 12.884525523735258, 16.90998608324608, 15.592999516115997, 9.739405061417749, 1.2886343563880658, -7.302045804546648, -13.591286703202881, -16.064864477496606, -14.844164415128583, -11.42820969402897
-8.164795775980233, -5.485602867434489, -3.892644036994377, -2.5418845117205127, -0.7766886153468242, 1.4018207210863076, 3.5494387229794677, 5.210445542624393, 6.161829490275887, 6.408914456837193, 6.066402962539894, 5.240479454669846, 3.963330703285886, 2.2148656730171754, 0.043779567022225345, -2.297057481399424, -4.373669288038921, -5.806127357388323, -6.504819918659814, -6.660050040514819, -6.509878848155663, -6.132529101611437, -5.436912528215606, -4.308282697242362, -2.762763606554091, -1.0155574525368087, 0.550111902789807, 1.4912844677307489, 1.4672392351761179, 0.402092144397487, -1.464557492668711, -3.7333583720799997, -6.158987672314671, -8.904355125117322, -12.44712190072718, -17.016360820643026, -21.94887103891207, -25.724646777794597, -26.730784084262115, -23.84867477377947, -16.586641621261037, -5.451661021672321, 7.579570936636448, 19.629989151423157, 28.479043987946277, 33.47039755156293, 35.086395355231936, 34.22735708647234, 31.8939574883113, 28.997346295894115, 26.07162389716567, 23.148731727719976, 20.03514230656752, 16.730984963370457, 13.535489412178462, 10.804999408048513, 8.703524398798724, 7.162819462537839, 5.991420855433243, 4.977155366661299, 3.9051698251617553, 2.530325025601057, 0.5931708996652757, -2.0784305206067253, -5.430675830828693, -9.107546357609829, -12.510844711917171, -14.992108347893275, -16.08561697834486, -15.65199983403658, -13.856616800482517, -11.030326655387862, -7.540220671928959, -3.754222781185077, -0.07334401508901628, 3.0502920441815644, 5.158581950990397, 5.886649922424583, 5.07232412561586, 2.811576610641128, -0.599555316534366, -4.812902525729516, -9.505609094353035, -14.214503311185215, -18.031205063234946, -19.603196591907306, -17.65907964232374, -11.656836533795728, -2.2822490891410805, 8.240746560725789, 16.659345803702898, 20.303807110038104, 18.412423548760707, 11.96467292215381, 2.8520918979464094, -6.515476167576828, -13.550932203569202, -16.48968588867276, -15.371296731248151, -11.868929625031015
-8.461199943876386, -5.802397924757132, -4.251797723944467, -2.9037791557338157, -1.0701238080267552, 1.2181978068689225, 3.4498706496397897, 5.102101679853759, 5.908212723498031, 5.891011099932647, 5.2789940309496775, 4.351601340429445, 3.2514622534548296, 1.886263716525621, 0.0587088028353806, -2.220428375121931, -4.549800710054777, -6.351451812732314, -7.285487294969035, -7.422574403817332, -7.055799846322128, -6.411391880837588, -5.512671102103948, -4.245078836413129, -2.5472946441282325, -0.609620546499256, 1.0658230297073017, 1.833121401532909, 1.238515730590631, -0.6805622159662658, -3.3591113039096965, -6.015205760369727, -8.174433811329068, -10.08730158582789, -12.642979306525909, -16.56274339923547, -21.337052711418448, -25.086944016005067, -25.69409615488915, -21.883658959766443, -13.467277183794408, -1.454674345497146, 11.817843770753623, 23.455013679303043, 31.45564004058902, 35.360953662769035, 35.794060087559025, 33.87476332603693, 30.900015959396182, 27.991431370539985, 25.654124305765595, 23.630239121311067, 21.320914278902734, 18.43312031219794, 15.217501245285323, 12.179288097439839, 9.691031189970316, 7.842152879736121, 6.511216952884116, 5.494075711383411, 4.568996098289003, 3.492230929345584, 1.995683567923945, -0.14808865780523783, -3.0011540610445584, -6.351342119249604, -9.704188724408892, -12.412743347873702, -13.90385196879735, -13.88725451964531, -12.427499109033219, -9.851801310991101, -6.590044344295064, -3.07264441673643, 0.27863734090346126, 3.03372841891156, 4.786521131279701, 5.242921358671159, 4.307708239741718, 2.100733546402007, -1.130823600023978, -5.15345831804917, -9.778719453904513, -14.60746500301927, -18.58876412435159, -19.9844838250585, -17.194281797095737, -9.81443974463774, 0.9011519931370614, 12.190567038814622, 20.648788084835665, 23.83928661070398, 21.347706808848145, 14.348556357062561, 4.702631513863984, -5.3111650574341125, -13.077170848056106, -16.589329581882264, -15.710520374181405, -12.202441063796067
-8.624448144448364, -6.100665223881636, -4.655514548794234, -3.3156665852249936, -1.3361451212859765, 1.2057289263270914, 3.6502220158925347, 5.307313192408092, 5.816006410201243, 5.247869661924904, 4.038687047147201, 2.7581771802576074, 1.7650708790947491, 0.9437112901946555, -0.20641872512127862, -2.073736209786274, -4.45005401258552, -6.618268601038706, -7.932935960424656, -8.236185126622226, -7.777789113618888, -6.880154664112004, -5.6751907214424895, -4.06803771805487, -1.9645329124395614, 0.3809912952350826, 2.2349525055547046, 2.6841155114605213, 1.1882673556425973, -2.016811356962004, -5.941179056908463, -9.312123581734514, -11.319643836426488, -12.242668043108587, -13.422098007121077, -16.225366104003626, -20.48630484354071, -24.05506362920278, -24.27008814932076, -19.644460559887634, -10.28022127402462, 2.3389573782883053, 15.597931874817931, 26.637395693975513, 33.64621678579991, 36.324775158680694, 35.45539200842616, 32.40683913666043, 28.764222726380286, 25.84441119948424, 24.15001824756563, 23.187631694478117, 21.967676296739747, 19.840745584955897, 16.905214487241924, 13.737809327020223, 10.90413298115659, 8.68950585493351, 7.099622315458747, 5.9790089449212465, 5.110815920639138, 4.250235256300866, 3.1270890122207002, 1.48248713416231, -0.8352045116026697, -3.7553532872346764, -6.9252228874671236, -9.765006839431422, -11.645630259610975, -12.121691848810022, -11.09530120493478, -8.817010850948833, -5.747821789991949, -2.4012988411278204, 0.7422153590844287, 3.2599969688098698, 4.809010963841228, 5.165640063249054, 4.2598114045644175, 2.176854762416248, -0.896687754044503, -4.7751909322363275, -9.307620636193912, -14.14293925119931, -18.209042387578105, -19.507067513922134, -16.066749836883808, -7.502784281580642, 4.380686705243141, 16.242203584129847, 24.542120576293577, 27.120225184302193, 23.96310459823775, 16.5332217937954, 6.679230840903454, -3.6083422853670077, -11.893714066658314, -16.002485391754075, -15.541384289173967, -12.236137462477467
-8.62895224821057, -6.432397516521574, -5.164397165227949, -3.7728802239669297, -1.4740570230338905, 1.5338048349509628, 4.32911069975185, 5.968414591879239, 5.986260579810279, 4.552306981506608, 2.3766493394208372, 0.40332594906754843, -0.6740020756932141, -0.8796330841840291, -1.0031531307530839, -1.976048091663899, -4.0115180402148685, -6.412425016912584, -8.232864909986729, -8.961014951456866, -8.630036788416174, -7.532598391582304, -5.882015736061703, -3.6576125517114266, -0.8319006819668127, 2.1568610226151623, 4.250668425215592, 4.2584725890277735, 1.6076368254620064, -3.223321150296733, -8.793753618198402, -13.269920266235987, -15.379825748818705, -15.320767931544133, -14.867629023824211, -16.141216371172774, -19.512664813518906, -22.712919020106828, -22.554517538995277, -17.271650790962482, -7.193641771374004, 5.777001286808288, 18.813425543690688, 29.12318662160077, 35.05922375053108, 36.464660097398024, 34.29706035802756, 30.165954243301623, 25.887026019693987, 22.918646951624904, 21.78133206764084, 21.845250300308656, 21.8270209847616, 20.72616139962073, 18.39755859606257, 15.372282509970086, 12.335152454924406, 9.762100140696802, 7.8314427995132565, 6.49264768514426, 5.5684822777558525, 4.822373342046115, 3.9854303327361738, 2.7840323619630123, 1.0063706129567036, -1.3981638816366149, -4.234528861715539, -7.051405793988529, -9.244082718471827, -10.258294007006453, -9.807717060761185, -7.982620417081645, -5.190826804512953, -1.9905286982748895, 1.0706008560117934, 3.543379569799805, 5.095455702781517, 5.497087931555664, 4.626042344634236, 2.512179773496576, -0.6483374067723802, -4.576724438477289, -9.00516551363957, -13.567659747959114, -17.320868237791238, -18.298979043176725, -14.294434184915913, -4.809721955954095, 7.957864209354476, 20.126279183109155, 28.02813925612852, 29.81236040229018, 25.944785849853655, 18.275548486845455, 8.639532133697843, -1.4292967785303294, -9.899391895200521, -14.54042796366655, -14.664318528000305, -11.841310518553987
-8.505883575914662, -6.827661279092673, -5.771267792353962, -4.179986268546279, -1.296385213843363, 2.4303459943920616, 5.705143361991494, 7.306649063903107, 6.7090303659444315, 4.205774053780035, 0.754376478414246, -2.3261350045327776, -3.8858822705725493, -3.647880299014237, -2.54762583789765, -2.125715459202601, -3.275485941655653, -5.592389247958256, -7.945020339417107, -9.374642820808882, -9.46789651530692, -8.276484100356782, -6.031750977164001, -2.875233966515026, 1.0004895375951597, 4.844040869751489, 7.233685008945487, 6.757528043205945, 2.8736141707045983, -3.720699187353265, -11.204629015463636, -17.172132703406543, -19.760875794179338, -18.93532739851925, -16.82401816950713, -16.331020456126456, -18.511661990212755, -21.163407381156734, -20.65882452926208, -14.903898495270397, -4.356609891293479, 8.739424052248461, 21.397373847086488, 30.905129903372593, 35.76314588707579, 35.95661107168603, 32.625337531227395, 27.581336263514924, 22.778634576988217, 19.727830954604247, 18.960862646790993, 19.82083875565613, 20.891438977354305, 20.9139030737766, 19.46333713018225, 16.90283934205553, 13.91218362201702, 11.091245112662477, 8.79599627914423, 7.13136728865655, 6.01369946530612, 5.245735046340212, 4.57147381451951, 3.7150883953948903, 2.431494376190717, 0.5820995733187797, -1.7827111050609694, -4.3745454316393575, -6.696583964288793, -8.178117287213965, -8.383656295915324, -7.1968021620441185, -4.869782735382784, -1.913831507473522, 1.0859909631500047, 3.6124219263969812, 5.253505272249521, 5.6830936957396645, 4.696698553840072, 2.3193329021615505, -1.1627206537455006, -5.314004260056201, -9.664500594510242, -13.708728135750512, -16.6378513971814, -16.813588523322878, -12.11929025011885, -1.9363896957789564, 11.385702759972132, 23.576559259979177, 30.86533766286797, 31.724903512459143, 27.152926664980825, 19.444153830191013, 10.416407458738169, 1.0350360021896041, -7.261821724805855, -12.316113050568243, -13.138906890095063, -11.05088310551369
-8.318763867968393, -7.252680153220037, -6.356166089680201, -4.3364345922841405, -0.5615562259187281, 4.120074524642815, 7.980961314564334, 9.584284496785918, 8.418249714729034, 4.863544119726621, -0.015734521136235174, -4.628002664472128, -7.278623542888531, -7.107455457922538, -4.903760275726747, -2.7402274405521947, -2.404324410258288, -4.135213582284411, -6.865719782610969, -9.192921829204606, -10.027193977068903, -8.902139773223425, -5.955772235954037, -1.5940993393083736, 3.5832907416136934, 8.398278113015982, 11.094669323804577, 10.158540580591294, 5.151038769125809, -3.0804808775260737, -12.494271121730836, -20.19607680552143, -23.65471878887338, -22.44252684278797, -18.905252423449664, -16.66321959978258, -17.51129573451969, -19.491790981704227, -18.685131932103346, -12.658814195444874, -1.8864399042126883, 11.14195607992339, 23.318601552786497, 32.01293424921011, 35.86573570653772, 35.009192347464115, 30.754301214576866, 25.0541975345047, 19.89911455250574, 16.752409529773118, 16.12402346374842, 17.414387453094218, 19.252616100904355, 20.284376741245776, 19.84920362189511, 18.060354634772235, 15.451978012299476, 12.625078211419003, 10.056056899079152, 8.018496188234609, 6.574186295266298, 5.615952208971993, 4.931224065862395, 4.259987666586294, 3.347758680296128, 2.0057548249302837, 0.17819043388413644, -2.000965053001238, -4.192276246377903, -5.910928605973958, -6.6754570273601965, -6.199857267965126, -4.528839564667222, -2.0318232849689912, 0.7320795582916645, 3.1729333265794595, 4.760537960330753, 5.073420504932452, 3.89765093298265, 1.3236572948458742, -2.3261325734091063, -6.6325509363364885, -11.01376878056559, -14.651028455663964, -16.590458672420176, -15.557065643175342, -9.91424264948393, 0.8564223571836997, 14.429235906852293, 26.384431060780265, 32.91817913019904, 32.81640402666734, 27.595441900774077, 19.994140074013792, 11.83704510742471, 3.5008591630976778, -4.310421422461907, -9.651609767964967, -11.233941614372316, -10.037905521196716
-8.096723902240498, -7.572373458183085, -6.67925637160328, -3.978841451531358, 0.9358478778143536, 6.708594133270844, 11.198839886504011, 12.871321356611498, 11.296166565568088, 6.8790131187476184, 0.6203059746254916, -5.799981964683381, -10.169746962639666, -10.805687233437137, -7.967137833907696, -4.0052917375524535, -1.6711557197669389, -2.1830394230075068, -4.896266734800919, -8.115094313142079, -9.932971587979802, -9.080381555203648, -5.43789123981384, 0.25067927548632274, 6.799543240044239, 12.524955186306721, 15.426589845378077, 14.056459643139384, 8.18263252311868, -1.262123959494428, -12.250017037202632, -21.62785777826578, -26.22878270066224, -25.093296154345794, -20.590035560774222, -16.881968944337018, -16.45093217101025, -17.729161935041205, -16.697333821970183, -10.616860536421143, 0.13653031892900774, 12.932820668875646, 24.573475153942866, 32.50202380100656, 35.49636442319533, 33.830051020231544, 28.944046137962875, 22.85946324257608, 17.52527593874648, 14.285129227109671, 13.580303705578494, 14.901794123336431, 17.063535878727965, 18.7992305368513, 19.331623587508652, 18.519548354062024, 16.646118315777578, 14.170619189884404, 11.57423312377399, 9.250024022474317, 7.420936691800518, 6.118085363792566, 5.219084011329768, 4.5120111238390885, 3.75945908928791, 2.7582178128767607, 1.3957522914586893, -0.3015784310005019, -2.1415949579608675, -3.7817009840722986, -4.809078271591172, -4.884801410902618, -3.900521794874081, -2.0609133301323155, 0.16247319299492674, 2.175289899583699, 3.425105920805799, 3.5462618919844546, 2.458323751372262, 0.2983849359415236, -2.8416962965143098, -6.947939819846554, -11.559542463014225, -15.394139548422755, -16.871356984335826, -14.72882615200185, -8.002252157145708, 3.33051567960656, 16.928270349723856, 28.446086156483688, 34.16874432289981, 33.164267568226855, 27.37735877327584, 19.940485478488746, 12.75181067288989, 5.68231136145535, -1.38689908648535, -6.893047367464387, -9.257356411480064, -8.999481587569782
-7.804438077521383, -7.5780246456931, -6.452243236037554, -2.889355924431922, 3.2367802146391615, 10.044990128667747, 15.060805716980559, 16.759526363054235, 14.854282894941472, 9.789854111985347, 2.4218527158547376, -5.720574734677719, -12.14242944598318, -14.282423029572342, -11.505607671655651, -6.035963361096516, -1.437255205541082, -0.10264210554594798, -2.1862590272770506, -5.997152983815372, -8.847132889771926, -8.470604873995548, -4.29867617674276, 2.5967091518557597, 10.335214771045395, 16.702638716249986, 19.582234425957314, 17.77748564230747, 11.39761156960087, 1.4378449799492834, -10.35904644350096, -20.96747172930867, -26.77773242553986, -26.20054325617338, -21.365284227323972, -16.69396736613778, -15.207323430502527, -15.839124989876737, -14.696052889936395, -8.80473372324884, 1.6696049803123747, 14.079545098232137, 25.164634656856794, 32.42708610245467, 34.7699620441834, 32.571363289734094, 27.326297295120607, 21.062362559306482, 15.668528046545942, 12.349989740749644, 11.43222576981199, 12.467933731582658, 14.513712073314656, 16.53730926879212, 17.800661212749436, 17.988788688676845, 17.109134414974037, 15.372923041611083, 13.130433048714202, 10.78626476633755, 8.677843553550787, 6.985091655803338, 5.715167646872183, 4.745409561713515, 3.888837558024472, 2.9602571972606557, 1.8339994670657993, 0.48748684650189283, -0.9758462934554063, -2.3324604908693605, -3.2848414307152187, -3.556157058807563, -3.0181172712619517, -1.7959598080521861, -0.2716744368477052, 1.0574011269504533, 1.8110867375326525, 1.8996789677871497, 1.4676637935776802, 0.5398967743462506, -1.353711829777065, -4.899352481060447, -9.919645023770398, -14.677603779053477, -16.667498177828136, -14.110614311496647, -6.517657107623238, 5.327492259809001, 18.817148423814423, 29.775666138846464, 34.711062765827926, 32.930056968960024, 26.655078811048586, 19.33343687012696, 13.04455503390411, 7.330674294314977, 1.229303510694109, -4.286935335082919, -7.412390682486851, -8.055620493659701
-7.410650962169316, -7.124184988364196, -5.499813955514859, -1.0396114948358897, 6.114316928761172, 13.661591041924424, 18.906780205597666, 20.401090867415146, 18.073521927558627, 12.545740626947596, 4.576954294446145, -4.714708748047163, -13.002072975166335, -17.05580416602878, -15.110404832817082, -8.78289751948187, -2.076157248490863, 1.4775349864364182, 0.6655731320496936, -3.1708916611068227, -6.796260635416773, -6.970704672757253, -2.544157465533616, 5.199072986239554, 13.718875397113251, 20.325645306033916, 22.910197419628776, 20.661476446691363, 14.150401288902026, 4.484911533141481, -7.077719848780376, -18.109780558988316, -24.94092876241206, -25.348931716872627, -20.911561519090974, -15.924275256078635, -13.717233697356006, -13.796805511730753, -12.646927203713858, -7.189688716748555, 2.714945955065316, 14.555891091759436, 25.066774049152162, 31.792513216811034, 33.72049888343634, 31.247587565838522, 25.82841091119371, 19.4788055189648, 14.078329091834426, 10.723880458079858, 9.582121560867257, 10.18780918192645, 11.807968084937919, 13.710767971707345, 15.336050644543437, 16.330816055098275, 16.496279568651804, 15.774915740802195, 14.290326686760451, 12.333475727816918, 10.253986033589614, 8.330521119624736, 6.698843042479447, 5.351651983411407, 4.184085406675282, 3.0569910520844767, 1.85983755678574, 0.5612851784974362, -0.7623541212753171, -1.9306875716817613, -2.7050735858723005, -2.8792093965596885, -2.3935720946097785, -1.4191564951728501, -0.32913731326328804, 0.4991610177504368, 0.966150018859107, 1.3362370819529128, 1.8986901790186093, 2.370403969528991, 1.6543322666333822, -1.4404594461278282, -6.855406071868918, -12.622790495308397, -15.629649498794128, -13.390290109852916, -5.415031504322834, 6.779902682452993, 20.087134023066955, 30.453671567849526, 34.69222656230845, 32.28338999204943, 25.560959500245694, 18.215619362559515, 12.62788774023357, 8.23991147045228, 3.31636322379551, -1.9732333216811235, -5.767772036073878, -7.243402666569078
-6.978104720792162, -6.291499138666539, -3.92992286409588, 1.3125546013305598, 9.078141782023435, 16.87316198707604, 21.928911476205148, 22.89806908860651, 19.99041500296563, 14.193593518604512, 6.309206919805777, -3.146576121022758, -12.55516411398947, -18.495333117061225, -18.074205031270566, -11.86810775009183, -3.7886717230893154, 1.7892630477077618, 2.5834340712903807, -0.6385329806819112, -4.451259026862289, -4.957161633488757, -0.48787967176612146, 7.631234579052269, 16.416002135128295, 22.856214909874765, 24.92818176653156, 22.227071281841603, 15.848186926499373, 7.146102063489314, -3.123952810095753, -13.539158110075352, -20.917995063826424, -22.58260702664636, -19.27310355108156, -14.702300432612589, -12.192300417545084, -11.804577832227539, -10.641947462082156, -5.754562252055931, 3.3075093596365415, 14.343782324271698, 24.21326958130451, 30.51364549026848, 32.23198243297834, 29.65582565263909, 24.133307133413158, 17.71361747756523, 12.348713464203568, 9.060981517767111, 7.8183209186534866, 8.045378918979306, 9.131707414174826, 10.626218737273538, 12.219661685737728, 13.653626021680763, 14.654261891103843, 14.971021340633328, 14.493263280378107, 13.317674267955162, 11.694502869911025, 9.904941763895913, 8.15797552519254, 6.546765623261106, 5.05816944229534, 3.6150251690626223, 2.1334096132578586, 0.5818496848475011, -0.9690634451251077, -2.3252087887056994, -3.2062058345930433, -3.3625905979876545, -2.738552583424936, -1.574902422196006, -0.3292185900380662, 0.6225920782368268, 1.3135941982005253, 2.142279258452938, 3.2941314635984718, 4.122747636750755, 3.2859696750814513, -0.17414409601372913, -5.771601449006847, -11.561546631278743, -14.742188472071692, -12.694349676024101, -4.631059071938699, 7.678216980647883, 20.718063620782658, 30.511932592473244, 34.16243516853309, 31.231008235050016, 24.058470696710224, 16.545997941490015, 11.433754425892445, 8.256415643512941, 4.68166728851994, -0.05022521740763164, -4.309462021894156, -6.556461291937561
-6.5840861938314905, -5.352811731784461, -2.133560904577971, 3.6776053369437975, 11.51905679422553, 18.9758352317205, 23.396623232512187, 23.56611498898049, 20.006914460352192, 14.189418097868556, 7.100658134331121, -1.3612169889752042, -10.688892155497767, -17.925849257057536, -19.418426283442834, -14.482775607717501, -6.352780451392073, 0.3076527716477504, 2.460902366982302, 0.31084714874247155, -2.899571595534526, -3.181664609764136, 1.3319271875194656, 9.401014972760924, 17.939811129594837, 23.857322320289153, 25.258528085190733, 22.089480523389863, 15.962169653412692, 8.610014054593162, 0.4456421685770785, -8.286544398721995, -15.463000394626889, -18.365667693078297, -16.781505619393624, -13.39329828427503, -11.102901147883093, -10.361562214629759, -9.04340549884036, -4.642125159585325, 3.443721523659099, 13.442479665838631, 22.534273955153576, 28.42012608177189, 29.985880167006925, 27.31810005814888, 21.691320755508897, 15.267705626323739, 10.08708511806233, 7.064466643777143, 5.935343304769716, 5.9679474748864, 6.597270550238652, 7.579752517133979, 8.844669998356144, 10.298646243398279, 11.720124213662386, 12.797545416174643, 13.269700662302663, 13.04579824372656, 12.216294367741355, 10.973317058710778, 9.5137762362538, 7.974209188131313, 6.407292145523692, 4.792354139367931, 3.07050424215237, 1.1987156247118083, -0.7808738817884445, -2.674023443758695, -4.122810018181076, -4.719176591798893, -4.240605928969175, -2.857351083314418, -1.0936540154254417, 0.5183619514640873, 1.8115205369466516, 2.9052522065860766, 3.6196782393037985, 3.0914147075718525, 0.33448631830424647, -4.5647221313254285, -10.084823014668116, -14.351946876638838, -15.766960587556706, -12.665345014045124, -4.233966068513023, 8.015676094398584, 20.6297678915136, 29.809724738666585, 32.86733266009062, 29.394512432272656, 21.790447885751394, 14.142495727212061, 9.425317894829698, 7.315539577305381, 5.160179216386627, 1.3597790514687216, -2.9962303466350044, -5.911774474410821
-6.0546199571765165, -4.437049794138934, -0.5188043836762487, 5.518795427525742, 12.839686942420789, 19.299924517614567, 22.599459115594787, 21.7869911828463, 17.715583334871354, 12.259654953652646, 6.586821953701648, 0.14255586482001523, -7.699618215349998, -15.037482900088978, -18.210936843227337, -15.471242616270166, -8.879229925741882, -2.6151782754413673, 0.13792259740800952, -0.7984443080862272, -2.7087887504641186, -2.1463019074484286, 2.511548943344553, 10.135252028275954, 17.86781694864067, 22.822717270371655, 23.350134072922696, 19.7427466115523, 14.01773582600689, 8.21310143534865, 2.573222592140854, -3.651248109086022, -9.679686428289367, -13.313474466477501, -13.611437118302923, -11.978451990831005, -10.474346999550034, -9.634539654801216, -8.080853900634066, -3.9951505660425366, 3.12061867781871, 11.896438266167825, 19.962527192758785, 25.187873038058914, 26.358363613183258, 23.453738211702696, 17.817116746767372, 11.710286664413273, 7.089233074940107, 4.626144089675109, 3.8263997126635294, 3.8578462566225586, 4.1964414812744035, 4.729778478180012, 5.545944401590864, 6.698598514470581, 8.080862729419119, 9.43852112779485, 10.485712086034306, 11.029804874465421, 11.023375302126555, 10.535221068301155, 9.685769775708042, 8.588376135680171, 7.312297265318966, 5.868246920415153, 4.2153167783455725, 2.2929110240181667, 0.08732727030529637, -2.2688469574109944, -4.416307040704844, -5.817306787257075, -6.002565471888953, -4.896410721489815, -2.932719667033863, -0.801841584797551, 0.9241279880983521, 1.8194724414459775, 1.2632460914302162, -1.6035536369178331, -7.068055676898194, -13.760642123632596, -18.98392336200361, -20.814742748178706, -19.017488840246553, -13.557362842043915, -4.2105094190142145, 7.856450048096398, 19.70635638814357, 27.923570946417463, 30.05353293262683, 25.90102523217907, 18.110039414478084, 10.768972959117741, 6.6694137005529, 5.499332380215525, 4.648472657699812, 2.071656500226866, -1.8276804525103798, -5.083541902508796
-4.975798144359802, -3.352382899290177, 0.6308203046125175, 6.175775286858104, 12.173482100672139, 16.867099419090515, 18.585800155655452, 16.876188858008124, 12.85013474364583, 8.3994813367279, 4.604138245405805, 0.7255574999222391, -4.513060302853959, -10.409580544953098, -14.168456044790888, -13.682757745955543, -9.713738579468632, -5.198784265819563, -2.7421928954545733, -2.687159367887193, -3.127414425269028, -1.6197215819098238, 2.8949270150206314, 9.386766677279224, 15.481282352095107, 18.839691955755608, 18.33153580129079, 14.624655197470984, 9.796162901550646, 5.752333278486111, 2.6067774776340773, -0.8479652430168316, -4.887007199895445, -8.212557027161512, -9.714977529006049, -9.720253710306178, -9.26608682326984, -8.673443305573654, -7.118708532403403, -3.488848652393717, 2.450700992199645, 9.605412521353133, 16.061392506452723, 19.980949702833186, 20.2980050941955, 17.165308839419534, 12.037737248332496, 6.982686145774995, 3.5039305902549223, 1.887528985618374, 1.5164299178167442, 1.6305565259724548, 1.820008780447274, 2.0529314508619545, 2.4710692437356485, 3.19205490827178, 4.204848915684953, 5.3638729772261025, 6.4578917169338, 7.300777763148313, 7.787994932470392, 7.9003440151540145, 7.674678229312833, 7.1675995944349085, 6.425217679659567, 5.462036060864566, 4.2504319008639735, 2.7274172272980284, 0.835184174813806, -1.3889498303003358, -3.698432541653869, -5.6016300445345495, -6.525993578102515, -6.154473865132523, -4.683131058769211, -2.7585772491779537, -1.1916302006337673, -0.7977213155036429, -2.435730286164974, -6.8203770709800144, -13.739779516879082, -21.173622237933373, -25.882251906381406, -25.846528487290474, -21.4930758089711, -13.998579728930267, -4.025862780784936, 7.247686776652878, 17.43404762208428, 23.739485166343457, 24.3324225915743, 19.644765837961522, 12.519892952335699, 6.464113734183269, 3.4689272498689157, 3.0799982594051154, 3.1593899360969955, 1.842512390257487, -0.9884312131729172, -3.890546814741433
-3.449529646453399, -2.2672734401990806, 0.6551262011538302, 4.4560993710032495, 8.115827048712884, 10.489844707471862, 10.741627003530391, 8.924110459919572, 6.024291353472278, 3.3414994078112104, 1.51801656818842, -0.0483730099936264, -2.475657186021777, -5.797083520558913, -8.543848327718436, -9.17852176233366, -7.643247523048785, -5.364921816996884, -3.858279871065394, -3.4183876714074652, -3.0408113822376737, -1.4282239346009369, 1.8771886091961518, 6.074002522171113, 9.584957398168424, 11.007570717034561, 9.912885314107156, 7.078854932049815, 4.006531230112689, 1.890161305233398, 0.7038594153516292, -0.5365809059995313, -2.402812961567894, -4.408011802661847, -5.820035853327249, -6.488256742770334, -6.691703329248957, -6.4765278462998515, -5.386183589054038, -2.867598750845182, 1.0907774755727562, 5.681250812743653, 9.577151540686573, 11.551000748358614, 11.034899023046831, 8.418317926939235, 4.897193546751014, 1.8141540723442793, -0.06717849175101094, -0.781463216565976, -0.8262700032025405, -0.6845901477378699, -0.5784080642210883, -0.49699875983002895, -0.3332995715387968, 0.005138734353975225, 0.5413558321267813, 1.2206910902752244, 1.938300809346552, 2.5835940994644293, 3.0753900613080996, 3.3735261504135985, 3.471544055954314, 3.381895513880974, 3.1207567547992823, 2.694476300093, 2.0883824219159286, 1.2616657756186487, 0.16003356460859056, -1.2360801604385068, -2.8273737620957227, -4.330117222347657, -5.330232916352501, -5.496712202904098, -4.824708950720821, -3.7033586304028523, -2.774554762124226, -2.7597063196739864, -4.357096867437233, -8.04788790722942, -13.58706264128421, -19.394081913370147, -22.91286851991295, -22.409320760599194, -18.1403529981037, -11.355449879425569, -3.149679031073334, 5.212361875047877, 11.934907168394254, 15.256045001610582, 14.438050682521093, 10.463003571322528, 5.60181659276019, 1.9677499055847285, 0.43243095147088795, 0.511923198501076, 0.9246635691095905, 0.5354293751801227, -0.9089378982016676, -2.690302678683559
-2.4935130321094396, -2.073224672516911, -1.0757337367985018, 0.13661684349681497, 1.1694735173466193, 1.675627162976824, 1.4802108066727047, 0.70519364624916, -0.2781218213107653, -1.062842885957931, -1.481890760449846, -1.7673013272442013, -2.329558097059181, -3.2667697541302156, -4.182293405315657, -4.559750202226726, -4.273108767599657, -3.680612637612744, -3.2283339293538424, -3.0190699089536785, -2.7692821624026234, -2.1218187179552563, -0.9984562630811071, 0.2856007052824346, 1.2134647412152222, 1.3976746132719555, 0.8126955309024271, -0.20285326850355886, -1.1543491856693495, -1.6985133346696184, -1.8870907733108988, -2.0761665623538024, -2.509324262690485, -3.0938453148649336, -3.6060152067410973, -3.941595556776628, -4.112899059184668, -4.088287930141023, -3.7194566603306605, -2.8605625766397087, -1.5623013492766713, -0.14418395899097405, 0.9350036894078404, 1.3065347481364147, 0.8716492903975213, -0.14579398627742848, -1.3120017413109188, -2.223710551521029, -2.7074443204411955, -2.8343473044488605, -2.785035840434498, -2.706308151543979, -2.654794505749521, -2.619033327105269, -2.563167171008483, -2.456869421508391, -2.2889067556776577, -2.0701716323046195, -1.8281073246695863, -1.5954157025108031, -1.3994855255416845, -1.2573790774164468, -1.1762302276331793, -1.1563550684421384, -1.195095813370487, -1.2907805756944175, -1.4467170805098228, -1.6744368535288123, -1.9927358180780939, -2.4157021058081987, -2.92574883807884, -3.4445701123544876, -3.8369443860408197, -3.9740572115275827, -3.826193062863104, -3.5087872019160344, -3.2465613397204636, -3.3025072898439682, -3.923378352747993, -5.275980712725183, -7.2881121747730315, -9.408730347656247, -10.66646701395822, -10.319058828693558, -8.403184881602117, -5.491796941492594, -2.2244247931486703, 0.7611169853485431, 2.8237584759168097, 3.5157196007132963, 2.831273963599265, 1.298165594634009, -0.2900422857676918, -1.3416021084234906, -1.7000335951961258, -1.5750366008637133, -1.3544109771915336, -1.372385076741642, -1.7353023868575788, -2.262872991767134
