-7.19, -7.637, -7.92, -8.234, -8.625, -8.914, -9.15, -9.29, -9.32, -9.22, -8.79, -8.12, -7.473, -7.156, -7.145, -7.336, -7.633, -7.996, -8.266, -8.47, -8.46, -8.37, -8.234, -8.08, -8.01, -8.055, -8.33, -8.67, -8.87, -8.69, -8.03, -7.305, -6.8, -6.574, -6.54, -6.61, -6.805, -6.95, -7.215, -7.54, -7.79, -8.09, -8.445, -8.8, -9.195, -9.586, -9.94, -10.13, -9.94, -9.38, -8.68, -8.234, -8.26, -8.93, -10.03, -11.24, -12.305, -12.94, -12.984, -12.5, -11.445, -10.23, -9.04, -8.28, -7.844, -7.574, -7.44, -7.418, -7.566, -7.77, -8.04, -8.33, -8.54, -8.76, -8.875, -8.98, -9.12, -9.25, -9.39, -9.56, -9.67, -9.77, -9.77, -9.65, -9.484, -9.33, -9.15, -9.08, -9.05, -9.04, -8.92, -8.65, -8.336, -7.977, -7.664, -7.27, -6.79, -6.375, -6.28, -6.65
-2.693, -4.023, -5.066, -6.2, -7.383, -8.336, -9.02, -9.52, -9.81, -9.46, -8.06, -5.87, -3.678, -2.355, -2.137, -2.729, -3.816, -5.074, -6.152, -6.81, -6.926, -6.633, -6.06, -5.49, -5.15, -5.332, -6.293, -7.59, -8.4, -7.875, -5.85, -3.365, -1.458, -0.6055, -0.4424, -0.6333, -1.115, -1.84, -2.758, -3.846, -4.96, -6.098, -7.35, -8.66, -10.01, -11.25, -12.195, -12.31, -11.414, -9.445, -7.36, -6.156, -6.574, -8.65, -11.79, -15.02, -17.75, -19.53, -19.97, -18.81, -16.02, -12.2, -8.26, -5.28, -3.393, -2.357, -1.838, -1.751, -2.23, -3.066, -4.09, -5.074, -5.797, -6.348, -6.688, -6.992, -7.305, -7.72, -8.13, -8.42, -8.6, -8.51, -8.305, -7.887, -7.395, -6.906, -6.504, -6.324, -6.258, -6.223, -5.895, -5.184, -4.258, -3.344, -2.568, -1.75, -0.6753, 0.247, 0.2399, -0.9976
2.658, 0.4006, -1.767, -4.094, -6.227, -7.742, -8.76, -9.58, -10.164, -9.86, -7.836, -4.07, 0.1234, 3.08, 4.016, 3.246, 1.295, -1.191, -3.498, -5.074, -5.605, -5.176, -4.137, -2.928, -2.158, -2.385, -3.986, -6.344, -8.04, -7.406, -4.055, 0.6304, 4.523, 6.62, 7.277, 7.113, 6.168, 4.6, 2.525, 0.171, -2.256, -4.7, -7.145, -9.56, -11.74, -13.516, -14.586, -14.29, -12.25, -8.62, -4.91, -3.025, -3.988, -7.414, -12.06, -16.83, -20.83, -23.6, -24.9, -24.0, -20.7, -15.03, -8.31, -2.406, 1.763, 4.22, 5.37, 5.527, 4.645, 2.857, 0.8496, -1.07, -2.572, -3.598, -4.258, -4.734, -5.176, -5.69, -6.24, -6.625, -6.754, -6.52, -5.973, -5.24, -4.516, -3.926, -3.613, -3.635, -3.852, -3.91, -3.402, -2.146, -0.495, 1.023, 2.168, 3.297, 4.785, 6.203, 6.457, 5.0
7.51, 4.57, 1.276, -2.113, -4.92, -6.684, -7.637, -8.5, -9.51, -9.74, -7.75, -2.996, 3.035, 7.94, 10.1, 9.6, 7.117, 3.514, -0.1885, -2.998, -4.285, -3.973, -2.533, -0.6235, 0.7725, 0.7646, -1.148, -4.29, -6.902, -6.668, -2.58, 3.95, 9.875, 13.54, 15.03, 14.945, 13.516, 10.84, 7.34, 3.498, -0.4, -4.164, -7.71, -10.91, -13.555, -15.43, -15.984, -14.67, -11.14, -6.06, -1.458, 0.3708, -1.477, -6.023, -11.58, -16.9, -21.28, -24.44, -26.2, -26.16, -23.33, -17.3, -8.97, -0.4453, 6.26, 10.52, 12.67, 12.97, 11.73, 9.21, 6.184, 3.303, 0.8555, -0.8115, -1.889, -2.52, -3.006, -3.469, -3.984, -4.355, -4.324, -3.943, -3.215, -2.385, -1.7, -1.34, -1.454, -1.916, -2.516, -2.69, -1.99, -0.2107, 2.162, 4.336, 5.863, 7.086, 8.62, 10.24, 10.95, 9.9
11.2, 8.07, 4.06, -0.06866, -3.31, -5.098, -5.832, -6.637, -8.0, -8.84, -7.387, -2.43, 4.875, 11.68, 15.58, 16.03, 13.59, 9.27, 4.324, 0.1454, -2.182, -2.31, -0.7324, 1.665, 3.639, 4.035, 2.234, -1.215, -4.465, -4.87, -0.8535, 6.465, 13.94, 19.1, 21.52, 21.53, 19.58, 15.87, 11.08, 5.844, 0.7026, -4.16, -8.56, -12.26, -15.06, -16.66, -16.45, -13.99, -9.24, -3.285, 1.416, 2.568, -0.1486, -5.21, -10.95, -16.33, -20.72, -23.84, -25.56, -25.88, -23.88, -18.56, -9.93, 0.2235, 9.24, 15.59, 19.16, 20.1, 18.83, 15.92, 12.14, 8.18, 4.766, 2.19, 0.5728, -0.2673, -0.746, -1.114, -1.419, -1.598, -1.475, -1.04, -0.3752, 0.2822, 0.612, 0.4993, -0.12006, -1.049, -1.938, -2.252, -1.507, 0.5786, 3.416, 6.09, 7.953, 9.24, 10.6, 12.266, 13.38, 13.1
13.32, 10.59, 6.38, 1.846, -1.635, -3.37, -3.936, -4.617, -6.086, -7.45, -6.715, -2.19, 5.613, 13.93, 19.8, 21.75, 20.08, 15.625, 9.81, 4.45, 0.914, -0.07794, 1.223, 3.736, 6.066, 6.926, 5.62, 2.482, -0.8706, -1.932, 1.209, 8.23, 16.27, 22.39, 25.61, 25.7, 23.19, 18.62, 12.82, 6.62, 0.62, -4.87, -9.625, -13.51, -16.33, -17.66, -16.89, -13.625, -8.17, -2.002, 2.355, 2.973, 0.03888, -4.855, -10.49, -15.78, -20.14, -23.12, -24.62, -24.86, -23.33, -18.94, -10.97, -0.4858, 10.17, 18.64, 23.9, 26.08, 25.45, 22.53, 18.3, 13.53, 9.195, 5.734, 3.387, 2.133, 1.593, 1.407, 1.338, 1.315, 1.513, 1.851, 2.268, 2.492, 2.31, 1.658, 0.5713, -0.738, -1.859, -2.32, -1.704, 0.2678, 3.107, 5.906, 8.0, 9.4, 10.69, 12.19, 13.65, 14.25
13.85, 12.0, 8.05, 3.395, -0.2286, -1.984, -2.436, -2.86, -4.1, -5.684, -5.684, -2.123, 5.31, 14.445, 21.97, 25.75, 25.38, 21.42, 15.336, 9.12, 4.492, 2.467, 3.047, 5.258, 7.55, 8.68, 8.07, 5.797, 3.004, 1.617, 3.66, 9.41, 16.83, 23.1, 26.55, 26.56, 23.7, 18.66, 12.375, 5.766, -0.4736, -6.168, -11.016, -14.91, -17.7, -18.89, -17.95, -14.48, -8.945, -2.98, 1.076, 1.758, -0.539, -4.68, -9.875, -15.02, -19.47, -22.48, -23.92, -23.84, -22.47, -18.9, -12.12, -2.324, 8.88, 18.92, 26.2, 30.0, 30.38, 28.06, 23.89, 18.8, 13.85, 9.6, 6.566, 4.816, 4.047, 3.91, 4.02, 4.16, 4.34, 4.47, 4.477, 4.19, 3.482, 2.307, 0.8213, -0.753, -2.09, -2.766, -2.398, -0.8013, 1.656, 4.305, 6.438, 7.9, 9.1, 10.52, 12.18, 13.62
13.125, 12.24, 8.88, 4.44, 0.7993, -1.038, -1.407, -1.49, -2.271, -3.688, -4.22, -1.839, 4.46, 13.3, 21.77, 27.12, 28.17, 25.33, 19.67, 13.26, 7.88, 4.87, 4.426, 5.844, 7.73, 8.91, 8.9, 7.758, 6.1, 5.05, 6.227, 10.35, 16.16, 21.61, 24.73, 24.62, 21.7, 16.6, 10.33, 3.805, -2.332, -7.867, -12.65, -16.45, -19.19, -20.48, -19.67, -16.42, -11.18, -5.4, -1.221, 0.1451, -1.147, -4.586, -9.36, -14.45, -18.95, -22.14, -23.42, -23.31, -21.86, -18.88, -13.445, -4.953, 5.64, 16.47, 25.2, 30.73, 32.7, 31.56, 28.02, 23.2, 18.2, 13.57, 9.96, 7.652, 6.566, 6.34, 6.516, 6.77, 6.844, 6.703, 6.266, 5.484, 4.28, 2.67, 0.857, -0.9585, -2.482, -3.355, -3.256, -2.012, 0.0922, 2.49, 4.547, 5.996, 7.016, 8.16, 9.83, 11.83
11.75, 11.65, 8.95, 4.938, 1.424, -0.5117, -0.8813, -0.6274, -0.762, -1.638, -2.328, -1.098, 3.547, 11.125, 19.33, 25.48, 28.0, 26.5, 21.92, 16.03, 10.47, 6.773, 5.35, 5.758, 6.867, 7.734, 8.04, 7.832, 7.457, 7.4, 8.46, 11.234, 15.34, 19.31, 21.6, 21.27, 18.39, 13.56, 7.633, 1.409, -4.504, -9.81, -14.445, -18.17, -20.8, -21.94, -21.22, -18.22, -13.336, -7.727, -3.17, -0.923, -1.359, -4.285, -8.82, -13.945, -18.5, -21.69, -23.22, -23.16, -21.77, -19.0, -14.48, -7.715, 1.467, 11.76, 21.28, 28.23, 31.94, 32.47, 30.23, 26.4, 21.86, 17.38, 13.43, 10.66, 9.17, 8.664, 8.695, 8.86, 8.81, 8.43, 7.62, 6.42, 4.832, 2.902, 0.788, -1.285, -2.998, -3.959, -3.922, -2.773, -0.738, 1.603, 3.604, 4.86, 5.535, 6.227, 7.645, 9.84
10.17, 10.555, 8.49, 4.99, 1.694, -0.2966, -0.7705, -0.315, 0.165, 0.1043, -0.2893, 0.2473, 3.188, 8.81, 15.77, 21.88, 25.19, 25.11, 21.86, 17.02, 11.914, 7.96, 5.824, 5.312, 5.535, 5.816, 5.97, 6.164, 6.746, 7.87, 9.586, 11.95, 14.83, 17.47, 18.84, 18.23, 15.38, 10.88, 5.223, -0.812, -6.574, -11.76, -16.25, -19.81, -22.33, -23.28, -22.38, -19.27, -14.31, -8.586, -3.656, -0.8696, -0.992, -3.936, -8.61, -13.65, -18.08, -21.31, -23.12, -23.36, -22.06, -19.53, -15.65, -10.055, -2.602, 6.438, 15.586, 23.36, 28.56, 30.86, 30.42, 28.05, 24.48, 20.5, 16.69, 13.61, 11.73, 10.82, 10.586, 10.55, 10.3, 9.65, 8.58, 7.062, 5.168, 3.002, 0.661, -1.614, -3.488, -4.496, -4.312, -2.918, -0.6343, 1.881, 3.912, 4.926, 5.105, 5.195, 6.08, 8.086
8.695, 9.3, 7.67, 4.68, 1.666, -0.367, -1.029, -0.574, 0.341, 1.141, 1.498, 1.968, 3.678, 7.383, 12.55, 17.64, 21.06, 21.86, 20.03, 16.39, 12.08, 8.38, 5.977, 4.76, 4.156, 3.709, 3.326, 3.389, 4.348, 6.336, 8.99, 11.805, 14.445, 16.52, 17.33, 16.36, 13.56, 9.05, 3.443, -2.586, -8.38, -13.64, -18.11, -21.52, -23.73, -24.11, -22.52, -18.84, -13.516, -7.54, -2.5, 0.1147, -0.4292, -3.713, -8.445, -13.24, -17.45, -20.75, -22.89, -23.64, -22.75, -20.33, -16.72, -11.98, -5.836, 1.629, 9.81, 17.55, 23.69, 27.52, 28.95, 28.33, 26.08, 22.97, 19.42, 16.36, 14.13, 12.81, 12.14, 11.836, 11.41, 10.49, 9.14, 7.418, 5.336, 2.951, 0.4253, -2.06, -4.08, -5.055, -4.59, -2.768, -0.01317, 2.83, 4.914, 5.684, 5.38, 4.9, 5.188, 6.777
7.344, 7.953, 6.684, 4.137, 1.406, -0.617, -1.52, -1.256, -0.1353, 1.317, 2.566, 3.553, 4.812, 7.13, 10.49, 14.26, 17.08, 18.27, 17.23, 14.68, 11.3, 8.16, 5.76, 4.14, 2.912, 1.792, 0.8164, 0.3818, 1.147, 3.336, 6.574, 10.1, 13.24, 15.45, 16.23, 15.3, 12.46, 7.92, 2.223, -4.0, -9.984, -15.35, -19.86, -23.17, -24.86, -24.5, -21.98, -17.36, -11.33, -5.195, -0.5454, 1.29, -0.03296, -3.729, -8.33, -12.836, -16.83, -20.17, -22.78, -23.98, -23.58, -21.58, -18.02, -13.63, -8.26, -1.929, 5.164, 12.375, 18.81, 23.77, 26.69, 27.75, 26.92, 24.72, 21.75, 18.84, 16.38, 14.66, 13.6, 12.9, 12.11, 11.02, 9.57, 7.69, 5.48, 2.94, 0.181, -2.512, -4.652, -5.58, -4.84, -2.54, 0.738, 3.928, 6.03, 6.55, 5.824, 4.82, 4.598, 5.7
6.074, 6.613, 5.617, 3.465, 1.003, -0.9946, -2.057, -2.076, -1.069, 0.7256, 2.67, 4.406, 5.91, 7.617, 9.77, 12.18, 14.18, 15.02, 14.45, 12.54, 10.055, 7.52, 5.34, 3.52, 1.797, 0.1156, -1.336, -2.21, -1.917, -0.0944, 3.076, 6.945, 10.67, 13.46, 14.72, 14.06, 11.41, 6.926, 1.216, -5.15, -11.33, -16.88, -21.4, -24.47, -25.7, -24.45, -20.8, -15.17, -8.625, -2.604, 1.239, 1.997, -0.06903, -3.908, -8.22, -12.25, -15.984, -19.36, -22.39, -24.17, -24.38, -22.81, -19.58, -15.19, -10.1, -4.285, 2.016, 8.63, 15.0, 20.42, 24.5, 26.75, 27.31, 26.02, 23.7, 20.97, 18.42, 16.34, 14.88, 13.7, 12.68, 11.39, 9.85, 7.934, 5.633, 2.95, -0.007614, -2.893, -5.184, -6.08, -5.062, -2.334, 1.393, 4.875, 6.953, 7.195, 6.08, 4.652, 4.047, 4.73
4.883, 5.375, 4.58, 2.727, 0.511, -1.456, -2.635, -2.867, -2.074, -0.3076, 1.98, 4.273, 6.254, 7.996, 9.58, 11.02, 12.12, 12.51, 11.94, 10.54, 8.69, 6.695, 4.77, 2.86, 0.835, -1.176, -2.941, -4.086, -4.17, -2.938, -0.3823, 3.148, 7.004, 10.266, 12.17, 12.18, 10.07, 5.98, 0.358, -6.082, -12.516, -18.38, -22.94, -25.7, -26.27, -24.11, -19.44, -12.92, -6.113, -0.554, 2.412, 2.295, -0.2462, -3.975, -7.832, -11.46, -15.01, -18.62, -21.95, -24.34, -25.23, -24.17, -21.34, -17.02, -11.8, -6.066, 0.03214, 6.19, 12.41, 18.14, 22.78, 25.92, 27.44, 27.06, 25.31, 22.84, 20.2, 17.95, 16.03, 14.4, 12.98, 11.66, 10.04, 8.11, 5.812, 2.959, -0.2455, -3.34, -5.715, -6.535, -5.21, -2.057, 2.043, 5.652, 7.625, 7.582, 6.13, 4.395, 3.492, 3.854
3.854, 4.3, 3.63, 1.974, -0.0837, -1.97, -3.19, -3.525, -2.91, -1.369, 0.8516, 3.38, 5.723, 7.715, 9.19, 10.18, 10.67, 10.56, 9.85, 8.75, 7.36, 5.844, 4.125, 2.127, -0.0842, -2.182, -3.865, -4.938, -5.246, -4.625, -2.941, -0.2057, 3.227, 6.617, 8.98, 9.67, 8.234, 4.72, -0.569, -6.934, -13.55, -19.58, -24.2, -26.67, -26.56, -23.53, -18.03, -10.914, -4.043, 0.8843, 2.98, 2.219, -0.4736, -3.832, -7.152, -10.484, -13.97, -17.67, -21.27, -24.2, -25.73, -25.45, -23.14, -19.06, -13.734, -7.86, -1.667, 4.543, 10.695, 16.5, 21.6, 25.38, 27.53, 27.84, 26.69, 24.45, 21.81, 19.19, 16.88, 14.875, 13.19, 11.73, 10.16, 8.27, 5.89, 2.906, -0.509, -3.832, -6.25, -6.91, -5.246, -1.683, 2.746, 6.47, 8.23, 7.81, 6.01, 4.043, 2.95, 3.068
3.078, 3.432, 2.816, 1.263, -0.7046, -2.486, -3.6, -3.87, -3.363, -2.111, -0.1962, 2.186, 4.645, 6.848, 8.46, 9.32, 9.54, 9.13, 8.32, 7.348, 6.297, 5.035, 3.387, 1.323, -0.914, -2.887, -4.254, -4.977, -5.273, -5.12, -4.29, -2.527, 0.10974, 3.16, 5.72, 6.97, 6.223, 3.32, -1.567, -7.85, -14.52, -20.75, -25.3, -27.45, -26.64, -22.77, -16.5, -9.07, -2.426, 1.913, 3.363, 2.209, -0.396, -3.385, -6.32, -9.39, -12.805, -16.67, -20.61, -23.94, -26.2, -26.61, -25.0, -21.38, -16.19, -10.09, -3.531, 2.951, 9.31, 15.36, 20.64, 24.8, 27.48, 28.4, 27.72, 25.7, 23.1, 20.22, 17.45, 15.086, 13.22, 11.664, 10.15, 8.33, 5.92, 2.754, -0.88, -4.402, -6.83, -7.227, -5.117, -1.039, 3.688, 7.418, 8.89, 8.04, 5.848, 3.66, 2.422, 2.43
2.576, 2.834, 2.18, 0.644, -1.265, -2.893, -3.77, -3.84, -3.365, -2.406, -0.911, 1.101, 3.432, 5.723, 7.535, 8.48, 8.63, 8.1, 7.297, 6.402, 5.52, 4.332, 2.656, 0.5283, -1.654, -3.307, -4.215, -4.527, -4.664, -4.836, -4.684, -3.814, -2.006, 0.4644, 2.924, 4.426, 4.2, 1.895, -2.611, -8.7, -15.43, -21.73, -26.2, -27.97, -26.39, -21.67, -14.7, -7.13, -0.7734, 2.945, 3.783, 2.396, -0.0682, -2.7, -5.324, -8.1, -11.46, -15.42, -19.62, -23.53, -26.28, -27.44, -26.61, -23.66, -18.81, -12.72, -5.906, 1.029, 7.74, 14.1, 19.72, 24.25, 27.34, 28.75, 28.48, 26.8, 24.19, 20.98, 17.89, 15.164, 13.07, 11.48, 10.02, 8.305, 5.9, 2.543, -1.31, -4.95, -7.293, -7.387, -4.77, -0.1726, 4.844, 8.49, 9.555, 8.22, 5.6, 3.219, 1.956, 1.963
2.28, 2.445, 1.678, 0.09937, -1.726, -3.082, -3.6, -3.426, -2.951, -2.291, -1.298, 0.2612, 2.342, 4.617, 6.582, 7.734, 7.99, 7.484, 6.695, 5.82, 4.938, 3.682, 1.924, -0.2471, -2.23, -3.451, -3.834, -3.775, -3.818, -4.21, -4.598, -4.48, -3.482, -1.6045, 0.558, 2.174, 2.28, 0.3757, -3.74, -9.58, -16.3, -22.52, -26.94, -28.14, -25.9, -20.31, -12.79, -5.168, 0.8276, 4.02, 4.38, 2.861, 0.5186, -1.8125, -4.086, -6.684, -9.98, -14.04, -18.48, -22.7, -26.12, -28.05, -28.03, -25.8, -21.61, -15.74, -8.91, -1.666, 5.535, 12.38, 18.42, 23.38, 26.9, 28.78, 28.92, 27.47, 24.9, 21.62, 18.2, 15.14, 12.81, 11.164, 9.81, 8.22, 5.766, 2.291, -1.753, -5.52, -7.74, -7.44, -4.273, 0.8896, 6.176, 9.68, 10.27, 8.414, 5.41, 2.799, 1.555, 1.656
2.047, 2.191, 1.342, -0.2664, -1.953, -2.984, -3.146, -2.73, -2.27, -1.933, -1.446, -0.4033, 1.383, 3.607, 5.727, 7.137, 7.59, 7.223, 6.414, 5.5, 4.43, 3.033, 1.143, -0.947, -2.639, -3.42, -3.312, -2.926, -2.938, -3.576, -4.496, -5.03, -4.625, -3.254, -1.393, 0.1887, 0.5586, -1.049, -4.836, -10.41, -16.95, -23.14, -27.19, -28.0, -24.81, -18.6, -10.61, -2.984, 2.541, 5.125, 5.06, 3.35, 1.135, -0.9033, -2.902, -5.207, -8.375, -12.43, -17.02, -21.61, -25.58, -28.16, -29.0, -27.58, -24.17, -18.86, -12.25, -4.863, 2.72, 9.94, 16.47, 21.9, 25.95, 28.31, 28.89, 27.75, 25.25, 21.98, 18.28, 14.945, 12.49, 10.81, 9.56, 7.984, 5.547, 1.94, -2.277, -6.06, -8.11, -7.336, -3.541, 2.154, 7.656, 10.984, 11.12, 8.68, 5.24, 2.432, 1.188, 1.373
1.849, 2.062, 1.151, -0.477, -1.987, -2.658, -2.424, -1.791, -1.401, -1.466, -1.531, -0.976, 0.5293, 2.7, 4.953, 6.645, 7.363, 7.133, 6.332, 5.293, 3.996, 2.367, 0.3325, -1.627, -2.967, -3.223, -2.629, -1.957, -2.002, -2.975, -4.445, -5.562, -5.67, -4.78, -3.195, -1.669, -1.1455, -2.498, -5.883, -11.266, -17.66, -23.69, -27.45, -27.7, -23.77, -16.7, -8.44, -0.926, 4.094, 6.066, 5.61, 3.867, 1.853, 0.1218, -1.564, -3.693, -6.68, -10.73, -15.414, -20.31, -24.72, -28.06, -29.6, -29.19, -26.61, -22.0, -15.82, -8.52, -0.805, 6.832, 13.87, 19.9, 24.47, 27.34, 28.31, 27.64, 25.31, 21.97, 18.16, 14.68, 12.164, 10.44, 9.27, 7.727, 5.156, 1.477, -2.836, -6.64, -8.43, -7.15, -2.756, 3.46, 9.16, 12.28, 11.984, 8.99, 5.11, 2.062, 0.7695, 1.05
1.639, 1.963, 1.039, -0.5474, -1.83, -2.11, -1.453, -0.5967, -0.3398, -0.8315, -1.443, -1.405, -0.2627, 1.82, 4.19, 6.11, 7.12, 7.094, 6.336, 5.11, 3.553, 1.658, -0.4558, -2.23, -3.104, -2.822, -1.779, -0.91, -1.067, -2.41, -4.35, -6.004, -6.69, -6.24, -4.965, -3.553, -2.975, -4.086, -7.195, -12.28, -18.42, -24.11, -27.53, -27.08, -22.5, -14.85, -6.31, 0.972, 5.438, 6.87, 6.06, 4.33, 2.588, 1.145, -0.2167, -2.078, -4.875, -8.74, -13.44, -18.53, -23.38, -27.33, -29.69, -30.2, -28.61, -24.89, -19.3, -12.414, -4.715, 3.104, 10.55, 17.08, 22.23, 25.69, 27.31, 26.94, 25.02, 21.7, 17.84, 14.37, 11.71, 9.984, 8.83, 7.234, 4.625, 0.8257, -3.531, -7.23, -8.7, -6.906, -1.926, 4.76, 10.66, 13.586, 12.87, 9.36, 5.04, 1.6875, 0.282, 0.658
1.352, 1.817, 0.9785, -0.5015, -1.52, -1.354, -0.2769, 0.733, 0.8535, -0.02974, -1.144, -1.616, -0.8877, 1.008, 3.412, 5.527, 6.797, 7.02, 6.312, 4.92, 3.055, 0.9214, -1.214, -2.771, -3.139, -2.28, -0.788, 0.2393, -0.03357, -1.655, -4.06, -6.27, -7.535, -7.605, -6.727, -5.562, -5.055, -5.957, -8.8, -13.5, -19.33, -24.61, -27.58, -26.42, -21.16, -13.016, -4.332, 2.6, 6.453, 7.402, 6.37, 4.723, 3.303, 2.229, 1.197, -0.39, -3.02, -6.754, -11.36, -16.64, -21.8, -26.36, -29.47, -30.86, -30.14, -27.36, -22.53, -16.2, -8.82, -0.955, 6.777, 13.734, 19.44, 23.47, 25.64, 25.83, 24.2, 21.1, 17.36, 13.86, 11.125, 9.516, 8.29, 6.63, 3.92, -0.0315, -4.395, -7.9, -8.984, -6.676, -1.118, 5.965, 11.97, 14.72, 13.58, 9.62, 4.887, 1.223, -0.3018, 0.173
0.9897, 1.676, 0.9727, -0.3462, -1.064, -0.4563, 1.013, 2.164, 2.182, 1.014, -0.5825, -1.57, -1.302, 0.279, 2.611, 4.87, 6.35, 6.773, 6.113, 4.6, 2.486, 0.1703, -1.912, -3.17, -3.055, -1.664, 0.2418, 1.4375, 1.1, -0.788, -3.543, -6.22, -8.07, -8.75, -8.37, -7.574, -7.176, -8.0, -10.49, -14.81, -20.22, -25.11, -27.4, -25.6, -19.55, -11.02, -2.396, 4.05, 7.258, 7.67, 6.492, 5.035, 3.996, 3.285, 2.531, 1.145, -1.23, -4.734, -9.24, -14.51, -19.86, -24.78, -28.64, -30.88, -31.1, -29.23, -25.31, -19.69, -12.76, -5.05, 2.781, 10.055, 16.2, 20.88, 23.6, 24.36, 23.03, 20.27, 16.58, 13.19, 10.57, 8.91, 7.555, 5.758, 2.83, -1.176, -5.426, -8.69, -9.36, -6.523, -0.3923, 7.027, 13.055, 15.56, 14.03, 9.67, 4.535, 0.5566, -1.074, -0.4602
0.5024, 1.52, 1.029, -0.09045, -0.4858, 0.511, 2.332, 3.658, 3.629, 2.232, 0.2319, -1.267, -1.533, -0.3708, 1.77, 4.086, 5.754, 6.32, 5.75, 4.164, 1.903, -0.5464, -2.56, -3.46, -2.902, -1.058, 1.183, 2.53, 2.172, 0.1505, -2.777, -5.773, -8.18, -9.53, -9.83, -9.516, -9.336, -10.13, -12.414, -16.33, -21.16, -25.47, -27.0, -24.44, -17.75, -8.86, -0.4666, 5.34, 7.94, 7.938, 6.723, 5.504, 4.848, 4.457, 3.924, 2.732, 0.535, -2.771, -7.11, -12.23, -17.73, -23.02, -27.36, -30.45, -31.58, -30.66, -27.64, -22.72, -16.36, -8.97, -1.271, 6.24, 12.76, 17.89, 21.16, 22.52, 21.7, 19.28, 15.82, 12.55, 9.99, 8.24, 6.66, 4.586, 1.511, -2.52, -6.637, -9.54, -9.74, -6.36, 0.169, 7.812, 13.78, 15.99, 14.15, 9.37, 3.889, -0.3298, -2.014, -1.265
-0.1359, 1.2295, 1.053, 0.183, 0.1007, 1.433, 3.54, 5.074, 5.062, 3.521, 1.24, -0.6895, -1.481, -0.8286, 0.954, 3.143, 4.89, 5.64, 5.184, 3.582, 1.258, -1.232, -3.164, -3.766, -2.77, -0.5415, 1.95, 3.447, 3.121, 1.095, -1.884, -5.113, -7.984, -9.99, -10.96, -11.305, -11.484, -12.305, -14.35, -17.86, -22.23, -25.88, -26.6, -23.11, -15.695, -6.62, 1.472, 6.656, 8.67, 8.37, 7.25, 6.332, 5.918, 5.723, 5.25, 4.156, 2.148, -0.929, -4.97, -9.83, -15.26, -20.75, -25.69, -29.39, -31.36, -31.31, -29.17, -25.1, -19.47, -12.57, -5.074, 2.465, 9.266, 14.836, 18.64, 20.47, 20.2, 18.14, 15.08, 11.98, 9.41, 7.477, 5.613, 3.219, -0.10693, -4.152, -8.02, -10.54, -10.2, -6.332, 0.571, 8.3, 14.1, 15.96, 13.67, 8.59, 2.85, -1.533, -3.217, -2.258
-0.933, 0.855, 1.031, 0.431, 0.585, 2.176, 4.523, 6.273, 6.395, 4.867, 2.453, 0.1707, -1.124, -1.03, 0.2603, 2.164, 3.867, 4.73, 4.383, 2.83, 0.5166, -1.936, -3.713, -4.035, -2.676, -0.1622, 2.48, 4.055, 3.816, 1.885, -1.089, -4.42, -7.598, -10.14, -11.87, -12.76, -13.37, -14.37, -16.34, -19.52, -23.3, -26.08, -25.8, -21.28, -13.19, -4.02, 3.613, 8.16, 9.6, 9.09, 8.12, 7.504, 7.277, 7.12, 6.586, 5.4, 3.5, 0.6753, -3.084, -7.66, -12.91, -18.44, -23.58, -27.86, -30.52, -31.44, -30.23, -26.98, -22.05, -15.74, -8.52, -1.107, 5.85, 11.68, 16.0, 18.33, 18.61, 16.97, 14.31, 11.31, 8.81, 6.594, 4.37, 1.588, -1.948, -5.992, -9.65, -11.664, -10.766, -6.38, 0.7407, 8.43, 13.984, 15.43, 12.68, 7.277, 1.352, -3.043, -4.664, -3.459
-1.899, 0.3328, 0.8706, 0.5796, 0.981, 2.766, 5.277, 7.188, 7.5, 6.12, 3.701, 1.222, -0.4949, -0.993, -0.291, 1.175, 2.713, 3.62, 3.39, 1.932, -0.304, -2.639, -4.19, -4.254, -2.64, 0.08606, 2.775, 4.344, 4.176, 2.414, -0.4011, -3.75, -7.137, -10.12, -12.445, -14.04, -15.17, -16.5, -18.38, -21.23, -24.42, -26.25, -24.77, -19.1, -10.32, -1.129, 6.023, 9.81, 10.76, 10.23, 9.414, 9.0, 8.8, 8.445, 7.793, 6.508, 4.58, 2.014, -1.3955, -5.566, -10.47, -15.86, -21.14, -25.75, -29.1, -30.75, -30.4, -28.08, -23.89, -18.23, -11.49, -4.324, 2.666, 8.74, 13.47, 16.27, 16.95, 15.92, 13.53, 10.77, 8.13, 5.65, 3.018, -0.1694, -3.932, -7.94, -11.266, -12.76, -11.31, -6.496, 0.857, 8.414, 13.49, 14.375, 11.13, 5.43, -0.5884, -4.9, -6.312, -4.785
-2.918, -0.3418, 0.538, 0.553, 1.218, 3.168, 5.77, 7.812, 8.33, 7.164, 4.887, 2.36, 0.3333, -0.7314, -0.6562, 0.2864, 1.533, 2.37, 2.207, 0.8945, -1.177, -3.316, -4.61, -4.387, -2.586, 0.2002, 2.857, 4.37, 4.285, 2.723, 0.10144, -3.143, -6.652, -10.03, -12.91, -15.11, -16.8, -18.4, -20.28, -22.9, -25.3, -25.94, -23.08, -16.11, -6.742, 2.31, 8.74, 11.88, 12.51, 12.03, 11.336, 10.83, 10.47, 9.83, 8.82, 7.38, 5.44, 3.037, -0.00881, -3.795, -8.266, -13.35, -18.62, -23.5, -27.33, -29.7, -30.08, -28.52, -25.14, -20.14, -13.984, -7.11, -0.2256, 6.004, 10.984, 14.25, 15.44, 14.836, 12.81, 10.25, 7.52, 4.76, 1.672, -1.896, -5.855, -9.8, -12.8, -13.78, -11.78, -6.434, 1.08, 8.37, 12.78, 12.98, 9.15, 3.074, -2.953, -7.02, -8.08, -6.168
-3.898, -1.08, 0.0813, 0.399, 1.282, 3.322, 5.95, 8.08, 8.79, 7.92, 5.91, 3.453, 1.198, -0.3425, -0.87, -0.4753, 0.3613, 1.027, 0.897, -0.2312, -2.072, -3.977, -4.984, -4.496, -2.553, 0.2025, 2.764, 4.215, 4.18, 2.818, 0.4995, -2.531, -6.12, -9.78, -13.12, -15.94, -18.28, -20.2, -22.27, -24.5, -26.11, -25.39, -20.95, -12.73, -2.838, 6.02, 11.77, 14.414, 14.89, 14.41, 13.69, 12.79, 11.95, 10.92, 9.56, 7.957, 6.074, 3.834, 1.229, -2.016, -5.973, -10.7, -15.81, -20.84, -25.03, -27.89, -28.98, -28.27, -25.66, -21.42, -15.82, -9.38, -2.738, 3.549, 8.76, 12.32, 13.97, 13.76, 12.2, 9.86, 7.14, 4.047, 0.594, -3.334, -7.52, -11.375, -14.16, -14.65, -11.97, -6.168, 1.413, 8.32, 12.07, 11.414, 6.902, 0.4944, -5.457, -9.164, -9.75, -7.457
-4.832, -1.884, -0.524, 0.0533, 1.115, 3.203, 5.84, 8.0, 8.87, 8.3, 6.625, 4.332, 1.993, 0.128, -0.915, -1.096, -0.736, -0.3318, -0.4883, -1.456, -3.021, -4.59, -5.31, -4.582, -2.56, 0.0799, 2.436, 3.809, 3.893, 2.82, 0.783, -2.11, -5.652, -9.54, -13.28, -16.61, -19.4, -21.77, -23.97, -25.77, -26.34, -24.25, -18.14, -8.75, 1.57, 9.99, 15.234, 17.44, 17.8, 17.16, 16.06, 14.71, 13.11, 11.52, 9.89, 8.24, 6.465, 4.457, 2.23, -0.5366, -3.979, -8.195, -13.05, -18.05, -22.53, -25.86, -27.6, -27.47, -25.64, -22.03, -17.06, -11.14, -4.76, 1.375, 6.703, 10.516, 12.53, 12.8, 11.7, 9.54, 6.79, 3.479, -0.264, -4.52, -8.84, -12.7, -15.19, -15.13, -11.805, -5.527, 2.102, 8.54, 11.445, 9.82, 4.566, -2.152, -7.973, -11.21, -11.27, -8.57
-5.65, -2.65, -1.199, -0.4292, 0.7715, 2.912, 5.52, 7.652, 8.63, 8.35, 7.008, 4.992, 2.723, 0.66, -0.8237, -1.588, -1.753, -1.657, -1.842, -2.658, -3.96, -5.168, -5.543, -4.617, -2.594, -0.09985, 2.033, 3.309, 3.506, 2.64, 0.8057, -1.886, -5.29, -9.24, -13.31, -17.12, -20.4, -23.19, -25.34, -26.67, -26.17, -22.45, -14.79, -4.37, 6.17, 14.21, 18.98, 20.86, 21.11, 20.14, 18.44, 16.28, 14.05, 11.88, 9.95, 8.24, 6.664, 4.957, 3.092, 0.808, -2.143, -5.844, -10.29, -15.12, -19.64, -23.34, -25.58, -26.1, -24.88, -22.06, -17.78, -12.42, -6.457, -0.5054, 4.76, 8.76, 11.16, 11.84, 11.08, 9.17, 6.395, 2.88, -1.19, -5.695, -10.14, -13.87, -15.91, -15.3, -11.31, -4.562, 3.133, 9.08, 11.02, 8.43, 2.45, -4.574, -10.25, -13.016, -12.516, -9.51
-6.395, -3.379, -1.856, -0.927, 0.441, 2.611, 5.13, 7.164, 8.22, 8.16, 7.156, 5.484, 3.36, 1.17, -0.6753, -1.955, -2.602, -2.805, -3.074, -3.754, -4.754, -5.562, -5.586, -4.53, -2.602, -0.3215, 1.57, 2.723, 2.992, 2.36, 0.7954, -1.708, -4.97, -8.9, -13.18, -17.45, -21.23, -24.33, -26.5, -27.22, -25.48, -20.11, -10.97, 0.3857, 10.984, 18.56, 22.92, 24.66, 24.48, 23.03, 20.58, 17.62, 14.74, 12.125, 10.01, 8.25, 6.758, 5.305, 3.75, 1.91, -0.536, -3.75, -7.734, -12.305, -16.83, -20.7, -23.34, -24.38, -23.81, -21.62, -17.95, -13.21, -7.758, -2.123, 2.994, 7.086, 9.67, 10.7, 10.266, 8.53, 5.664, 1.898, -2.482, -7.086, -11.48, -14.94, -16.5, -15.195, -10.45, -3.1, 4.645, 10.09, 11.086, 7.484, 0.835, -6.445, -11.96, -14.33, -13.42, -10.2
-6.92, -4.04, -2.465, -1.382, 0.10974, 2.293, 4.727, 6.656, 7.715, 7.82, 7.07, 5.7, 3.81, 1.606, -0.4807, -2.145, -3.2, -3.723, -4.11, -4.656, -5.344, -5.773, -5.527, -4.426, -2.646, -0.613, 1.1045, 2.209, 2.514, 1.976, 0.576, -1.724, -4.79, -8.61, -13.016, -17.5, -21.72, -25.2, -27.22, -27.1, -23.98, -16.98, -6.51, 5.332, 15.76, 22.9, 26.83, 28.2, 27.56, 25.52, 22.42, 18.95, 15.555, 12.586, 10.17, 8.41, 6.984, 5.695, 4.38, 2.871, 0.9097, -1.749, -5.195, -9.36, -13.8, -17.81, -20.77, -22.28, -22.12, -20.5, -17.47, -13.37, -8.445, -3.334, 1.535, 5.53, 8.266, 9.5, 9.195, 7.434, 4.375, 0.3367, -4.234, -8.9, -13.09, -16.1, -16.97, -14.8, -9.18, -1.163, 6.754, 11.67, 11.78, 7.266, -0.002274, -7.57, -13.055, -15.15, -13.98, -10.64
-7.383, -4.598, -2.996, -1.79, -0.1854, 1.994, 4.305, 6.137, 7.19, 7.395, 6.9, 5.81, 4.137, 2.004, -0.2386, -2.234, -3.66, -4.504, -5.0, -5.414, -5.77, -5.887, -5.44, -4.312, -2.666, -0.835, 0.7134, 1.721, 2.02, 1.564, 0.2869, -1.864, -4.793, -8.41, -12.71, -17.47, -22.03, -25.69, -27.5, -26.62, -22.17, -13.61, -1.92, 10.31, 20.4, 27.12, 30.47, 31.3, 30.16, 27.58, 24.23, 20.53, 16.8, 13.49, 10.84, 8.89, 7.363, 6.125, 4.957, 3.703, 2.154, -0.004, -2.936, -6.63, -10.81, -14.83, -18.03, -19.9, -20.25, -19.03, -16.56, -13.03, -8.67, -4.062, 0.4617, 4.285, 6.94, 8.164, 7.797, 5.875, 2.64, -1.565, -6.21, -10.85, -14.836, -17.31, -17.36, -14.08, -7.34, 1.451, 9.5, 13.94, 13.28, 8.04, 0.1542, -7.832, -13.56, -15.68, -14.46, -11.02
-7.766, -5.074, -3.516, -2.215, -0.4587, 1.727, 3.92, 5.64, 6.67, 6.91, 6.57, 5.7, 4.246, 2.27, 0.00509, -2.229, -4.0, -5.14, -5.75, -6.008, -6.094, -5.957, -5.36, -4.24, -2.693, -1.004, 0.5005, 1.443, 1.684, 1.071, -0.3694, -2.43, -5.125, -8.36, -12.42, -17.16, -22.02, -25.83, -27.4, -25.58, -19.72, -9.69, 2.756, 15.1, 24.64, 30.61, 33.16, 33.3, 31.53, 28.78, 25.5, 21.94, 18.4, 15.03, 12.02, 9.7, 7.97, 6.63, 5.547, 4.453, 3.18, 1.488, -0.94, -4.156, -7.98, -11.88, -15.24, -17.44, -18.12, -17.33, -15.23, -12.1, -8.266, -4.164, -0.0959, 3.41, 5.875, 6.895, 6.312, 4.168, 0.798, -3.504, -8.19, -12.83, -16.69, -18.66, -17.67, -13.08, -5.08, 4.484, 12.734, 16.78, 15.516, 9.625, 1.165, -7.41, -13.71, -16.17, -14.914, -11.43
-8.125, -5.49, -3.941, -2.562, -0.745, 1.463, 3.627, 5.28, 6.24, 6.41, 6.066, 5.25, 3.986, 2.283, 0.1755, -2.152, -4.22, -5.676, -6.434, -6.598, -6.457, -6.09, -5.375, -4.24, -2.697, -0.933, 0.5996, 1.423, 1.356, 0.299, -1.597, -3.775, -6.21, -8.83, -12.24, -16.77, -21.75, -25.66, -26.75, -24.03, -16.88, -5.812, 7.29, 19.4, 28.38, 33.44, 35.16, 34.16, 31.95, 29.03, 26.1, 23.2, 20.0, 16.7, 13.53, 10.85, 8.766, 7.21, 6.01, 5.035, 3.957, 2.633, 0.745, -1.919, -5.29, -8.97, -12.37, -14.87, -15.96, -15.53, -13.77, -10.945, -7.53, -3.816, -0.1425, 2.982, 5.094, 5.793, 4.957, 2.701, -0.6465, -4.844, -9.5, -14.18, -17.97, -19.56, -17.66, -11.69, -2.297, 8.1, 16.52, 20.17, 18.25, 11.805, 2.697, -6.605, -13.63, -16.56, -15.414, -11.84
-8.4, -5.777, -4.277, -2.926, -1.077, 1.266, 3.564, 5.227, 5.99, 5.848, 5.2, 4.26, 3.18, 1.913, 0.163, -2.086, -4.42, -6.234, -7.195, -7.355, -6.996, -6.35, -5.465, -4.188, -2.484, -0.5405, 1.055, 1.769, 1.165, -0.726, -3.432, -6.04, -8.22, -10.03, -12.49, -16.39, -21.11, -25.06, -25.81, -22.11, -13.75, -1.729, 11.53, 23.22, 31.27, 35.2, 35.72, 33.8, 30.8, 27.98, 25.7, 23.7, 21.36, 18.42, 15.17, 12.19, 9.68, 7.84, 6.523, 5.516, 4.58, 3.52, 2.062, -0.0907, -2.975, -6.34, -9.69, -12.39, -13.82, -13.77, -12.336, -9.79, -6.613, -3.13, 0.2268, 2.973, 4.723, 5.17, 4.21, 2.03, -1.193, -5.203, -9.766, -14.555, -18.58, -19.95, -17.19, -9.8, 0.7925, 12.02, 20.45, 23.64, 21.16, 14.18, 4.523, -5.49, -13.195, -16.6, -15.67, -12.15
-8.555, -6.094, -4.656, -3.283, -1.252, 1.363, 3.81, 5.457, 5.895, 5.223, 3.969, 2.678, 1.67, 0.912, -0.1571, -2.012, -4.375, -6.527, -7.812, -8.13, -7.707, -6.82, -5.617, -4.01, -1.903, 0.4382, 2.242, 2.668, 1.131, -2.076, -5.98, -9.34, -11.375, -12.24, -13.35, -16.11, -20.28, -23.9, -24.25, -19.75, -10.44, 2.12, 15.445, 26.5, 33.7, 36.34, 35.5, 32.47, 28.8, 25.89, 24.25, 23.19, 21.95, 19.83, 16.86, 13.71, 10.86, 8.64, 7.07, 5.973, 5.117, 4.266, 3.17, 1.536, -0.7866, -3.727, -6.9, -9.695, -11.53, -11.99, -10.96, -8.72, -5.715, -2.41, 0.7324, 3.238, 4.766, 5.12, 4.17, 2.111, -0.949, -4.82, -9.3, -14.12, -18.14, -19.45, -16.02, -7.51, 4.297, 16.19, 24.53, 27.03, 23.86, 16.39, 6.55, -3.752, -11.99, -15.98, -15.42, -12.12
-8.55, -6.363, -5.12, -3.656, -1.292, 1.739, 4.516, 6.133, 6.04, 4.48, 2.264, 0.317, -0.7046, -0.864, -0.9375, -1.917, -3.947, -6.355, -8.18, -8.914, -8.555, -7.46, -5.84, -3.625, -0.8003, 2.21, 4.324, 4.31, 1.603, -3.246, -8.836, -13.336, -15.375, -15.305, -14.82, -16.12, -19.5, -22.7, -22.55, -17.23, -7.145, 5.754, 18.75, 29.06, 35.0, 36.4, 34.2, 30.08, 25.83, 22.92, 21.84, 21.89, 21.89, 20.72, 18.38, 15.39, 12.31, 9.67, 7.76, 6.477, 5.598, 4.848, 4.023, 2.816, 1.016, -1.427, -4.305, -7.08, -9.195, -10.21, -9.75, -7.94, -5.176, -2.014, 1.061, 3.533, 5.062, 5.473, 4.61, 2.537, -0.6187, -4.574, -8.96, -13.55, -17.34, -18.33, -14.336, -4.85, 7.97, 20.14, 28.03, 29.8, 25.88, 18.25, 8.51, -1.525, -9.9, -14.41, -14.51, -11.69
-8.45, -6.76, -5.703, -4.055, -1.103, 2.668, 5.91, 7.41, 6.68, 4.08, 0.6147, -2.426, -3.89, -3.613, -2.484, -2.06, -3.207, -5.547, -7.914, -9.35, -9.39, -8.19, -5.977, -2.818, 1.025, 4.883, 7.293, 6.79, 2.834, -3.78, -11.27, -17.27, -19.8, -18.92, -16.75, -16.28, -18.42, -21.02, -20.56, -14.89, -4.35, 8.72, 21.39, 30.83, 35.88, 35.97, 32.62, 27.52, 22.78, 19.7, 18.95, 19.83, 20.89, 20.89, 19.47, 16.88, 13.92, 11.01, 8.7, 7.113, 6.016, 5.273, 4.617, 3.746, 2.441, 0.5483, -1.828, -4.41, -6.67, -8.13, -8.31, -7.133, -4.83, -1.881, 1.099, 3.6, 5.23, 5.664, 4.715, 2.352, -1.144, -5.34, -9.695, -13.73, -16.64, -16.81, -12.15, -1.885, 11.46, 23.62, 30.97, 31.77, 27.23, 19.52, 10.47, 1.153, -7.105, -12.09, -12.96, -10.92
-8.266, -7.17, -6.258, -4.188, -0.3337, 4.395, 8.19, 9.64, 8.4, 4.742, -0.1392, -4.734, -7.29, -7.035, -4.812, -2.697, -2.383, -4.094, -6.82, -9.15, -9.94, -8.81, -5.902, -1.585, 3.574, 8.41, 11.125, 10.164, 5.133, -3.123, -12.51, -20.22, -23.72, -22.47, -18.98, -16.73, -17.56, -19.44, -18.62, -12.57, -1.771, 11.23, 23.36, 31.98, 35.78, 35.0, 30.7, 25.02, 19.84, 16.69, 16.17, 17.42, 19.3, 20.3, 19.86, 18.05, 15.42, 12.54, 10.01, 8.05, 6.6, 5.64, 4.996, 4.297, 3.344, 1.945, 0.1346, -2.03, -4.188, -5.91, -6.645, -6.16, -4.504, -1.996, 0.761, 3.164, 4.71, 5.023, 3.887, 1.314, -2.32, -6.605, -10.984, -14.65, -16.64, -15.58, -9.96, 0.8574, 14.47, 26.48, 33.0, 32.84, 27.62, 20.03, 11.84, 3.62, -4.152, -9.48, -11.11, -9.94
-8.05, -7.51, -6.586, -3.824, 1.184, 6.996, 11.4, 12.95, 11.266, 6.805, 0.4932, -5.914, -10.22, -10.77, -7.89, -3.998, -1.728, -2.19, -4.81, -7.992, -9.836, -9.04, -5.42, 0.2242, 6.77, 12.48, 15.48, 14.11, 8.266, -1.197, -12.18, -21.58, -26.2, -25.08, -20.61, -16.88, -16.52, -17.7, -16.72, -10.56, 0.2046, 13.01, 24.64, 32.6, 35.6, 33.8, 28.97, 22.88, 17.53, 14.3, 13.59, 14.9, 17.03, 18.78, 19.36, 18.47, 16.64, 14.18, 11.57, 9.24, 7.426, 6.133, 5.277, 4.535, 3.74, 2.705, 1.362, -0.323, -2.164, -3.8, -4.805, -4.85, -3.83, -1.958, 0.254, 2.22, 3.42, 3.5, 2.408, 0.251, -2.867, -6.984, -11.58, -15.43, -16.92, -14.7, -7.97, 3.463, 17.06, 28.66, 34.3, 33.4, 27.6, 20.2, 12.96, 5.906, -1.198, -6.69, -9.07, -8.9
-7.76, -7.543, -6.34, -2.701, 3.447, 10.25, 15.164, 16.77, 14.76, 9.71, 2.348, -5.78, -12.18, -14.32, -11.48, -6.062, -1.489, -0.10614, -2.123, -5.902, -8.77, -8.46, -4.34, 2.486, 10.21, 16.58, 19.58, 17.84, 11.53, 1.552, -10.3, -20.94, -26.81, -26.3, -21.55, -16.8, -15.32, -15.84, -14.695, -8.805, 1.681, 14.12, 25.3, 32.47, 34.8, 32.62, 27.31, 21.05, 15.695, 12.41, 11.53, 12.51, 14.5, 16.56, 17.81, 17.98, 17.12, 15.35, 13.14, 10.8, 8.664, 6.992, 5.746, 4.773, 3.91, 2.977, 1.814, 0.4846, -0.983, -2.318, -3.273, -3.512, -2.936, -1.719, -0.2084, 1.088, 1.825, 1.873, 1.415, 0.52, -1.344, -4.86, -9.82, -14.58, -16.58, -14.07, -6.52, 5.34, 18.84, 29.84, 34.8, 33.12, 26.83, 19.48, 13.18, 7.457, 1.373, -4.11, -7.3, -8.02
-7.43, -7.117, -5.434, -0.9336, 6.223, 13.77, 18.94, 20.34, 18.02, 12.46, 4.453, -4.82, -13.086, -17.14, -15.16, -8.83, -2.125, 1.432, 0.658, -3.115, -6.75, -7.008, -2.668, 5.01, 13.57, 20.2, 22.94, 20.78, 14.28, 4.633, -6.91, -18.0, -24.95, -25.44, -21.08, -16.08, -13.8, -13.81, -12.67, -7.242, 2.637, 14.53, 25.08, 31.88, 33.8, 31.3, 25.84, 19.45, 14.09, 10.72, 9.58, 10.164, 11.76, 13.695, 15.34, 16.31, 16.44, 15.734, 14.27, 12.27, 10.195, 8.28, 6.656, 5.32, 4.17, 3.064, 1.848, 0.572, -0.77, -1.944, -2.727, -2.865, -2.332, -1.35, -0.2754, 0.514, 0.9614, 1.268, 1.783, 2.28, 1.604, -1.3955, -6.75, -12.48, -15.555, -13.34, -5.375, 6.812, 20.14, 30.53, 34.8, 32.47, 25.78, 18.42, 12.805, 8.4, 3.5, -1.777, -5.676, -7.258
-7.066, -6.355, -3.941, 1.344, 9.125, 16.9, 21.89, 22.83, 19.88, 14.07, 6.188, -3.281, -12.66, -18.61, -18.16, -11.91, -3.775, 1.782, 2.588, -0.613, -4.47, -5.03, -0.687, 7.39, 16.17, 22.64, 24.83, 22.2, 15.89, 7.254, -3.031, -13.445, -20.97, -22.77, -19.47, -14.85, -12.234, -11.76, -10.555, -5.727, 3.217, 14.22, 24.14, 30.55, 32.25, 29.7, 24.2, 17.72, 12.414, 9.08, 7.82, 8.03, 9.06, 10.586, 12.164, 13.61, 14.63, 14.91, 14.45, 13.27, 11.68, 9.86, 8.1, 6.5, 5.035, 3.621, 2.107, 0.589, -0.9565, -2.32, -3.186, -3.328, -2.691, -1.546, -0.3198, 0.622, 1.312, 2.08, 3.215, 4.07, 3.307, -0.03146, -5.582, -11.39, -14.625, -12.65, -4.625, 7.6, 20.66, 30.42, 34.12, 31.2, 24.1, 16.61, 11.48, 8.266, 4.75, 0.0432, -4.293, -6.63
-6.75, -5.5, -2.195, 3.66, 11.52, 19.02, 23.38, 23.5, 19.9, 14.12, 7.035, -1.445, -10.82, -18.08, -19.5, -14.49, -6.324, 0.316, 2.441, 0.2607, -3.002, -3.297, 1.192, 9.22, 17.73, 23.72, 25.2, 22.11, 16.03, 8.72, 0.558, -8.25, -15.51, -18.48, -16.95, -13.484, -11.14, -10.33, -8.98, -4.61, 3.457, 13.44, 22.5, 28.45, 29.97, 27.33, 21.69, 15.39, 10.21, 7.137, 5.99, 5.98, 6.566, 7.594, 8.84, 10.305, 11.7, 12.76, 13.29, 13.03, 12.21, 10.945, 9.48, 7.945, 6.387, 4.78, 3.04, 1.207, -0.758, -2.646, -4.074, -4.664, -4.223, -2.861, -1.122, 0.4963, 1.803, 2.895, 3.615, 3.096, 0.396, -4.47, -9.95, -14.24, -15.734, -12.71, -4.3, 7.984, 20.58, 29.77, 32.9, 29.39, 21.83, 14.19, 9.414, 7.363, 5.25, 1.477, -2.938, -5.996
-6.223, -4.57, -0.562, 5.523, 12.87, 19.39, 22.66, 21.77, 17.61, 12.15, 6.55, 0.09076, -7.777, -15.1, -18.17, -15.39, -8.76, -2.578, 0.11334, -0.851, -2.809, -2.28, 2.387, 9.99, 17.78, 22.73, 23.33, 19.78, 14.016, 8.305, 2.72, -3.512, -9.67, -13.36, -13.66, -12.02, -10.49, -9.6, -8.0, -3.973, 3.098, 11.87, 19.94, 25.22, 26.4, 23.55, 17.94, 11.81, 7.18, 4.75, 3.918, 3.896, 4.184, 4.812, 5.637, 6.74, 8.08, 9.43, 10.484, 11.016, 11.016, 10.55, 9.695, 8.59, 7.33, 5.89, 4.22, 2.3, 0.1299, -2.193, -4.316, -5.715, -5.92, -4.855, -2.924, -0.799, 0.9453, 1.829, 1.314, -1.504, -6.953, -13.59, -18.86, -20.72, -19.0, -13.59, -4.363, 7.758, 19.58, 27.8, 29.97, 25.97, 18.16, 10.76, 6.656, 5.492, 4.66, 2.129, -1.808, -5.168
-5.066, -3.443, 0.5947, 6.168, 12.22, 16.92, 18.62, 16.83, 12.8, 8.43, 4.652, 0.7046, -4.605, -10.46, -14.13, -13.55, -9.56, -5.13, -2.766, -2.742, -3.215, -1.707, 2.855, 9.336, 15.44, 18.84, 18.31, 14.61, 9.81, 5.78, 2.69, -0.738, -4.836, -8.21, -9.695, -9.69, -9.26, -8.64, -7.098, -3.459, 2.432, 9.56, 16.02, 19.92, 20.33, 17.2, 12.13, 7.05, 3.57, 1.965, 1.571, 1.708, 1.867, 2.11, 2.545, 3.232, 4.2, 5.34, 6.457, 7.348, 7.848, 7.99, 7.754, 7.2, 6.46, 5.496, 4.27, 2.756, 0.8916, -1.293, -3.59, -5.504, -6.465, -6.13, -4.69, -2.791, -1.186, -0.7563, -2.361, -6.66, -13.57, -21.03, -25.83, -25.9, -21.58, -14.09, -4.16, 7.12, 17.34, 23.7, 24.33, 19.67, 12.58, 6.555, 3.521, 3.133, 3.2, 1.893, -0.9453, -3.934
-3.518, -2.365, 0.6465, 4.523, 8.2, 10.57, 10.77, 8.88, 5.984, 3.297, 1.511, -0.02182, -2.445, -5.76, -8.48, -9.06, -7.543, -5.32, -3.854, -3.451, -3.113, -1.52, 1.843, 6.07, 9.56, 10.984, 9.88, 7.09, 4.043, 2.01, 0.8003, -0.4421, -2.336, -4.387, -5.805, -6.46, -6.758, -6.574, -5.492, -2.943, 1.02, 5.57, 9.58, 11.516, 11.07, 8.42, 4.977, 1.858, -0.02933, -0.8047, -0.835, -0.6846, -0.5786, -0.4854, -0.3271, -0.0094, 0.4995, 1.199, 1.931, 2.611, 3.129, 3.445, 3.53, 3.393, 3.11, 2.693, 2.105, 1.267, 0.1615, -1.192, -2.744, -4.254, -5.285, -5.44, -4.805, -3.736, -2.783, -2.738, -4.3, -7.9, -13.445, -19.31, -22.88, -22.36, -18.11, -11.47, -3.264, 5.12, 11.836, 15.195, 14.4, 10.45, 5.637, 2.059, 0.513, 0.545, 0.9355, 0.5376, -0.9077, -2.727
-2.52, -2.115, -1.04, 0.2308, 1.245, 1.716, 1.451, 0.6753, -0.2898, -1.084, -1.501, -1.747, -2.31, -3.281, -4.156, -4.496, -4.242, -3.701, -3.244, -3.053, -2.838, -2.197, -1.056, 0.3281, 1.264, 1.449, 0.8335, -0.199, -1.191, -1.717, -1.885, -2.072, -2.527, -3.057, -3.584, -3.957, -4.12, -4.15, -3.783, -2.89, -1.624, -0.1528, 0.884, 1.286, 0.796, -0.1569, -1.358, -2.273, -2.777, -2.918, -2.799, -2.725, -2.666, -2.656, -2.582, -2.459, -2.305, -2.09, -1.85, -1.607, -1.399, -1.257, -1.145, -1.144, -1.24, -1.359, -1.465, -1.666, -2.023, -2.447, -2.928, -3.445, -3.854, -3.979, -3.852, -3.58, -3.273, -3.31, -3.912, -5.203, -7.23, -9.37, -10.6, -10.28, -8.41, -5.496, -2.232, 0.757, 2.844, 3.465, 2.785, 1.254, -0.279, -1.255, -1.604, -1.496, -1.341, -1.417, -1.785, -2.29
