1.977, 2.0, 2.0, 2.0, 2.0, 2.0, 1.992, 1.945, 1.936, 1.945, 1.943, 1.943, 1.937, 1.93, 1.953, 1.965, 1.967, 1.98, 1.963, 2.0, 1.996, 2.0, 1.957, 1.977, 2.0, 1.982, 2.0, 1.988, 2.0, 1.992, 1.965, 1.979, 1.984, 2.0, 2.0, 2.04, 1.995, 2.012, 2.0, 2.0, 1.994, 2.0, 2.012, 2.0, 1.977, 1.943, 1.924, 1.896, 1.888, 1.92, 1.908, 1.896, 1.902, 1.902, 1.922, 1.961, 1.953, 2.0, 1.957, 1.965, 1.947, 1.951, 1.955, 1.936, 1.956, 1.994, 2.0, 2.027, 2.035, 2.043, 2.04, 2.016, 2.031, 2.07, 2.062, 2.0, 2.066, 2.047, 2.05, 2.102, 2.082, 2.145, 2.2, 2.168, 2.133, 2.11, 2.09, 2.074, 2.0, 2.0, 1.992, 1.981, 1.967, 1.934, 1.865, 1.888, 1.927, 1.945, 1.932, 1.928
1.15, 1.164, 1.18, 1.184, 1.182, 1.166, 1.166, 1.133, 1.133, 1.168, 1.174, 1.184, 1.184, 1.182, 1.184, 1.176, 1.15, 1.158, 1.139, 1.176, 1.1875, 1.193, 1.143, 1.145, 1.186, 1.176, 1.1875, 1.191, 1.227, 1.229, 1.197, 1.193, 1.186, 1.156, 1.145, 1.186, 1.145, 1.139, 1.145, 1.145, 1.133, 1.146, 1.16, 1.152, 1.139, 1.118, 1.104, 1.094, 1.098, 1.134, 1.139, 1.111, 1.107, 1.111, 1.107, 1.135, 1.141, 1.178, 1.152, 1.154, 1.139, 1.137, 1.148, 1.145, 1.169, 1.209, 1.221, 1.248, 1.254, 1.271, 1.283, 1.238, 1.244, 1.279, 1.268, 1.199, 1.24, 1.219, 1.219, 1.279, 1.271, 1.307, 1.355, 1.336, 1.285, 1.275, 1.252, 1.244, 1.1875, 1.166, 1.168, 1.15, 1.15, 1.109, 1.057, 1.066, 1.123, 1.137, 1.129, 1.128
0.6904, 0.6914, 0.709, 0.7314, 0.7275, 0.716, 0.7256, 0.7134, 0.6885, 0.7207, 0.721, 0.7305, 0.7246, 0.6973, 0.6924, 0.6816, 0.6406, 0.625, 0.625, 0.666, 0.6943, 0.694, 0.649, 0.619, 0.6533, 0.661, 0.674, 0.672, 0.704, 0.71, 0.672, 0.671, 0.667, 0.6416, 0.6113, 0.6523, 0.6113, 0.6016, 0.6016, 0.6055, 0.619, 0.633, 0.6533, 0.674, 0.667, 0.6523, 0.6465, 0.6357, 0.6475, 0.669, 0.668, 0.659, 0.668, 0.676, 0.673, 0.6885, 0.6914, 0.742, 0.718, 0.716, 0.6914, 0.6963, 0.702, 0.697, 0.7104, 0.7275, 0.7275, 0.745, 0.7666, 0.7715, 0.784, 0.747, 0.743, 0.787, 0.7803, 0.7305, 0.74, 0.7314, 0.7207, 0.7715, 0.7876, 0.8105, 0.859, 0.828, 0.786, 0.7705, 0.7734, 0.7656, 0.7246, 0.702, 0.7085, 0.715, 0.709, 0.6826, 0.634, 0.631, 0.6777, 0.673, 0.6455, 0.661
0.3745, 0.3818, 0.393, 0.4277, 0.4275, 0.4287, 0.457, 0.457, 0.4272, 0.4204, 0.4194, 0.4229, 0.4126, 0.37, 0.3462, 0.3384, 0.3018, 0.2793, 0.2993, 0.329, 0.358, 0.349, 0.3135, 0.269, 0.292, 0.315, 0.3486, 0.351, 0.372, 0.373, 0.3271, 0.3047, 0.3232, 0.3027, 0.2822, 0.3035, 0.2627, 0.2263, 0.2312, 0.2515, 0.2925, 0.3164, 0.3418, 0.3818, 0.396, 0.3882, 0.3735, 0.373, 0.374, 0.38, 0.3677, 0.3555, 0.351, 0.3545, 0.3594, 0.392, 0.3926, 0.4302, 0.4417, 0.4443, 0.4111, 0.3975, 0.4062, 0.3965, 0.401, 0.3906, 0.3828, 0.3926, 0.4229, 0.4192, 0.433, 0.395, 0.3867, 0.4326, 0.4463, 0.4302, 0.4214, 0.4072, 0.3818, 0.4106, 0.4385, 0.483, 0.5225, 0.5156, 0.474, 0.4448, 0.4507, 0.459, 0.4282, 0.414, 0.4204, 0.4365, 0.4487, 0.4258, 0.3794, 0.358, 0.377, 0.354, 0.3193, 0.3306
0.1516, 0.1682, 0.171, 0.2085, 0.2173, 0.2314, 0.253, 0.2666, 0.2534, 0.2141, 0.2065, 0.2078, 0.2122, 0.1873, 0.1522, 0.1007, 0.0827, 0.06714, 0.10596, 0.1305, 0.1561, 0.1436, 0.10944, 0.0814, 0.1077, 0.1268, 0.1675, 0.1754, 0.1952, 0.1985, 0.1531, 0.11597, 0.1465, 0.1227, 0.06177, 0.0863, 0.06494, 0.01624, 0.00999, 0.02591, 0.0684, 0.10736, 0.1404, 0.1942, 0.2151, 0.2246, 0.2197, 0.2144, 0.2036, 0.2031, 0.1807, 0.1619, 0.1448, 0.1398, 0.1451, 0.172, 0.1837, 0.2178, 0.2354, 0.2554, 0.2202, 0.1964, 0.2004, 0.1775, 0.1721, 0.1616, 0.156, 0.166, 0.1871, 0.1777, 0.1875, 0.1593, 0.1514, 0.1772, 0.2012, 0.221, 0.2139, 0.187, 0.1523, 0.1506, 0.1866, 0.2292, 0.2798, 0.294, 0.2832, 0.2578, 0.2324, 0.2432, 0.2292, 0.2218, 0.2338, 0.2417, 0.2617, 0.2395, 0.1892, 0.1606, 0.1609, 0.1396, 0.10785, 0.10956
-0.01666, 0.01072, 0.02194, 0.05225, 0.06323, 0.0766, 0.0989, 0.11285, 0.1238, 0.08386, 0.06604, 0.0651, 0.0865, 0.0896, 0.01663, -0.0847, -0.0897, -0.0846, -0.0476, -0.012566, 0.007812, 0.009766, -0.003168, -0.009636, 0.00797, 0.01743, 0.02408, 0.03894, 0.06055, 0.0722, 0.0568, 0.0458, 0.0627, -0.001858, -0.1051, -0.08545, -0.07745, -0.11035, -0.1201, -0.10376, -0.0753, -0.0407, -0.000369, 0.05145, 0.0708, 0.09705, 0.1045, 0.08673, 0.0581, 0.0509, 0.0335, 0.01874, 0.00788, -0.004322, 0.01221, 0.03955, 0.0535, 0.0689, 0.0948, 0.1038, 0.0753, 0.0551, 0.0625, 0.04755, 0.0333, 0.01799, 0.00728, 0.01724, 0.02736, 0.02386, 0.01273, -0.013824, -0.01894, -0.001042, 0.00938, 0.0425, 0.0554, 0.0371, 0.002253, -0.00665, 0.01352, 0.04214, 0.0844, 0.1152, 0.119, 0.1142, 0.0874, 0.0827, 0.0863, 0.08655, 0.0966, 0.099, 0.1079, 0.09924, 0.03555, 0.0117, 0.01628, 0.00736, -0.01924, -0.04437
-0.1588, -0.1192, -0.0873, -0.04987, -0.03125, -0.01587, -0.00407, 0.01283, 0.01563, -0.01438, -0.03583, -0.03143, -0.002796, -0.002687, -0.125, -0.2297, -0.2175, -0.1897, -0.1726, -0.1378, -0.10767, -0.07825, -0.0608, -0.0464, -0.02887, -0.04514, -0.0736, -0.0742, -0.05048, -0.03116, -0.01576, -0.00909, -0.01738, -0.1144, -0.1929, -0.1765, -0.1746, -0.196, -0.2004, -0.1875, -0.1626, -0.1365, -0.09045, -0.04868, -0.02403, 0.004547, 0.01563, -0.010956, -0.06525, -0.0905, -0.11194, -0.127, -0.12274, -0.1168, -0.0963, -0.0739, -0.06494, -0.04776, -0.02469, -0.0256, -0.0405, -0.05106, -0.03806, -0.03055, -0.03735, -0.072, -0.09344, -0.083, -0.0814, -0.0909, -0.10144, -0.1267, -0.1411, -0.1327, -0.11755, -0.0917, -0.0727, -0.08777, -0.116, -0.12195, -0.1043, -0.08984, -0.0647, -0.0345, -0.01859, -0.00787, -0.01397, -0.01984, -0.01563, -0.00875, -0.00934, -0.02457, -0.01311, -0.02216, -0.0811, -0.12427, -0.1194, -0.09906, -0.1097, -0.1514
-0.209, -0.1704, -0.128, -0.098, -0.07477, -0.05365, -0.03778, -0.03357, -0.05292, -0.09644, -0.1156, -0.0971, -0.0633, -0.0707, -0.1934, -0.2964, -0.2732, -0.2446, -0.2266, -0.2112, -0.1814, -0.1472, -0.1088, -0.08496, -0.0591, -0.0859, -0.134, -0.147, -0.1259, -0.0982, -0.0733, -0.0652, -0.0959, -0.1711, -0.2043, -0.1887, -0.2017, -0.2417, -0.2524, -0.2332, -0.2109, -0.1753, -0.1309, -0.0956, -0.07196, -0.05365, -0.05942, -0.1031, -0.1726, -0.2119, -0.2334, -0.25, -0.2314, -0.199, -0.1705, -0.1602, -0.1658, -0.1481, -0.125, -0.1107, -0.1132, -0.10596, -0.0858, -0.0707, -0.0751, -0.1107, -0.135, -0.1272, -0.133, -0.1604, -0.1758, -0.1914, -0.2126, -0.2126, -0.1986, -0.1831, -0.1647, -0.1838, -0.2041, -0.2057, -0.198, -0.1863, -0.1649, -0.1398, -0.11926, -0.1029, -0.08954, -0.0877, -0.08514, -0.09, -0.08704, -0.107, -0.1142, -0.128, -0.1841, -0.2239, -0.2258, -0.1919, -0.1805, -0.2059
-0.2029, -0.165, -0.1292, -0.10547, -0.0856, -0.0753, -0.06995, -0.07996, -0.109, -0.1663, -0.175, -0.1552, -0.1288, -0.12256, -0.2163, -0.288, -0.2725, -0.2449, -0.229, -0.2239, -0.208, -0.1831, -0.1464, -0.10596, -0.074, -0.1168, -0.1843, -0.1985, -0.186, -0.155, -0.125, -0.11017, -0.1404, -0.1902, -0.1938, -0.1697, -0.1926, -0.253, -0.2695, -0.2463, -0.2173, -0.189, -0.1536, -0.1351, -0.1206, -0.1187, -0.1462, -0.1997, -0.2578, -0.2944, -0.305, -0.3076, -0.2856, -0.252, -0.2227, -0.2139, -0.2312, -0.2322, -0.2155, -0.1965, -0.173, -0.1503, -0.125, -0.10187, -0.1018, -0.1277, -0.1396, -0.12085, -0.1324, -0.1954, -0.2336, -0.2361, -0.2349, -0.2356, -0.2317, -0.2124, -0.2056, -0.2322, -0.253, -0.2422, -0.2336, -0.2302, -0.2244, -0.2065, -0.1809, -0.1671, -0.1443, -0.1324, -0.134, -0.1575, -0.1625, -0.1748, -0.1965, -0.2192, -0.2463, -0.273, -0.273, -0.2444, -0.2239, -0.2197
-0.1943, -0.1614, -0.1244, -0.09766, -0.0874, -0.0934, -0.1105, -0.144, -0.1865, -0.23, -0.2319, -0.2114, -0.186, -0.1707, -0.2098, -0.242, -0.2292, -0.2141, -0.2034, -0.2131, -0.2122, -0.1957, -0.1676, -0.1326, -0.1085, -0.1536, -0.2231, -0.2356, -0.2197, -0.1938, -0.1687, -0.1511, -0.1755, -0.2039, -0.1877, -0.1609, -0.1787, -0.2434, -0.263, -0.2314, -0.2085, -0.1965, -0.1958, -0.1814, -0.1731, -0.1877, -0.2227, -0.2568, -0.2764, -0.296, -0.3032, -0.294, -0.2705, -0.252, -0.2288, -0.2249, -0.2534, -0.27, -0.2627, -0.253, -0.2317, -0.2048, -0.1783, -0.1543, -0.156, -0.1671, -0.1499, -0.11755, -0.1294, -0.2156, -0.2715, -0.2588, -0.2397, -0.2312, -0.2297, -0.2134, -0.2108, -0.2422, -0.268, -0.2559, -0.248, -0.2603, -0.2632, -0.2463, -0.2201, -0.1919, -0.1683, -0.147, -0.1511, -0.2, -0.2239, -0.219, -0.2368, -0.2622, -0.2686, -0.2808, -0.2778, -0.2573, -0.2365, -0.2151
-0.1868, -0.1501, -0.1189, -0.0947, -0.10254, -0.1315, -0.1614, -0.2031, -0.2478, -0.2705, -0.2695, -0.2598, -0.2361, -0.2065, -0.1993, -0.2012, -0.188, -0.1677, -0.167, -0.2009, -0.2262, -0.2124, -0.198, -0.1819, -0.1671, -0.2, -0.2534, -0.2593, -0.2417, -0.2217, -0.2043, -0.198, -0.2173, -0.2319, -0.2085, -0.187, -0.1868, -0.2266, -0.2346, -0.2087, -0.1887, -0.1917, -0.2166, -0.2151, -0.2, -0.2173, -0.252, -0.2637, -0.2612, -0.269, -0.2798, -0.2817, -0.274, -0.254, -0.2319, -0.2244, -0.251, -0.2732, -0.2607, -0.255, -0.2603, -0.2612, -0.2367, -0.2294, -0.2222, -0.2239, -0.2028, -0.1714, -0.167, -0.242, -0.2861, -0.266, -0.2443, -0.229, -0.2339, -0.2246, -0.219, -0.2432, -0.269, -0.2637, -0.254, -0.266, -0.273, -0.2554, -0.226, -0.1969, -0.1721, -0.1504, -0.1604, -0.2148, -0.2456, -0.2324, -0.2495, -0.273, -0.2725, -0.2827, -0.2852, -0.2688, -0.2449, -0.2173
-0.1843, -0.1477, -0.1188, -0.103, -0.1432, -0.198, -0.2175, -0.2439, -0.2695, -0.273, -0.275, -0.2778, -0.2686, -0.2463, -0.2168, -0.2018, -0.1824, -0.1531, -0.1545, -0.2078, -0.2449, -0.2283, -0.2135, -0.2122, -0.2253, -0.255, -0.2769, -0.269, -0.2524, -0.241, -0.2402, -0.2524, -0.272, -0.2744, -0.2583, -0.2292, -0.2202, -0.2344, -0.2305, -0.2029, -0.1807, -0.1887, -0.2355, -0.2603, -0.2405, -0.242, -0.2642, -0.2627, -0.2524, -0.2607, -0.275, -0.2861, -0.2861, -0.2668, -0.2422, -0.231, -0.256, -0.271, -0.2568, -0.2563, -0.2788, -0.2979, -0.291, -0.2817, -0.2769, -0.271, -0.2612, -0.2332, -0.2246, -0.267, -0.294, -0.2734, -0.246, -0.2356, -0.2563, -0.2583, -0.2385, -0.2465, -0.271, -0.2666, -0.2524, -0.2607, -0.266, -0.2457, -0.2201, -0.1984, -0.1829, -0.1741, -0.1909, -0.231, -0.2524, -0.2451, -0.272, -0.295, -0.2896, -0.3027, -0.3218, -0.3054, -0.272, -0.2296
-0.1943, -0.1545, -0.1328, -0.1272, -0.2034, -0.2588, -0.252, -0.2583, -0.2686, -0.264, -0.269, -0.2852, -0.287, -0.2896, -0.2827, -0.2617, -0.2245, -0.1963, -0.2014, -0.2458, -0.2632, -0.242, -0.2279, -0.2283, -0.252, -0.2861, -0.295, -0.2712, -0.2568, -0.2715, -0.287, -0.3013, -0.316, -0.3218, -0.311, -0.287, -0.2656, -0.268, -0.2632, -0.2341, -0.2024, -0.2046, -0.2627, -0.3022, -0.2812, -0.265, -0.2686, -0.2632, -0.253, -0.266, -0.2905, -0.3013, -0.3037, -0.2866, -0.2642, -0.2612, -0.2852, -0.295, -0.2769, -0.2695, -0.282, -0.2964, -0.2979, -0.3003, -0.3047, -0.3108, -0.3105, -0.2925, -0.2705, -0.288, -0.31, -0.2954, -0.265, -0.248, -0.2712, -0.285, -0.2612, -0.2603, -0.2769, -0.269, -0.2495, -0.2544, -0.2563, -0.2329, -0.2185, -0.2139, -0.2104, -0.2126, -0.2346, -0.2593, -0.267, -0.266, -0.3127, -0.3452, -0.3203, -0.3389, -0.371, -0.3584, -0.315, -0.251
-0.2253, -0.1821, -0.1748, -0.1804, -0.2642, -0.3335, -0.3125, -0.296, -0.2861, -0.2812, -0.2952, -0.314, -0.3213, -0.3403, -0.3623, -0.3516, -0.304, -0.2642, -0.2695, -0.3047, -0.3032, -0.2808, -0.275, -0.271, -0.287, -0.3135, -0.3145, -0.2815, -0.2651, -0.3105, -0.3555, -0.357, -0.3506, -0.349, -0.3499, -0.337, -0.31, -0.3003, -0.294, -0.266, -0.2393, -0.2307, -0.2837, -0.3208, -0.3008, -0.291, -0.2883, -0.283, -0.271, -0.291, -0.317, -0.3208, -0.3167, -0.3032, -0.2979, -0.31, -0.3267, -0.3315, -0.315, -0.3037, -0.3032, -0.2988, -0.2983, -0.3003, -0.309, -0.33, -0.347, -0.3403, -0.319, -0.3193, -0.3335, -0.3213, -0.2886, -0.2651, -0.2842, -0.3008, -0.287, -0.2837, -0.291, -0.2808, -0.2607, -0.2637, -0.272, -0.255, -0.2424, -0.2534, -0.2505, -0.2463, -0.268, -0.2925, -0.2969, -0.3008, -0.375, -0.407, -0.3862, -0.3926, -0.4302, -0.4111, -0.3591, -0.2876
-0.3057, -0.2534, -0.241, -0.2578, -0.3413, -0.4204, -0.4077, -0.375, -0.3452, -0.3394, -0.3623, -0.376, -0.3784, -0.391, -0.4126, -0.4094, -0.3667, -0.3281, -0.3223, -0.3398, -0.3306, -0.3232, -0.3472, -0.3535, -0.3398, -0.351, -0.3545, -0.3267, -0.3057, -0.3667, -0.4282, -0.4155, -0.392, -0.3806, -0.3894, -0.3743, -0.3462, -0.329, -0.3179, -0.292, -0.271, -0.2622, -0.2988, -0.3406, -0.3462, -0.3467, -0.3506, -0.3413, -0.3179, -0.3296, -0.353, -0.349, -0.3308, -0.3228, -0.3364, -0.3535, -0.3599, -0.3623, -0.3691, -0.3735, -0.3604, -0.351, -0.3325, -0.3198, -0.3223, -0.3442, -0.3657, -0.3652, -0.3516, -0.3486, -0.353, -0.338, -0.3066, -0.2793, -0.2944, -0.3135, -0.3037, -0.3042, -0.3147, -0.31, -0.2944, -0.296, -0.3076, -0.2979, -0.2847, -0.2876, -0.2803, -0.268, -0.3018, -0.3442, -0.3418, -0.3513, -0.4263, -0.4766, -0.4604, -0.4595, -0.484, -0.4673, -0.4248, -0.3606
-0.398, -0.35, -0.3247, -0.3438, -0.424, -0.4814, -0.4775, -0.4565, -0.4307, -0.4194, -0.4448, -0.4478, -0.4465, -0.4497, -0.4517, -0.4355, -0.3967, -0.3672, -0.3638, -0.3665, -0.357, -0.3691, -0.4155, -0.4275, -0.3906, -0.3877, -0.398, -0.3862, -0.3743, -0.421, -0.4817, -0.4744, -0.454, -0.4458, -0.4402, -0.4224, -0.3901, -0.3652, -0.358, -0.3389, -0.3262, -0.314, -0.3403, -0.3984, -0.4272, -0.4233, -0.4126, -0.391, -0.3623, -0.3713, -0.3948, -0.3857, -0.3647, -0.3525, -0.3687, -0.3887, -0.3875, -0.3892, -0.4229, -0.4468, -0.4355, -0.412, -0.3877, -0.3691, -0.3599, -0.3691, -0.3792, -0.381, -0.38, -0.375, -0.3716, -0.3547, -0.3247, -0.303, -0.3115, -0.3235, -0.3179, -0.3257, -0.3428, -0.355, -0.3433, -0.3438, -0.3462, -0.335, -0.316, -0.3042, -0.294, -0.291, -0.3381, -0.4014, -0.417, -0.4243, -0.4697, -0.502, -0.4917, -0.496, -0.507, -0.4976, -0.4768, -0.4429
-0.462, -0.4414, -0.422, -0.4272, -0.4785, -0.502, -0.503, -0.502, -0.4905, -0.484, -0.4966, -0.497, -0.4888, -0.49, -0.4868, -0.4658, -0.4363, -0.418, -0.4204, -0.4214, -0.4111, -0.4297, -0.4702, -0.4702, -0.437, -0.4282, -0.442, -0.4424, -0.4304, -0.456, -0.4927, -0.4966, -0.496, -0.4954, -0.482, -0.4578, -0.4426, -0.4282, -0.4224, -0.4106, -0.4004, -0.391, -0.4053, -0.4595, -0.4922, -0.4832, -0.459, -0.4346, -0.4102, -0.421, -0.4507, -0.4458, -0.4248, -0.4102, -0.418, -0.4253, -0.416, -0.413, -0.455, -0.4883, -0.483, -0.4624, -0.436, -0.4165, -0.4124, -0.4116, -0.4077, -0.4116, -0.415, -0.4058, -0.4004, -0.3984, -0.3784, -0.3584, -0.3525, -0.3584, -0.3452, -0.3486, -0.3706, -0.3936, -0.3975, -0.3975, -0.3848, -0.3599, -0.3364, -0.332, -0.3389, -0.359, -0.4067, -0.455, -0.4685, -0.482, -0.499, -0.505, -0.5, -0.506, -0.5176, -0.508, -0.4946, -0.4849
-0.5, -0.4927, -0.4858, -0.4844, -0.504, -0.5107, -0.507, -0.508, -0.504, -0.502, -0.507, -0.507, -0.4976, -0.495, -0.4976, -0.4946, -0.4802, -0.475, -0.4775, -0.481, -0.477, -0.4844, -0.504, -0.4932, -0.4717, -0.4712, -0.476, -0.4824, -0.481, -0.4824, -0.4917, -0.4937, -0.5, -0.51, -0.498, -0.4824, -0.484, -0.4858, -0.478, -0.4763, -0.4697, -0.4644, -0.4692, -0.5, -0.5186, -0.509, -0.4927, -0.4775, -0.4673, -0.478, -0.502, -0.4995, -0.4785, -0.466, -0.4663, -0.4717, -0.4543, -0.4434, -0.476, -0.51, -0.5, -0.4912, -0.4746, -0.4624, -0.4731, -0.4766, -0.4663, -0.456, -0.4587, -0.4536, -0.4526, -0.4521, -0.4443, -0.435, -0.4258, -0.4329, -0.4092, -0.397, -0.4077, -0.4292, -0.438, -0.4468, -0.436, -0.3984, -0.3804, -0.3872, -0.4033, -0.4438, -0.4854, -0.4941, -0.497, -0.505, -0.51, -0.5195, -0.515, -0.517, -0.5283, -0.5137, -0.5034, -0.508
-0.51, -0.5, -0.497, -0.497, -0.5107, -0.5234, -0.5137, -0.5, -0.498, -0.5, -0.502, -0.503, -0.5, -0.498, -0.4988, -0.504, -0.499, -0.5, -0.508, -0.508, -0.5107, -0.5137, -0.5156, -0.507, -0.5, -0.5, -0.5, -0.5024, -0.504, -0.5, -0.506, -0.502, -0.503, -0.5166, -0.5107, -0.4985, -0.5, -0.503, -0.503, -0.507, -0.5, -0.498, -0.502, -0.5176, -0.5244, -0.5156, -0.504, -0.499, -0.497, -0.5117, -0.5273, -0.5195, -0.509, -0.5, -0.4966, -0.4956, -0.4812, -0.472, -0.502, -0.5225, -0.501, -0.4917, -0.4912, -0.4873, -0.502, -0.5186, -0.507, -0.4863, -0.4834, -0.4902, -0.4922, -0.4949, -0.501, -0.5, -0.495, -0.502, -0.4836, -0.4556, -0.4575, -0.4756, -0.4775, -0.4834, -0.481, -0.4624, -0.4443, -0.4517, -0.4595, -0.4946, -0.532, -0.533, -0.5283, -0.5273, -0.534, -0.549, -0.549, -0.549, -0.5566, -0.536, -0.5215, -0.5205
-0.5166, -0.504, -0.5, -0.504, -0.5186, -0.5303, -0.5166, -0.498, -0.498, -0.507, -0.5186, -0.5215, -0.5186, -0.5107, -0.502, -0.503, -0.5, -0.503, -0.509, -0.5146, -0.5205, -0.5205, -0.5195, -0.5205, -0.5215, -0.5166, -0.5186, -0.5195, -0.5146, -0.5117, -0.5225, -0.5186, -0.517, -0.5254, -0.5215, -0.506, -0.5, -0.499, -0.5, -0.503, -0.5, -0.502, -0.51, -0.5186, -0.516, -0.509, -0.503, -0.507, -0.5137, -0.522, -0.5264, -0.519, -0.5176, -0.5127, -0.509, -0.503, -0.4956, -0.495, -0.5186, -0.5293, -0.507, -0.497, -0.502, -0.4966, -0.5, -0.5107, -0.503, -0.49, -0.4946, -0.5117, -0.5264, -0.536, -0.5547, -0.5547, -0.533, -0.5303, -0.5215, -0.505, -0.505, -0.505, -0.503, -0.503, -0.5063, -0.504, -0.4993, -0.503, -0.502, -0.5234, -0.549, -0.5576, -0.5586, -0.5635, -0.577, -0.583, -0.584, -0.5947, -0.6055, -0.581, -0.5547, -0.5337
-0.5166, -0.507, -0.505, -0.5156, -0.5312, -0.532, -0.5127, -0.504, -0.509, -0.5156, -0.539, -0.5586, -0.551, -0.5264, -0.509, -0.5117, -0.5137, -0.5146, -0.5195, -0.5244, -0.536, -0.535, -0.5254, -0.5244, -0.5234, -0.5156, -0.5195, -0.5195, -0.5137, -0.5186, -0.5264, -0.5205, -0.5176, -0.5264, -0.5186, -0.504, -0.5, -0.504, -0.5015, -0.4976, -0.5, -0.508, -0.51, -0.508, -0.503, -0.5, -0.506, -0.5117, -0.51, -0.509, -0.51, -0.5044, -0.509, -0.507, -0.5107, -0.508, -0.506, -0.511, -0.5215, -0.5234, -0.5117, -0.5146, -0.5225, -0.5195, -0.5146, -0.507, -0.4966, -0.497, -0.5107, -0.5303, -0.5576, -0.582, -0.6133, -0.6123, -0.588, -0.5635, -0.552, -0.547, -0.536, -0.5195, -0.506, -0.503, -0.505, -0.51, -0.5215, -0.539, -0.542, -0.546, -0.5566, -0.5723, -0.581, -0.587, -0.6025, -0.6006, -0.5947, -0.6113, -0.628, -0.6143, -0.581, -0.545
-0.509, -0.502, -0.51, -0.5273, -0.547, -0.541, -0.5176, -0.5117, -0.5156, -0.5156, -0.547, -0.578, -0.5664, -0.535, -0.5225, -0.5303, -0.539, -0.549, -0.55, -0.5547, -0.5635, -0.552, -0.5264, -0.5156, -0.5137, -0.508, -0.5127, -0.5107, -0.5107, -0.5195, -0.5186, -0.5103, -0.51, -0.5146, -0.508, -0.5, -0.5, -0.505, -0.509, -0.503, -0.502, -0.509, -0.506, -0.5, -0.501, -0.503, -0.5127, -0.5156, -0.505, -0.502, -0.503, -0.5, -0.501, -0.503, -0.5186, -0.5264, -0.5225, -0.5283, -0.5244, -0.5186, -0.5186, -0.537, -0.552, -0.5527, -0.54, -0.5195, -0.506, -0.5205, -0.546, -0.5703, -0.6074, -0.6426, -0.677, -0.6777, -0.6436, -0.5957, -0.5625, -0.5537, -0.545, -0.5303, -0.5166, -0.504, -0.5, -0.5107, -0.532, -0.5576, -0.5654, -0.5625, -0.5615, -0.592, -0.6104, -0.599, -0.5986, -0.592, -0.583, -0.588, -0.609, -0.6113, -0.591, -0.545
-0.5137, -0.5, -0.5146, -0.538, -0.5547, -0.546, -0.5244, -0.5166, -0.5117, -0.5107, -0.538, -0.562, -0.546, -0.5225, -0.533, -0.5557, -0.5586, -0.5635, -0.5664, -0.5693, -0.575, -0.5615, -0.533, -0.5176, -0.509, -0.503, -0.506, -0.507, -0.5107, -0.5156, -0.5117, -0.503, -0.503, -0.505, -0.501, -0.5, -0.5, -0.502, -0.5083, -0.5146, -0.506, -0.5, -0.5, -0.4985, -0.5, -0.503, -0.5127, -0.5176, -0.5107, -0.5137, -0.5137, -0.505, -0.5, -0.507, -0.5264, -0.535, -0.539, -0.541, -0.5293, -0.5186, -0.5205, -0.5415, -0.5615, -0.5645, -0.552, -0.5303, -0.5195, -0.548, -0.59, -0.623, -0.662, -0.6963, -0.7197, -0.718, -0.672, -0.6064, -0.5635, -0.5537, -0.5527, -0.548, -0.533, -0.5127, -0.5, -0.508, -0.5225, -0.543, -0.5586, -0.5566, -0.551, -0.5947, -0.631, -0.6094, -0.586, -0.5713, -0.5566, -0.55, -0.5674, -0.59, -0.588, -0.5527
-0.5254, -0.506, -0.5127, -0.533, -0.547, -0.535, -0.5195, -0.5215, -0.5215, -0.5195, -0.5293, -0.535, -0.5166, -0.508, -0.536, -0.5645, -0.5586, -0.5527, -0.548, -0.552, -0.5693, -0.5693, -0.547, -0.5264, -0.5107, -0.504, -0.505, -0.505, -0.504, -0.504, -0.503, -0.5, -0.505, -0.507, -0.5, -0.5, -0.507, -0.51, -0.5195, -0.532, -0.5244, -0.506, -0.5, -0.502, -0.503, -0.4988, -0.503, -0.509, -0.5117, -0.5244, -0.5215, -0.505, -0.504, -0.5186, -0.5283, -0.5303, -0.538, -0.537, -0.5205, -0.508, -0.507, -0.5234, -0.543, -0.551, -0.551, -0.544, -0.54, -0.573, -0.616, -0.644, -0.666, -0.6836, -0.6934, -0.6924, -0.6562, -0.6006, -0.5693, -0.573, -0.58, -0.5776, -0.5586, -0.529, -0.51, -0.5083, -0.5127, -0.5254, -0.537, -0.535, -0.5283, -0.5713, -0.6074, -0.592, -0.5596, -0.541, -0.5293, -0.5225, -0.536, -0.5566, -0.5664, -0.5527
-0.5234, -0.509, -0.506, -0.5195, -0.534, -0.5244, -0.5166, -0.5293, -0.548, -0.546, -0.5303, -0.5156, -0.505, -0.505, -0.5312, -0.549, -0.544, -0.539, -0.5273, -0.539, -0.577, -0.588, -0.5596, -0.5303, -0.5146, -0.504, -0.504, -0.508, -0.505, -0.5, -0.499, -0.501, -0.504, -0.504, -0.5, -0.5, -0.5107, -0.5244, -0.533, -0.548, -0.545, -0.5195, -0.504, -0.507, -0.5146, -0.5117, -0.505, -0.507, -0.5146, -0.5283, -0.5244, -0.51, -0.5156, -0.533, -0.533, -0.5254, -0.5293, -0.5273, -0.5156, -0.508, -0.51, -0.5195, -0.532, -0.538, -0.547, -0.5537, -0.5576, -0.578, -0.6025, -0.616, -0.62, -0.626, -0.6367, -0.6387, -0.618, -0.583, -0.5703, -0.583, -0.5986, -0.6025, -0.589, -0.552, -0.5273, -0.5225, -0.5176, -0.5166, -0.5166, -0.5137, -0.51, -0.537, -0.5645, -0.5566, -0.5312, -0.5156, -0.507, -0.508, -0.5215, -0.5303, -0.534, -0.536
-0.5176, -0.5127, -0.509, -0.5107, -0.5156, -0.5146, -0.5137, -0.5264, -0.55, -0.5547, -0.533, -0.51, -0.5, -0.503, -0.5146, -0.5254, -0.5312, -0.537, -0.5347, -0.5527, -0.588, -0.589, -0.5596, -0.536, -0.5283, -0.5156, -0.506, -0.508, -0.506, -0.5, -0.5, -0.506, -0.505, -0.503, -0.503, -0.503, -0.5117, -0.5225, -0.536, -0.5566, -0.5596, -0.534, -0.51, -0.51, -0.5293, -0.539, -0.5254, -0.5127, -0.5195, -0.5293, -0.5244, -0.5156, -0.5234, -0.535, -0.536, -0.5254, -0.5195, -0.5215, -0.5215, -0.5215, -0.5273, -0.536, -0.543, -0.547, -0.5547, -0.5615, -0.5684, -0.577, -0.586, -0.5957, -0.6035, -0.6074, -0.611, -0.6074, -0.59, -0.5684, -0.5586, -0.5645, -0.581, -0.6006, -0.5957, -0.561, -0.537, -0.533, -0.5264, -0.5107, -0.503, -0.508, -0.509, -0.5186, -0.54, -0.539, -0.5225, -0.5127, -0.507, -0.507, -0.5195, -0.5283, -0.5293, -0.5244
-0.5127, -0.5176, -0.5176, -0.509, -0.5, -0.503, -0.5127, -0.5205, -0.5312, -0.54, -0.534, -0.5195, -0.51, -0.506, -0.503, -0.507, -0.5195, -0.535, -0.547, -0.5615, -0.5664, -0.549, -0.5312, -0.5293, -0.533, -0.5225, -0.508, -0.5, -0.5, -0.5, -0.504, -0.51, -0.508, -0.508, -0.505, -0.502, -0.51, -0.5166, -0.5303, -0.5596, -0.5684, -0.543, -0.5166, -0.5146, -0.537, -0.549, -0.5244, -0.507, -0.5176, -0.5264, -0.5176, -0.5117, -0.5205, -0.5303, -0.5312, -0.5215, -0.51, -0.5127, -0.5146, -0.5186, -0.537, -0.552, -0.5596, -0.5596, -0.5654, -0.574, -0.577, -0.578, -0.581, -0.5977, -0.618, -0.62, -0.6074, -0.589, -0.5757, -0.5684, -0.5615, -0.552, -0.5547, -0.5703, -0.5654, -0.544, -0.5293, -0.5234, -0.5186, -0.505, -0.502, -0.5205, -0.5264, -0.5225, -0.532, -0.536, -0.5195, -0.5117, -0.507, -0.506, -0.5225, -0.537, -0.535, -0.5195
-0.5107, -0.5117, -0.5146, -0.5107, -0.4985, -0.5, -0.5107, -0.5166, -0.5225, -0.5283, -0.5273, -0.5225, -0.5156, -0.508, -0.501, -0.502, -0.5137, -0.5283, -0.533, -0.538, -0.5366, -0.5146, -0.503, -0.507, -0.504, -0.5, -0.5, -0.498, -0.5, -0.504, -0.505, -0.504, -0.5, -0.508, -0.506, -0.498, -0.508, -0.5137, -0.5273, -0.55, -0.5547, -0.532, -0.5117, -0.5137, -0.5293, -0.532, -0.508, -0.4956, -0.507, -0.5146, -0.51, -0.506, -0.5166, -0.5215, -0.5186, -0.5117, -0.5, -0.5, -0.504, -0.5127, -0.541, -0.5654, -0.5693, -0.5586, -0.5605, -0.574, -0.573, -0.5625, -0.5635, -0.584, -0.6113, -0.618, -0.6025, -0.584, -0.584, -0.59, -0.58, -0.5527, -0.538, -0.542, -0.5303, -0.5215, -0.5176, -0.505, -0.502, -0.505, -0.5107, -0.532, -0.543, -0.5303, -0.5244, -0.5244, -0.5156, -0.5137, -0.51, -0.507, -0.5205, -0.538, -0.539, -0.522
-0.5117, -0.5, -0.5, -0.505, -0.5, -0.502, -0.5, -0.504, -0.5146, -0.5225, -0.51, -0.4863, -0.4902, -0.4897, -0.503, -0.507, -0.5156, -0.5225, -0.5107, -0.506, -0.5176, -0.505, -0.4785, -0.4736, -0.4653, -0.4717, -0.4922, -0.4941, -0.4932, -0.5, -0.504, -0.4932, -0.4868, -0.4922, -0.4907, -0.489, -0.5, -0.5107, -0.5215, -0.5254, -0.5195, -0.507, -0.5, -0.5054, -0.5156, -0.5205, -0.508, -0.4976, -0.5, -0.507, -0.506, -0.505, -0.5127, -0.5156, -0.5107, -0.508, -0.502, -0.5, -0.506, -0.51, -0.5337, -0.5625, -0.5674, -0.544, -0.536, -0.5527, -0.551, -0.539, -0.538, -0.5454, -0.5654, -0.574, -0.574, -0.5723, -0.584, -0.592, -0.579, -0.542, -0.5186, -0.5234, -0.5146, -0.509, -0.5117, -0.5, -0.501, -0.5127, -0.5156, -0.5254, -0.532, -0.5225, -0.508, -0.51, -0.5244, -0.5293, -0.5215, -0.5156, -0.52, -0.533, -0.538, -0.5225
-0.507, -0.4941, -0.4912, -0.4863, -0.474, -0.4653, -0.454, -0.4688, -0.479, -0.484, -0.4497, -0.4385, -0.4556, -0.4658, -0.5, -0.5, -0.5107, -0.509, -0.4907, -0.4775, -0.4756, -0.4487, -0.4292, -0.421, -0.4175, -0.4453, -0.4668, -0.463, -0.4507, -0.4634, -0.483, -0.4697, -0.458, -0.4604, -0.463, -0.4756, -0.4932, -0.502, -0.506, -0.497, -0.4854, -0.4907, -0.496, -0.5, -0.504, -0.5117, -0.509, -0.4985, -0.5, -0.5107, -0.5107, -0.506, -0.509, -0.5137, -0.5107, -0.5073, -0.508, -0.5107, -0.509, -0.503, -0.5186, -0.547, -0.5557, -0.538, -0.5205, -0.5273, -0.5283, -0.5273, -0.5283, -0.5234, -0.5312, -0.532, -0.534, -0.544, -0.5537, -0.55, -0.539, -0.5186, -0.5103, -0.5215, -0.5156, -0.5107, -0.5117, -0.505, -0.5107, -0.5166, -0.505, -0.504, -0.51, -0.508, -0.4985, -0.5, -0.5205, -0.5293, -0.5205, -0.5176, -0.5186, -0.5195, -0.5186, -0.51
-0.4937, -0.4854, -0.4736, -0.4404, -0.4004, -0.3818, -0.3936, -0.415, -0.4058, -0.4204, -0.392, -0.376, -0.3848, -0.4014, -0.4526, -0.4663, -0.4785, -0.4653, -0.4434, -0.4307, -0.4028, -0.375, -0.3562, -0.3496, -0.3467, -0.38, -0.4097, -0.398, -0.3833, -0.3994, -0.4155, -0.4097, -0.4028, -0.418, -0.4365, -0.4585, -0.484, -0.478, -0.4648, -0.4512, -0.4604, -0.482, -0.496, -0.504, -0.5, -0.499, -0.501, -0.496, -0.5, -0.5107, -0.5107, -0.507, -0.503, -0.507, -0.5156, -0.505, -0.4976, -0.504, -0.5, -0.4985, -0.5117, -0.5283, -0.54, -0.535, -0.5156, -0.5127, -0.5146, -0.5205, -0.5225, -0.5234, -0.5312, -0.5264, -0.5225, -0.5293, -0.5225, -0.505, -0.502, -0.504, -0.5146, -0.5254, -0.5176, -0.51, -0.507, -0.5, -0.508, -0.506, -0.4922, -0.4927, -0.5, -0.502, -0.4985, -0.4985, -0.5034, -0.505, -0.509, -0.5166, -0.5137, -0.5107, -0.502, -0.4941
-0.4756, -0.4683, -0.4365, -0.3843, -0.3196, -0.3267, -0.3276, -0.3442, -0.3394, -0.3394, -0.3428, -0.3118, -0.315, -0.3374, -0.3877, -0.4087, -0.419, -0.4028, -0.3748, -0.3604, -0.337, -0.2944, -0.295, -0.2817, -0.287, -0.3154, -0.3315, -0.3242, -0.3076, -0.3193, -0.3398, -0.3418, -0.358, -0.387, -0.4023, -0.421, -0.4365, -0.4275, -0.4126, -0.4036, -0.42, -0.4502, -0.4688, -0.4915, -0.4917, -0.4922, -0.4941, -0.4946, -0.4985, -0.503, -0.503, -0.504, -0.4912, -0.4912, -0.508, -0.496, -0.4766, -0.479, -0.481, -0.4888, -0.502, -0.5, -0.508, -0.5137, -0.508, -0.504, -0.5073, -0.51, -0.51, -0.5137, -0.5244, -0.5244, -0.5234, -0.5215, -0.509, -0.496, -0.495, -0.5, -0.5107, -0.514, -0.5063, -0.502, -0.4998, -0.4985, -0.507, -0.5, -0.4688, -0.4644, -0.4702, -0.477, -0.4866, -0.502, -0.4912, -0.4512, -0.4727, -0.503, -0.4885, -0.4854, -0.4873, -0.4868
-0.4521, -0.438, -0.4202, -0.3604, -0.293, -0.2656, -0.2822, -0.2905, -0.276, -0.288, -0.2827, -0.2583, -0.2354, -0.2554, -0.2837, -0.3281, -0.349, -0.333, -0.3167, -0.29, -0.266, -0.25, -0.24, -0.2374, -0.2534, -0.2593, -0.2612, -0.2485, -0.237, -0.2646, -0.292, -0.3057, -0.333, -0.3535, -0.3682, -0.377, -0.377, -0.3674, -0.3682, -0.3735, -0.3926, -0.4165, -0.4248, -0.438, -0.4492, -0.458, -0.4585, -0.4614, -0.4692, -0.477, -0.4722, -0.4614, -0.4429, -0.4395, -0.4512, -0.4526, -0.442, -0.4438, -0.444, -0.4507, -0.4604, -0.4604, -0.4634, -0.4812, -0.483, -0.483, -0.4863, -0.4805, -0.4722, -0.4744, -0.4807, -0.4878, -0.4941, -0.4922, -0.4912, -0.495, -0.4985, -0.499, -0.503, -0.5, -0.4966, -0.502, -0.502, -0.493, -0.496, -0.4248, -0.4253, -0.4062, -0.4106, -0.4248, -0.4414, -0.466, -0.42, -0.4238, -0.4321, -0.4468, -0.4336, -0.4321, -0.4482, -0.4531
-0.418, -0.4165, -0.3813, -0.33, -0.2764, -0.2573, -0.2524, -0.2313, -0.2317, -0.2397, -0.2395, -0.2395, -0.2168, -0.2184, -0.2361, -0.2406, -0.2656, -0.2622, -0.25, -0.2397, -0.2151, -0.218, -0.2173, -0.2212, -0.219, -0.2117, -0.204, -0.2068, -0.2109, -0.2346, -0.2427, -0.2754, -0.314, -0.3179, -0.329, -0.3306, -0.3167, -0.3137, -0.3286, -0.3428, -0.3628, -0.3735, -0.3643, -0.3647, -0.3887, -0.3955, -0.3933, -0.401, -0.4048, -0.4033, -0.393, -0.3767, -0.3657, -0.3613, -0.3784, -0.391, -0.3848, -0.3818, -0.3818, -0.3843, -0.3877, -0.3984, -0.4185, -0.4302, -0.436, -0.4365, -0.4385, -0.4302, -0.4185, -0.4175, -0.4207, -0.4321, -0.4402, -0.4292, -0.4282, -0.4468, -0.4624, -0.4692, -0.4722, -0.4653, -0.4634, -0.4766, -0.4805, -0.4668, -0.3901, -0.4219, -0.4043, -0.3828, -0.3923, -0.3828, -0.3584, -0.3643, -0.3616, -0.3706, -0.3838, -0.3647, -0.376, -0.3438, -0.372, -0.4033
-0.3638, -0.3706, -0.3276, -0.2832, -0.2515, -0.2485, -0.2249, -0.1981, -0.1951, -0.2053, -0.1929, -0.1841, -0.2, -0.1958, -0.2058, -0.1963, -0.2, -0.1938, -0.2048, -0.2021, -0.188, -0.2019, -0.179, -0.1917, -0.1938, -0.1821, -0.1863, -0.1958, -0.1874, -0.1926, -0.2081, -0.2346, -0.2776, -0.2708, -0.2622, -0.2637, -0.2578, -0.2651, -0.2808, -0.2915, -0.312, -0.3208, -0.3032, -0.3008, -0.3076, -0.3203, -0.3271, -0.3428, -0.3457, -0.3281, -0.308, -0.308, -0.315, -0.315, -0.3179, -0.3198, -0.31, -0.3018, -0.3066, -0.311, -0.308, -0.3208, -0.3438, -0.35, -0.3584, -0.3667, -0.3735, -0.3745, -0.3687, -0.3638, -0.3682, -0.3882, -0.3896, -0.3613, -0.3413, -0.3616, -0.3843, -0.394, -0.4023, -0.396, -0.3955, -0.4077, -0.415, -0.391, -0.336, -0.3188, -0.3193, -0.3188, -0.3286, -0.3071, -0.3022, -0.2827, -0.2864, -0.3196, -0.3186, -0.3052, -0.3052, -0.2808, -0.3008, -0.33
-0.29, -0.3047, -0.2612, -0.2244, -0.2206, -0.2216, -0.208, -0.1904, -0.1807, -0.1766, -0.1677, -0.1366, -0.1699, -0.1643, -0.1848, -0.1787, -0.158, -0.1656, -0.1826, -0.1841, -0.1819, -0.1914, -0.1665, -0.1727, -0.1763, -0.1597, -0.1624, -0.1747, -0.1677, -0.1621, -0.1663, -0.1666, -0.2042, -0.2192, -0.1965, -0.1987, -0.21, -0.2268, -0.231, -0.2297, -0.252, -0.2451, -0.23, -0.2317, -0.2404, -0.2642, -0.276, -0.271, -0.273, -0.27, -0.25, -0.2578, -0.266, -0.253, -0.2388, -0.2375, -0.2329, -0.2174, -0.2306, -0.2433, -0.23, -0.2407, -0.2656, -0.2773, -0.2886, -0.3062, -0.3154, -0.3208, -0.3237, -0.3145, -0.315, -0.333, -0.3325, -0.3032, -0.274, -0.2886, -0.309, -0.315, -0.323, -0.3235, -0.3145, -0.3174, -0.356, -0.3464, -0.272, -0.2622, -0.2625, -0.266, -0.2832, -0.2769, -0.2642, -0.263, -0.2727, -0.273, -0.25, -0.2563, -0.2352, -0.2268, -0.2268, -0.2544
-0.2322, -0.255, -0.2202, -0.1858, -0.1855, -0.1873, -0.1636, -0.1622, -0.1577, -0.1516, -0.1292, -0.11676, -0.11896, -0.0953, -0.1521, -0.1749, -0.154, -0.1458, -0.1338, -0.1548, -0.1711, -0.1595, -0.1406, -0.1421, -0.1448, -0.1202, -0.11926, -0.1287, -0.1299, -0.10504, -0.08936, -0.1113, -0.1387, -0.1572, -0.1523, -0.1667, -0.1797, -0.189, -0.1929, -0.2072, -0.2153, -0.1797, -0.1653, -0.1682, -0.185, -0.2188, -0.2244, -0.2131, -0.2089, -0.22, -0.2065, -0.2163, -0.2056, -0.1829, -0.1558, -0.1533, -0.1471, -0.1375, -0.1628, -0.1816, -0.1704, -0.1625, -0.1882, -0.2065, -0.2281, -0.25, -0.2598, -0.2734, -0.2827, -0.2764, -0.2651, -0.2666, -0.2632, -0.2551, -0.2401, -0.2407, -0.2432, -0.2524, -0.2676, -0.2646, -0.266, -0.289, -0.2927, -0.3115, -0.2793, -0.2344, -0.2065, -0.2268, -0.2212, -0.2214, -0.2214, -0.2432, -0.2573, -0.2384, -0.2048, -0.218, -0.2241, -0.207, -0.196, -0.1965
-0.1934, -0.221, -0.1809, -0.1503, -0.1505, -0.1597, -0.1304, -0.1027, -0.0833, -0.09515, -0.0887, -0.0938, -0.08545, -0.0653, -0.11145, -0.1481, -0.1423, -0.1213, -0.1213, -0.119, -0.1365, -0.1274, -0.1233, -0.1201, -0.1139, -0.0995, -0.0838, -0.0864, -0.0837, -0.0578, -0.047, -0.06757, -0.0825, -0.1044, -0.1053, -0.1296, -0.1472, -0.1572, -0.1614, -0.1787, -0.1812, -0.1443, -0.1183, -0.1232, -0.1448, -0.1895, -0.198, -0.1719, -0.1721, -0.1742, -0.1675, -0.1699, -0.1614, -0.1295, -0.125, -0.1279, -0.10767, -0.0747, -0.08856, -0.1267, -0.10223, -0.0721, -0.0966, -0.1338, -0.1633, -0.1891, -0.2007, -0.2059, -0.2269, -0.2327, -0.2144, -0.2079, -0.2102, -0.2119, -0.2278, -0.2295, -0.2075, -0.2048, -0.2179, -0.254, -0.2612, -0.2468, -0.255, -0.2776, -0.2676, -0.249, -0.208, -0.2026, -0.192, -0.1956, -0.238, -0.2554, -0.295, -0.2524, -0.2025, -0.207, -0.2206, -0.175, -0.1368, -0.1345
-0.1322, -0.1787, -0.126, -0.10205, -0.1289, -0.1471, -0.1053, -0.0413, -0.01486, -0.029, -0.0532, -0.07465, -0.05225, -0.02194, -0.0557, -0.10614, -0.1131, -0.1036, -0.1053, -0.1262, -0.12103, -0.10895, -0.0852, -0.10345, -0.102, -0.0779, -0.05194, -0.06415, -0.07434, -0.03854, -0.005283, -0.0195, -0.02538, -0.03427, -0.0513, -0.084, -0.10455, -0.10406, -0.11816, -0.1387, -0.1384, -0.0972, -0.0494, -0.06097, -0.0936, -0.1438, -0.168, -0.1555, -0.1431, -0.1274, -0.1064, -0.125, -0.1175, -0.10474, -0.11584, -0.144, -0.1161, -0.06714, -0.06055, -0.09937, -0.05078, 0.007763, -0.01596, -0.049, -0.08545, -0.1118, -0.1332, -0.1454, -0.16, -0.1675, -0.1875, -0.1768, -0.175, -0.1958, -0.234, -0.2319, -0.1943, -0.1707, -0.179, -0.2083, -0.2018, -0.2102, -0.2219, -0.2169, -0.223, -0.2219, -0.2, -0.1902, -0.176, -0.1702, -0.229, -0.261, -0.3184, -0.25, -0.1902, -0.1799, -0.2291, -0.1819, -0.068, -0.0593
-0.09924, -0.1411, -0.10016, -0.10706, -0.1221, -0.1453, -0.0999, -0.02676, 0.002945, -0.002007, -0.0331, -0.0737, -0.03537, 0.02946, 0.01436, -0.03696, -0.07117, -0.0932, -0.09155, -0.1102, -0.10315, -0.07477, -0.0664, -0.07446, -0.10516, -0.07983, -0.06186, -0.0818, -0.0772, -0.01944, 0.01391, -0.003704, -0.0027, -0.003914, -0.01863, -0.0668, -0.08545, -0.0801, -0.0961, -0.1233, -0.125, -0.06555, 0.004894, 0.00828, -0.02443, -0.0765, -0.125, -0.1458, -0.1306, -0.0656, -0.02101, -0.0437, -0.0652, -0.07776, -0.10284, -0.1426, -0.1321, -0.07837, -0.06946, -0.1078, -0.04395, 0.0511, 0.06177, 0.0387, 0.006462, -0.03125, -0.05286, -0.064, -0.0922, -0.139, -0.1425, -0.1304, -0.1375, -0.1725, -0.2095, -0.2073, -0.1692, -0.144, -0.146, -0.1625, -0.1704, -0.1555, -0.1613, -0.1589, -0.1436, -0.1577, -0.1666, -0.1664, -0.09753, -0.09033, -0.1421, -0.2158, -0.2827, -0.2421, -0.1798, -0.1954, -0.2306, -0.187, -0.00871, 0.003967
-0.03424, -0.0764, -0.0842, -0.1103, -0.1327, -0.1642, -0.1119, -0.02989, 0.0328, 0.01624, -0.02899, -0.0703, -0.03177, 0.07227, 0.0907, 0.0347, -0.03183, -0.04727, -0.0827, -0.09216, -0.07275, -0.04825, -0.04614, -0.06647, -0.10126, -0.10754, -0.1003, -0.1084, -0.0906, -0.02463, 0.00872, -0.002077, 0.00991, 0.02016, -0.003218, -0.07, -0.0813, -0.06396, -0.08655, -0.1062, -0.1157, -0.06665, -0.0004063, 0.038, 0.03815, -0.013374, -0.0775, -0.10876, -0.0995, 0.001791, 0.06854, 0.04507, -0.0003972, -0.02806, -0.05627, -0.1132, -0.11804, -0.09424, -0.1011, -0.1343, -0.0642, 0.04947, 0.1117, 0.11646, 0.07715, 0.0437, 0.02777, 0.0106, -0.0357, -0.0901, -0.09296, -0.07623, -0.0836, -0.12006, -0.1609, -0.1599, -0.1487, -0.1353, -0.1554, -0.1609, -0.1388, -0.12317, -0.15, -0.1349, -0.1182, -0.141, -0.1604, -0.1598, -0.07434, -0.04645, -0.06177, -0.1326, -0.1808, -0.1741, -0.1658, -0.1937, -0.1976, -0.1396, 0.0273, 0.0612
0.02402, -0.0185, -0.05527, -0.0829, -0.10754, -0.147, -0.1368, -0.0656, 0.01614, 0.04025, -0.0006943, -0.05173, -0.03482, 0.07904, 0.12256, 0.0642, 0.01255, -0.001353, -0.001425, -0.01778, -0.009056, -0.007103, -0.04504, -0.07635, -0.11597, -0.1316, -0.1205, -0.1146, -0.08624, -0.01868, 0.01807, -0.01987, 0.01468, 0.04187, 0.007423, -0.04364, -0.04474, -0.0167, -0.05222, -0.0845, -0.08966, -0.0939, -0.04993, 0.0265, 0.07623, 0.05157, -0.00795, -0.04877, -0.04724, 0.0679, 0.1294, 0.10626, 0.069, 0.03482, -0.008125, -0.05792, -0.09204, -0.0974, -0.1195, -0.1504, -0.1012, 0.00953, 0.1079, 0.1503, 0.1109, 0.0942, 0.07404, 0.04675, 0.01361, -0.01459, -0.01398, -0.00275, -0.02325, -0.06195, -0.102, -0.1365, -0.1324, -0.1323, -0.1506, -0.1664, -0.12067, -0.1309, -0.1628, -0.144, -0.11426, -0.0995, -0.1418, -0.1383, -0.04465, -0.006695, -0.01435, -0.0672, -0.1002, -0.1332, -0.1193, -0.1512, -0.1711, -0.125, 0.04962, 0.10876
0.111, 0.04593, -0.000613, -0.03232, -0.08203, -0.1062, -0.1284, -0.1035, -0.02223, 0.028, -0.004692, -0.0503, -0.0572, 0.0452, 0.08887, 0.0488, 0.001713, 0.0357, 0.05896, 0.05078, 0.0489, 0.014366, -0.02737, -0.0747, -0.1042, -0.1151, -0.1187, -0.09045, -0.06335, -0.01001, 0.004784, -0.01422, 0.02112, 0.0545, 0.04272, 0.00427, 0.00925, 0.02635, -0.01247, -0.05017, -0.0919, -0.1306, -0.1079, -0.00785, 0.1059, 0.106, 0.0538, 0.01616, 0.004673, 0.0882, 0.1407, 0.127, 0.1017, 0.073, 0.03958, -0.010254, -0.0488, -0.0791, -0.11224, -0.1455, -0.1141, -0.01636, 0.10565, 0.1656, 0.1404, 0.095, 0.06335, 0.0469, 0.04507, 0.0381, 0.03937, 0.03503, 0.03023, -0.002869, -0.06604, -0.09094, -0.0693, -0.0884, -0.1387, -0.1311, -0.1426, -0.1713, -0.1841, -0.185, -0.1614, -0.1003, -0.0889, -0.09204, -0.02316, 0.00446, -0.01727, -0.0333, -0.05252, -0.05106, -0.05316, -0.08075, -0.128, -0.0877, 0.0742, 0.1667
0.1263, 0.0688, 0.02493, 0.010086, -0.03345, -0.0834, -0.1127, -0.125, -0.05624, -0.0005484, -0.0384, -0.0769, -0.063, 0.01364, 0.0339, -0.01729, -0.010765, 0.07947, 0.10504, 0.0901, 0.0819, 0.04993, 0.00819, -0.02802, -0.0654, -0.0798, -0.07513, -0.05347, -0.05032, -0.01958, -0.00968, -0.010796, 0.02681, 0.07336, 0.06415, 0.03918, 0.05728, 0.06805, 0.04102, -0.02019, -0.0775, -0.1311, -0.1426, -0.0514, 0.09326, 0.1451, 0.1, 0.0542, 0.034, 0.06396, 0.09143, 0.0902, 0.09576, 0.0819, 0.0628, 0.04364, 0.007126, -0.03235, -0.07947, -0.1272, -0.0967, 0.004807, 0.11566, 0.1467, 0.1035, 0.05463, -0.0002596, -0.004322, 0.01826, 0.02573, 0.04843, 0.0722, 0.0785, 0.0134, -0.02547, -0.05286, -0.05374, -0.0729, -0.08813, -0.07794, -0.10254, -0.12274, -0.1392, -0.1699, -0.1428, -0.088, -0.0745, -0.05667, -0.04987, -0.0619, -0.0615, -0.05316, -0.05222, 0.003883, 0.01811, -0.01665, -0.0457, -0.0423, 0.0629, 0.1619
0.11523, 0.065, 0.0329, 0.00528, -0.01797, -0.05054, -0.1023, -0.1066, -0.04147, -0.02618, -0.06995, -0.0832, -0.05685, -0.01092, -0.00557, -0.0609, -0.04572, 0.05756, 0.10767, 0.0798, 0.06335, 0.05225, 0.03308, 0.00268, -0.02919, -0.03458, -0.0286, -0.0223, -0.03003, -0.007835, 0.015175, 0.01415, 0.03616, 0.069, 0.06836, 0.06137, 0.0688, 0.079, 0.03958, -0.001421, -0.0471, -0.10394, -0.1277, -0.0745, 0.0751, 0.1499, 0.1213, 0.08075, 0.05795, 0.0484, 0.0383, 0.0454, 0.0652, 0.0775, 0.0833, 0.0845, 0.04874, -0.001134, -0.058, -0.1079, -0.0637, 0.007446, 0.05588, 0.06775, 0.0193, -0.01526, -0.06192, -0.07306, -0.05295, -0.02904, 0.03214, 0.09265, 0.08466, 0.04196, 0.0004647, -0.02531, -0.00674, -0.0063, -0.01294, -0.0003643, 0.0167, -0.028, -0.06433, -0.05057, -0.05038, -0.03552, -0.029, -0.03113, -0.0531, -0.0837, -0.07794, -0.0858, -0.05414, 0.00953, 0.06107, 0.0849, 0.05862, 0.04645, 0.09125, 0.1442
0.0828, 0.05383, 0.04544, 0.03625, 0.00826, -0.03345, -0.0723, -0.06976, -0.05154, -0.04242, -0.05347, -0.05414, -0.03668, -0.0182, -0.02187, -0.0903, -0.06915, 0.002207, 0.05203, 0.04395, 0.02602, 0.04602, 0.04987, 0.04556, 0.01825, 0.01043, 0.02881, 0.0436, 0.0359, 0.05786, 0.07446, 0.0641, 0.0669, 0.073, 0.08417, 0.07715, 0.06055, 0.05325, 0.02261, 0.000988, -0.01794, -0.03464, -0.04782, -0.003567, 0.1085, 0.1641, 0.1548, 0.1686, 0.1738, 0.147, 0.0831, 0.0538, 0.0812, 0.10284, 0.11646, 0.1274, 0.0976, 0.0233, -0.04218, -0.05856, -0.054, -0.049, -0.02611, -0.0354, -0.03992, -0.0806, -0.1342, -0.1505, -0.1404, -0.0947, -0.00757, 0.0611, 0.04742, 0.0527, 0.014755, 0.03168, 0.06714, 0.05664, 0.0778, 0.0975, 0.1053, 0.06305, 0.05988, 0.0628, 0.03513, 0.0325, 0.02644, -0.003805, -0.02448, -0.036, -0.03342, -0.06537, -0.01779, 0.0356, 0.0925, 0.114, 0.1149, 0.09924, 0.0856, 0.1199
0.1131, 0.0853, 0.08923, 0.0855, 0.05722, 0.0362, 0.0141, -0.0042, -0.02249, -0.02507, -0.01707, -0.006676, -0.00207, 0.003727, -0.02718, -0.0746, -0.0708, -0.01599, 0.02534, 0.03433, 0.02191, 0.0623, 0.10205, 0.1177, 0.1006, 0.1101, 0.1274, 0.155, 0.1555, 0.1721, 0.1934, 0.1951, 0.155, 0.1528, 0.1636, 0.133, 0.08325, 0.08417, 0.05948, 0.04004, 0.0628, 0.0663, 0.07635, 0.1313, 0.199, 0.2524, 0.2783, 0.3271, 0.3823, 0.349, 0.2366, 0.1891, 0.1746, 0.1931, 0.1978, 0.2087, 0.2047, 0.1189, 0.05823, 0.0275, -0.0378, -0.05685, -0.02882, -0.013565, -0.04364, -0.1233, -0.1735, -0.1674, -0.1746, -0.1864, -0.10535, 0.007324, 0.03214, 0.01976, 0.02333, 0.07367, 0.1387, 0.12256, 0.1443, 0.1929, 0.2147, 0.1998, 0.1954, 0.1975, 0.1414, 0.1021, 0.0516, 0.04532, 0.05817, 0.06036, 0.02689, 0.051, 0.102, 0.1262, 0.1481, 0.1841, 0.208, 0.1741, 0.1378, 0.1138
0.1907, 0.1958, 0.2048, 0.1968, 0.2284, 0.2188, 0.2059, 0.1628, 0.09827, 0.0677, 0.1064, 0.1188, 0.1255, 0.1155, 0.05023, -0.02065, 0.003218, 0.0654, 0.1168, 0.1583, 0.1298, 0.1687, 0.2505, 0.2637, 0.2461, 0.2607, 0.2852, 0.333, 0.331, 0.3213, 0.3667, 0.3608, 0.3271, 0.3145, 0.3486, 0.318, 0.2385, 0.25, 0.25, 0.25, 0.2715, 0.2842, 0.295, 0.3428, 0.4038, 0.4727, 0.538, 0.582, 0.6445, 0.657, 0.584, 0.5283, 0.4585, 0.4468, 0.4282, 0.4204, 0.408, 0.3064, 0.2075, 0.1572, 0.0781, 0.04285, 0.01415, 0.0584, -0.0408, -0.1035, -0.1616, -0.1521, -0.1874, -0.2125, -0.1412, -0.008766, 0.0007796, 0.0169, 0.08307, 0.1538, 0.2075, 0.2275, 0.2688, 0.379, 0.4314, 0.3975, 0.355, 0.3584, 0.298, 0.2278, 0.1992, 0.1991, 0.1738, 0.1886, 0.12305, 0.1804, 0.2001, 0.2112, 0.2683, 0.3213, 0.3398, 0.313, 0.2224, 0.1699
0.4026, 0.4263, 0.4766, 0.4653, 0.477, 0.4653, 0.4963, 0.467, 0.3926, 0.33, 0.3877, 0.4355, 0.439, 0.4302, 0.3604, 0.2808, 0.276, 0.358, 0.4067, 0.4644, 0.4253, 0.459, 0.5566, 0.5693, 0.54, 0.55, 0.575, 0.6396, 0.6704, 0.6475, 0.719, 0.747, 0.704, 0.6904, 0.71, 0.7295, 0.623, 0.623, 0.664, 0.704, 0.745, 0.75, 0.759, 0.797, 0.826, 0.8965, 0.9824, 1.029, 1.07, 1.078, 1.143, 1.014, 0.949, 0.9385, 0.9033, 0.8496, 0.8037, 0.681, 0.5264, 0.3887, 0.3218, 0.2527, 0.1428, 0.1511, 0.1233, 0.076, -0.00723, 0.0006866, -0.0754, -0.128, -0.02734, 0.03592, 0.05258, 0.1432, 0.191, 0.2632, 0.3262, 0.3733, 0.463, 0.5977, 0.7, 0.657, 0.626, 0.614, 0.5977, 0.4995, 0.475, 0.5215, 0.4617, 0.4143, 0.3665, 0.4263, 0.3545, 0.4177, 0.487, 0.589, 0.6387, 0.573, 0.4536, 0.4087
0.9565, 1.009, 1.066, 1.095, 1.055, 1.016, 1.064, 1.068, 1.031, 0.9873, 1.052, 1.113, 1.117, 1.111, 1.076, 1.018, 1.012, 1.082, 1.082, 1.131, 1.092, 1.135, 1.219, 1.271, 1.234, 1.25, 1.281, 1.348, 1.424, 1.424, 1.512, 1.578, 1.557, 1.549, 1.57, 1.622, 1.531, 1.551, 1.631, 1.68, 1.691, 1.703, 1.721, 1.758, 1.775, 1.807, 1.881, 1.91, 1.861, 1.898, 2.0, 1.893, 1.846, 1.822, 1.811, 1.723, 1.604, 1.417, 1.157, 0.981, 0.805, 0.634, 0.4487, 0.4148, 0.4216, 0.385, 0.3645, 0.3376, 0.2566, 0.1885, 0.1984, 0.2708, 0.3022, 0.359, 0.4214, 0.479, 0.5566, 0.616, 0.6787, 0.824, 0.8906, 0.912, 0.934, 0.9663, 0.935, 0.8604, 0.8975, 0.951, 0.9736, 0.85, 0.8057, 0.8037, 0.758, 0.8066, 0.8164, 0.958, 1.039, 0.984, 0.955, 0.9805
