-7.27, -7.707, -7.996, -8.31, -8.62, -8.92, -9.17, -9.305, -9.37, -9.22, -8.76, -8.086, -7.434, -7.133, -7.05, -7.285, -7.594, -7.99, -8.3, -8.51, -8.51, -8.41, -8.25, -8.086, -7.98, -8.06, -8.32, -8.63, -8.836, -8.61, -8.016, -7.285, -6.81, -6.555, -6.555, -6.656, -6.805, -6.97, -7.227, -7.527, -7.766, -8.06, -8.414, -8.75, -9.19, -9.59, -9.945, -10.055, -9.81, -9.23, -8.57, -8.195, -8.33, -9.04, -10.125, -11.35, -12.375, -12.93, -13.01, -12.5, -11.44, -10.234, -9.016, -8.27, -7.805, -7.59, -7.438, -7.41, -7.508, -7.766, -8.05, -8.34, -8.58, -8.766, -8.88, -9.01, -9.13, -9.28, -9.43, -9.58, -9.67, -9.67, -9.63, -9.57, -9.47, -9.36, -9.23, -9.13, -9.055, -9.0, -8.86, -8.59, -8.3, -7.977, -7.64, -7.242, -6.77, -6.383, -6.31, -6.668
-2.723, -4.074, -5.094, -6.207, -7.348, -8.31, -9.05, -9.57, -9.82, -9.43, -8.07, -5.902, -3.697, -2.365, -2.117, -2.72, -3.795, -5.06, -6.12, -6.793, -6.9, -6.594, -6.074, -5.473, -5.125, -5.383, -6.336, -7.617, -8.43, -7.848, -5.844, -3.324, -1.443, -0.569, -0.426, -0.635, -1.124, -1.871, -2.816, -3.846, -4.934, -6.082, -7.3, -8.63, -10.02, -11.336, -12.266, -12.4, -11.414, -9.46, -7.34, -6.15, -6.586, -8.734, -11.79, -15.05, -17.78, -19.52, -19.95, -18.77, -15.98, -12.2, -8.29, -5.246, -3.412, -2.34, -1.738, -1.701, -2.229, -3.104, -4.16, -5.11, -5.848, -6.395, -6.727, -7.055, -7.348, -7.734, -8.12, -8.4, -8.52, -8.47, -8.26, -7.848, -7.348, -6.89, -6.535, -6.367, -6.29, -6.168, -5.82, -5.15, -4.254, -3.355, -2.625, -1.779, -0.668, 0.278, 0.2695, -0.9824
2.652, 0.4075, -1.742, -4.062, -6.133, -7.664, -8.734, -9.57, -10.18, -9.9, -7.86, -4.09, 0.10034, 3.043, 3.969, 3.2, 1.269, -1.182, -3.467, -5.03, -5.566, -5.117, -4.09, -2.924, -2.18, -2.451, -4.04, -6.395, -8.08, -7.426, -4.027, 0.6772, 4.574, 6.652, 7.3, 7.117, 6.18, 4.56, 2.475, 0.1283, -2.277, -4.688, -7.09, -9.516, -11.766, -13.625, -14.7, -14.38, -12.266, -8.63, -4.945, -3.021, -3.984, -7.473, -12.14, -16.81, -20.75, -23.6, -24.84, -24.08, -20.73, -15.05, -8.305, -2.318, 1.789, 4.23, 5.41, 5.516, 4.543, 2.814, 0.7827, -1.09, -2.562, -3.598, -4.246, -4.695, -5.14, -5.703, -6.26, -6.66, -6.746, -6.54, -6.004, -5.266, -4.508, -3.928, -3.652, -3.674, -3.82, -3.824, -3.32, -2.137, -0.5225, 0.982, 2.11, 3.254, 4.797, 6.277, 6.492, 5.035
7.51, 4.586, 1.328, -2.074, -4.848, -6.58, -7.613, -8.57, -9.57, -9.74, -7.688, -2.988, 2.977, 7.887, 10.06, 9.62, 7.1, 3.52, -0.1896, -2.992, -4.285, -3.95, -2.5, -0.6333, 0.763, 0.738, -1.168, -4.35, -6.93, -6.633, -2.49, 3.963, 9.86, 13.484, 15.0, 14.89, 13.47, 10.85, 7.37, 3.482, -0.4075, -4.176, -7.664, -10.84, -13.56, -15.45, -16.06, -14.68, -11.14, -6.047, -1.4795, 0.3496, -1.504, -6.01, -11.55, -16.84, -21.16, -24.36, -26.17, -26.17, -23.44, -17.36, -8.96, -0.4084, 6.32, 10.54, 12.66, 12.96, 11.69, 9.18, 6.215, 3.336, 0.931, -0.754, -1.832, -2.445, -2.943, -3.463, -3.992, -4.355, -4.363, -3.975, -3.262, -2.414, -1.699, -1.344, -1.431, -1.89, -2.441, -2.605, -1.92, -0.2219, 2.104, 4.27, 5.754, 7.027, 8.61, 10.28, 11.0, 9.94
11.195, 8.07, 4.03, -0.091, -3.28, -5.04, -5.836, -6.68, -7.973, -8.77, -7.3, -2.402, 4.863, 11.625, 15.58, 16.08, 13.64, 9.27, 4.29, 0.1376, -2.227, -2.371, -0.7617, 1.667, 3.668, 4.06, 2.264, -1.217, -4.453, -4.84, -0.802, 6.43, 13.86, 18.97, 21.47, 21.48, 19.55, 15.85, 11.07, 5.797, 0.6284, -4.223, -8.49, -12.17, -15.0, -16.62, -16.45, -13.94, -9.164, -3.197, 1.464, 2.584, -0.1427, -5.25, -11.03, -16.44, -20.72, -23.81, -25.55, -25.88, -23.9, -18.58, -9.9, 0.268, 9.31, 15.61, 19.08, 20.02, 18.78, 15.92, 12.13, 8.25, 4.87, 2.285, 0.6514, -0.2401, -0.747, -1.085, -1.408, -1.607, -1.515, -1.0625, -0.4087, 0.2325, 0.5967, 0.4785, -0.09644, -1.027, -1.923, -2.219, -1.468, 0.5386, 3.363, 6.04, 7.895, 9.234, 10.65, 12.305, 13.42, 13.11
13.31, 10.58, 6.312, 1.781, -1.662, -3.404, -3.982, -4.63, -6.047, -7.375, -6.633, -2.162, 5.59, 13.9, 19.75, 21.77, 20.11, 15.68, 9.8, 4.4, 0.858, -0.09204, 1.223, 3.785, 6.125, 6.957, 5.605, 2.469, -0.879, -1.931, 1.2295, 8.2, 16.22, 22.36, 25.55, 25.67, 23.23, 18.66, 12.86, 6.6, 0.5923, -4.85, -9.555, -13.45, -16.3, -17.64, -16.9, -13.61, -8.14, -1.989, 2.324, 2.97, 0.07745, -4.918, -10.51, -15.77, -20.16, -23.06, -24.6, -24.83, -23.36, -18.95, -10.945, -0.467, 10.21, 18.69, 23.92, 26.05, 25.38, 22.52, 18.31, 13.625, 9.26, 5.777, 3.443, 2.15, 1.581, 1.403, 1.314, 1.345, 1.514, 1.856, 2.252, 2.455, 2.31, 1.643, 0.5645, -0.7417, -1.854, -2.332, -1.717, 0.2068, 3.045, 5.9, 8.01, 9.43, 10.69, 12.23, 13.69, 14.266
13.84, 11.94, 7.945, 3.334, -0.2864, -2.064, -2.48, -2.852, -4.074, -5.645, -5.664, -2.094, 5.297, 14.42, 21.92, 25.77, 25.36, 21.39, 15.37, 9.13, 4.473, 2.504, 3.084, 5.246, 7.57, 8.71, 8.055, 5.777, 2.988, 1.641, 3.666, 9.38, 16.78, 23.08, 26.5, 26.62, 23.8, 18.73, 12.46, 5.81, -0.5024, -6.17, -10.92, -14.87, -17.7, -18.9, -17.95, -14.51, -8.95, -2.988, 1.069, 1.807, -0.528, -4.75, -9.875, -15.086, -19.52, -22.58, -23.92, -23.88, -22.48, -18.92, -12.164, -2.32, 8.914, 18.97, 26.16, 29.98, 30.4, 28.05, 23.89, 18.86, 13.86, 9.65, 6.598, 4.79, 4.01, 3.898, 4.02, 4.2, 4.38, 4.53, 4.484, 4.156, 3.459, 2.32, 0.8345, -0.773, -2.105, -2.77, -2.42, -0.844, 1.652, 4.34, 6.51, 7.965, 9.14, 10.52, 12.18, 13.625
13.12, 12.19, 8.82, 4.4, 0.78, -1.086, -1.431, -1.475, -2.24, -3.662, -4.227, -1.841, 4.426, 13.266, 21.72, 27.1, 28.19, 25.39, 19.67, 13.26, 7.88, 4.867, 4.445, 5.848, 7.734, 8.914, 8.875, 7.742, 6.08, 5.05, 6.24, 10.36, 16.25, 21.62, 24.67, 24.67, 21.7, 16.62, 10.375, 3.822, -2.37, -7.895, -12.59, -16.4, -19.2, -20.45, -19.66, -16.39, -11.16, -5.477, -1.295, 0.1632, -1.146, -4.555, -9.32, -14.5, -19.0, -22.11, -23.47, -23.36, -21.97, -18.92, -13.44, -4.93, 5.652, 16.36, 25.2, 30.73, 32.72, 31.61, 28.06, 23.3, 18.23, 13.58, 9.984, 7.63, 6.574, 6.293, 6.51, 6.76, 6.844, 6.734, 6.297, 5.465, 4.258, 2.664, 0.849, -0.966, -2.504, -3.357, -3.264, -2.008, 0.1407, 2.566, 4.65, 6.055, 7.047, 8.18, 9.83, 11.88
11.77, 11.664, 8.945, 4.926, 1.41, -0.5044, -0.868, -0.5835, -0.7036, -1.607, -2.361, -1.137, 3.482, 11.055, 19.28, 25.53, 27.98, 26.56, 21.95, 16.05, 10.445, 6.742, 5.316, 5.72, 6.867, 7.754, 8.02, 7.816, 7.47, 7.434, 8.484, 11.28, 15.35, 19.31, 21.56, 21.23, 18.38, 13.59, 7.645, 1.419, -4.492, -9.82, -14.4, -18.1, -20.78, -22.0, -21.31, -18.3, -13.375, -7.78, -3.203, -0.9053, -1.336, -4.258, -8.875, -13.984, -18.53, -21.7, -23.23, -23.2, -21.81, -19.08, -14.57, -7.703, 1.52, 11.79, 21.22, 28.25, 32.0, 32.44, 30.34, 26.42, 21.84, 17.25, 13.375, 10.61, 9.125, 8.6, 8.69, 8.875, 8.84, 8.445, 7.637, 6.395, 4.785, 2.842, 0.779, -1.229, -2.953, -3.973, -3.969, -2.795, -0.737, 1.621, 3.621, 4.895, 5.55, 6.246, 7.637, 9.87
10.21, 10.586, 8.51, 4.992, 1.698, -0.2712, -0.7373, -0.2856, 0.2081, 0.1389, -0.28, 0.2593, 3.156, 8.77, 15.76, 21.86, 25.23, 25.08, 21.89, 16.97, 11.86, 7.938, 5.84, 5.3, 5.49, 5.797, 5.93, 6.13, 6.766, 7.934, 9.59, 11.96, 14.84, 17.52, 18.9, 18.23, 15.38, 10.86, 5.234, -0.7554, -6.523, -11.74, -16.25, -19.88, -22.31, -23.31, -22.4, -19.28, -14.34, -8.57, -3.588, -0.7954, -0.962, -3.902, -8.586, -13.586, -17.98, -21.23, -23.1, -23.39, -22.12, -19.58, -15.67, -10.055, -2.572, 6.438, 15.586, 23.36, 28.53, 30.84, 30.4, 28.05, 24.44, 20.44, 16.58, 13.555, 11.664, 10.78, 10.586, 10.58, 10.33, 9.71, 8.6, 7.07, 5.14, 2.932, 0.632, -1.597, -3.463, -4.523, -4.4, -3.016, -0.722, 1.821, 3.842, 4.91, 5.12, 5.215, 6.1, 8.125
8.72, 9.29, 7.695, 4.7, 1.669, -0.3303, -0.9834, -0.5493, 0.3884, 1.169, 1.517, 1.989, 3.697, 7.363, 12.53, 17.69, 21.11, 21.89, 20.06, 16.39, 12.04, 8.36, 5.965, 4.723, 4.113, 3.686, 3.318, 3.383, 4.395, 6.383, 8.984, 11.77, 14.414, 16.47, 17.33, 16.36, 13.51, 9.01, 3.412, -2.576, -8.39, -13.61, -18.08, -21.55, -23.72, -24.1, -22.58, -18.92, -13.54, -7.508, -2.46, 0.1266, -0.4497, -3.736, -8.46, -13.22, -17.44, -20.77, -22.94, -23.66, -22.77, -20.34, -16.78, -12.01, -5.87, 1.615, 9.8, 17.58, 23.66, 27.56, 28.98, 28.31, 26.14, 22.97, 19.4, 16.33, 14.1, 12.8, 12.18, 11.85, 11.4, 10.54, 9.22, 7.492, 5.367, 2.955, 0.4185, -2.012, -4.0, -5.008, -4.65, -2.857, -0.0677, 2.795, 4.867, 5.67, 5.406, 4.9, 5.19, 6.78
7.33, 7.92, 6.67, 4.145, 1.439, -0.587, -1.473, -1.221, -0.11774, 1.32, 2.584, 3.55, 4.816, 7.125, 10.54, 14.26, 17.17, 18.27, 17.25, 14.6, 11.28, 8.18, 5.793, 4.176, 2.916, 1.769, 0.764, 0.367, 1.175, 3.348, 6.582, 10.11, 13.22, 15.46, 16.33, 15.34, 12.44, 7.84, 2.16, -3.988, -9.96, -15.31, -19.89, -23.11, -24.83, -24.53, -21.98, -17.36, -11.38, -5.22, -0.5522, 1.255, -0.1051, -3.787, -8.38, -12.84, -16.8, -20.17, -22.7, -23.95, -23.58, -21.44, -18.03, -13.56, -8.25, -1.898, 5.184, 12.39, 18.84, 23.73, 26.72, 27.75, 26.9, 24.75, 21.78, 18.81, 16.38, 14.71, 13.625, 12.9, 12.14, 11.086, 9.62, 7.77, 5.496, 2.936, 0.1488, -2.502, -4.58, -5.492, -4.83, -2.57, 0.7104, 3.926, 6.043, 6.555, 5.805, 4.797, 4.586, 5.707
6.01, 6.547, 5.555, 3.445, 1.035, -0.964, -2.053, -2.082, -1.07, 0.6934, 2.662, 4.4, 5.89, 7.613, 9.81, 12.234, 14.2, 15.055, 14.43, 12.53, 10.04, 7.508, 5.375, 3.568, 1.837, 0.1615, -1.35, -2.227, -1.934, -0.0975, 3.084, 6.99, 10.664, 13.5, 14.79, 14.15, 11.44, 6.96, 1.239, -5.117, -11.32, -16.9, -21.52, -24.52, -25.66, -24.42, -20.77, -15.18, -8.63, -2.602, 1.274, 2.043, -0.0648, -3.973, -8.27, -12.25, -15.98, -19.45, -22.38, -24.19, -24.42, -22.75, -19.53, -15.15, -10.02, -4.312, 1.998, 8.59, 14.984, 20.52, 24.56, 26.78, 27.23, 26.08, 23.75, 21.02, 18.45, 16.38, 14.84, 13.69, 12.66, 11.445, 9.88, 7.98, 5.633, 2.898, -0.08234, -2.959, -5.152, -5.973, -4.996, -2.268, 1.441, 4.902, 6.97, 7.21, 6.062, 4.65, 4.043, 4.723
4.84, 5.293, 4.5, 2.7, 0.5005, -1.451, -2.68, -2.906, -2.08, -0.314, 1.948, 4.234, 6.246, 7.957, 9.586, 11.086, 12.19, 12.5, 11.89, 10.47, 8.62, 6.68, 4.79, 2.877, 0.854, -1.173, -2.94, -4.047, -4.152, -2.988, -0.3887, 3.193, 7.016, 10.305, 12.234, 12.26, 10.1, 5.97, 0.3696, -6.035, -12.516, -18.3, -22.89, -25.75, -26.22, -24.1, -19.39, -12.94, -6.09, -0.495, 2.45, 2.262, -0.294, -4.023, -7.883, -11.484, -15.055, -18.66, -21.94, -24.33, -25.17, -24.11, -21.28, -16.98, -11.79, -6.1, -0.06506, 6.17, 12.375, 18.11, 22.77, 25.92, 27.36, 27.05, 25.31, 22.92, 20.28, 17.9, 15.97, 14.39, 13.01, 11.66, 10.04, 8.14, 5.758, 2.908, -0.3022, -3.404, -5.715, -6.46, -5.17, -2.008, 2.086, 5.688, 7.63, 7.574, 6.13, 4.41, 3.482, 3.842
3.846, 4.24, 3.586, 1.967, -0.0824, -1.958, -3.195, -3.541, -2.902, -1.354, 0.828, 3.326, 5.72, 7.71, 9.22, 10.24, 10.71, 10.58, 9.87, 8.75, 7.355, 5.83, 4.1, 2.092, -0.0808, -2.186, -3.898, -4.92, -5.23, -4.64, -2.947, -0.1979, 3.207, 6.574, 9.016, 9.72, 8.3, 4.72, -0.5454, -6.91, -13.57, -19.55, -24.19, -26.69, -26.61, -23.55, -17.97, -10.945, -4.055, 0.929, 3.004, 2.209, -0.4607, -3.84, -7.19, -10.516, -13.98, -17.72, -21.31, -24.27, -25.8, -25.45, -23.16, -19.08, -13.8, -7.863, -1.721, 4.504, 10.66, 16.52, 21.53, 25.3, 27.42, 27.84, 26.7, 24.47, 21.8, 19.2, 16.86, 14.84, 13.2, 11.73, 10.16, 8.266, 5.863, 2.88, -0.553, -3.91, -6.293, -6.926, -5.27, -1.656, 2.744, 6.434, 8.19, 7.793, 6.0, 4.05, 2.945, 3.062
3.086, 3.434, 2.822, 1.285, -0.6714, -2.436, -3.57, -3.863, -3.334, -2.098, -0.225, 2.129, 4.65, 6.86, 8.484, 9.34, 9.55, 9.12, 8.35, 7.383, 6.316, 5.02, 3.357, 1.291, -0.9116, -2.893, -4.273, -4.973, -5.273, -5.15, -4.29, -2.549, 0.1046, 3.12, 5.71, 6.973, 6.24, 3.32, -1.571, -7.836, -14.52, -20.73, -25.33, -27.47, -26.69, -22.77, -16.45, -9.05, -2.406, 1.974, 3.379, 2.217, -0.387, -3.377, -6.332, -9.375, -12.766, -16.64, -20.64, -24.0, -26.12, -26.53, -24.95, -21.33, -16.16, -10.08, -3.576, 2.97, 9.29, 15.3, 20.62, 24.83, 27.48, 28.39, 27.72, 25.77, 23.11, 20.22, 17.5, 15.1, 13.21, 11.65, 10.13, 8.33, 5.926, 2.807, -0.874, -4.445, -6.85, -7.22, -5.117, -1.054, 3.643, 7.34, 8.81, 8.0, 5.83, 3.646, 2.43, 2.434
2.568, 2.85, 2.193, 0.6616, -1.217, -2.816, -3.703, -3.807, -3.328, -2.365, -0.924, 1.0625, 3.434, 5.742, 7.547, 8.516, 8.625, 8.11, 7.31, 6.453, 5.53, 4.312, 2.63, 0.524, -1.64, -3.297, -4.207, -4.535, -4.676, -4.82, -4.664, -3.826, -2.059, 0.4001, 2.838, 4.395, 4.215, 1.855, -2.693, -8.73, -15.43, -21.67, -26.22, -27.98, -26.44, -21.72, -14.72, -7.145, -0.828, 2.943, 3.807, 2.44, 0.00787, -2.63, -5.254, -8.08, -11.484, -15.44, -19.64, -23.52, -26.3, -27.39, -26.61, -23.62, -18.8, -12.75, -5.9, 0.998, 7.734, 14.06, 19.69, 24.27, 27.36, 28.7, 28.48, 26.77, 24.14, 21.03, 17.9, 15.19, 13.07, 11.42, 10.01, 8.305, 5.895, 2.63, -1.261, -5.004, -7.37, -7.414, -4.785, -0.208, 4.81, 8.43, 9.54, 8.234, 5.656, 3.25, 1.953, 1.949
2.225, 2.453, 1.711, 0.116, -1.684, -3.02, -3.584, -3.43, -2.938, -2.266, -1.274, 0.2522, 2.342, 4.613, 6.582, 7.77, 8.016, 7.535, 6.742, 5.88, 4.95, 3.648, 1.885, -0.2418, -2.21, -3.469, -3.879, -3.82, -3.812, -4.18, -4.555, -4.46, -3.494, -1.662, 0.5347, 2.166, 2.33, 0.4214, -3.729, -9.6, -16.23, -22.44, -26.81, -28.1, -25.83, -20.33, -12.78, -5.125, 0.8193, 4.02, 4.383, 2.836, 0.528, -1.776, -4.105, -6.69, -9.99, -13.99, -18.42, -22.7, -26.11, -28.02, -27.92, -25.75, -21.53, -15.734, -8.86, -1.6455, 5.53, 12.375, 18.4, 23.42, 26.94, 28.78, 28.89, 27.44, 24.89, 21.58, 18.17, 15.14, 12.74, 11.125, 9.805, 8.234, 5.793, 2.357, -1.74, -5.54, -7.76, -7.445, -4.258, 0.9014, 6.2, 9.695, 10.336, 8.47, 5.44, 2.834, 1.556, 1.6
2.012, 2.22, 1.383, -0.2747, -1.969, -2.965, -3.146, -2.756, -2.275, -1.925, -1.426, -0.3767, 1.378, 3.61, 5.715, 7.152, 7.605, 7.254, 6.45, 5.52, 4.42, 2.98, 1.104, -0.966, -2.63, -3.406, -3.322, -2.947, -2.938, -3.574, -4.445, -4.953, -4.598, -3.248, -1.349, 0.2213, 0.5444, -1.005, -4.773, -10.4, -16.97, -23.16, -27.22, -27.98, -24.9, -18.62, -10.66, -3.02, 2.547, 5.098, 4.992, 3.326, 1.202, -0.837, -2.875, -5.234, -8.37, -12.39, -17.02, -21.62, -25.53, -28.19, -28.98, -27.66, -24.19, -18.95, -12.26, -4.87, 2.73, 10.016, 16.56, 22.03, 26.03, 28.34, 28.89, 27.72, 25.28, 21.9, 18.23, 14.96, 12.46, 10.81, 9.555, 8.016, 5.574, 2.021, -2.232, -6.06, -8.125, -7.383, -3.572, 2.14, 7.688, 11.0, 11.195, 8.734, 5.266, 2.428, 1.158, 1.311
1.822, 2.047, 1.148, -0.504, -2.025, -2.674, -2.44, -1.8125, -1.401, -1.415, -1.463, -0.9165, 0.506, 2.645, 4.92, 6.625, 7.324, 7.13, 6.36, 5.3, 3.97, 2.305, 0.3298, -1.591, -2.895, -3.145, -2.605, -2.025, -2.074, -3.031, -4.42, -5.484, -5.65, -4.723, -3.13, -1.661, -1.194, -2.525, -5.945, -11.31, -17.72, -23.66, -27.47, -27.64, -23.77, -16.78, -8.46, -0.9717, 4.06, 6.023, 5.58, 3.816, 1.825, 0.1074, -1.571, -3.666, -6.67, -10.62, -15.305, -20.22, -24.67, -28.0, -29.56, -29.2, -26.6, -22.05, -15.84, -8.52, -0.7993, 6.87, 13.93, 19.92, 24.47, 27.31, 28.34, 27.55, 25.31, 21.92, 18.14, 14.69, 12.07, 10.41, 9.24, 7.727, 5.2, 1.513, -2.832, -6.65, -8.44, -7.18, -2.781, 3.455, 9.22, 12.336, 12.06, 9.055, 5.17, 2.078, 0.757, 1.0205
1.645, 1.939, 1.032, -0.572, -1.855, -2.127, -1.473, -0.641, -0.3599, -0.7886, -1.393, -1.361, -0.2886, 1.739, 4.133, 6.125, 7.117, 7.105, 6.35, 5.13, 3.53, 1.604, -0.4443, -2.188, -3.041, -2.746, -1.754, -0.9517, -1.135, -2.469, -4.355, -5.96, -6.73, -6.234, -4.96, -3.637, -3.066, -4.133, -7.273, -12.36, -18.48, -24.22, -27.58, -27.14, -22.52, -14.87, -6.293, 0.9395, 5.395, 6.78, 5.965, 4.23, 2.508, 1.142, -0.2361, -2.094, -4.89, -8.75, -13.43, -18.55, -23.4, -27.4, -29.77, -30.28, -28.69, -24.92, -19.31, -12.41, -4.734, 3.133, 10.61, 17.11, 22.27, 25.7, 27.22, 26.86, 24.94, 21.61, 17.81, 14.26, 11.625, 9.984, 8.81, 7.266, 4.66, 0.8687, -3.521, -7.234, -8.734, -6.94, -1.939, 4.78, 10.664, 13.56, 12.86, 9.39, 5.055, 1.691, 0.2932, 0.663
1.397, 1.8545, 1.008, -0.4863, -1.493, -1.351, -0.2988, 0.71, 0.8364, -0.000778, -1.131, -1.607, -0.92, 0.919, 3.342, 5.543, 6.83, 7.01, 6.31, 4.91, 3.041, 0.886, -1.211, -2.717, -3.072, -2.232, -0.7886, 0.2375, -0.0797, -1.751, -4.07, -6.254, -7.574, -7.6, -6.75, -5.613, -5.086, -5.934, -8.75, -13.516, -19.34, -24.67, -27.55, -26.44, -21.12, -12.94, -4.28, 2.592, 6.45, 7.32, 6.293, 4.652, 3.22, 2.188, 1.133, -0.479, -3.041, -6.746, -11.42, -16.61, -21.81, -26.36, -29.5, -30.86, -30.22, -27.36, -22.56, -16.22, -8.836, -0.9585, 6.8, 13.77, 19.42, 23.48, 25.61, 25.83, 24.16, 21.08, 17.28, 13.73, 11.13, 9.47, 8.266, 6.633, 3.902, -0.002996, -4.36, -7.9, -9.02, -6.707, -1.139, 5.965, 11.95, 14.7, 13.56, 9.64, 4.87, 1.197, -0.3088, 0.1882
1.037, 1.713, 0.9985, -0.321, -1.019, -0.4243, 0.9927, 2.152, 2.172, 0.9795, -0.6084, -1.585, -1.339, 0.2042, 2.543, 4.863, 6.387, 6.78, 6.1, 4.582, 2.5, 0.1759, -1.922, -3.148, -3.041, -1.649, 0.2354, 1.42, 1.047, -0.8345, -3.51, -6.17, -8.04, -8.72, -8.42, -7.605, -7.18, -7.957, -10.52, -14.82, -20.23, -25.14, -27.44, -25.58, -19.5, -10.94, -2.36, 4.027, 7.25, 7.676, 6.535, 5.094, 3.99, 3.273, 2.531, 1.126, -1.249, -4.727, -9.28, -14.5, -19.86, -24.84, -28.69, -30.94, -31.12, -29.27, -25.39, -19.7, -12.8, -5.047, 2.74, 10.08, 16.23, 20.83, 23.58, 24.3, 23.02, 20.22, 16.64, 13.2, 10.57, 8.875, 7.566, 5.75, 2.863, -1.111, -5.383, -8.66, -9.36, -6.508, -0.42, 6.992, 13.016, 15.52, 14.01, 9.69, 4.516, 0.5405, -1.09, -0.4497
0.508, 1.498, 1.022, -0.0733, -0.4521, 0.5537, 2.299, 3.62, 3.604, 2.186, 0.1927, -1.267, -1.535, -0.4065, 1.725, 4.055, 5.76, 6.348, 5.74, 4.152, 1.921, -0.531, -2.586, -3.508, -2.943, -1.072, 1.168, 2.516, 2.172, 0.1699, -2.752, -5.77, -8.16, -9.51, -9.805, -9.54, -9.37, -10.12, -12.36, -16.22, -21.16, -25.52, -27.06, -24.44, -17.72, -8.84, -0.4646, 5.37, 7.992, 8.0, 6.785, 5.566, 4.902, 4.53, 3.963, 2.7, 0.4976, -2.756, -7.074, -12.21, -17.67, -22.95, -27.38, -30.4, -31.56, -30.67, -27.61, -22.73, -16.38, -9.03, -1.278, 6.21, 12.79, 17.89, 21.19, 22.45, 21.73, 19.27, 15.9, 12.586, 10.016, 8.25, 6.695, 4.598, 1.487, -2.498, -6.6, -9.53, -9.734, -6.35, 0.1823, 7.81, 13.734, 15.97, 14.086, 9.37, 3.895, -0.3152, -2.045, -1.285
-0.1526, 1.222, 1.034, 0.1815, 0.10657, 1.446, 3.518, 5.04, 5.04, 3.523, 1.265, -0.6494, -1.437, -0.826, 0.938, 3.13, 4.906, 5.66, 5.18, 3.592, 1.265, -1.234, -3.172, -3.797, -2.812, -0.571, 1.931, 3.42, 3.113, 1.1, -1.9, -5.133, -7.973, -9.94, -10.98, -11.31, -11.445, -12.266, -14.3, -17.83, -22.19, -25.83, -26.58, -23.03, -15.65, -6.594, 1.494, 6.7, 8.7, 8.44, 7.31, 6.375, 5.98, 5.785, 5.34, 4.19, 2.129, -0.9033, -4.973, -9.87, -15.3, -20.73, -25.62, -29.3, -31.31, -31.34, -29.28, -25.22, -19.52, -12.625, -5.07, 2.438, 9.27, 14.81, 18.61, 20.47, 20.2, 18.19, 15.12, 11.984, 9.46, 7.52, 5.656, 3.213, -0.0915, -4.117, -8.03, -10.55, -10.23, -6.33, 0.544, 8.266, 14.05, 15.95, 13.68, 8.6, 2.848, -1.527, -3.264, -2.314
-0.964, 0.815, 0.9697, 0.4106, 0.6147, 2.207, 4.535, 6.273, 6.4, 4.88, 2.48, 0.1958, -1.108, -1.038, 0.2451, 2.148, 3.883, 4.754, 4.402, 2.88, 0.5464, -1.911, -3.686, -4.05, -2.715, -0.159, 2.502, 4.055, 3.818, 1.88, -1.095, -4.43, -7.62, -10.15, -11.87, -12.81, -13.42, -14.38, -16.33, -19.48, -23.3, -26.11, -25.84, -21.33, -13.23, -4.035, 3.62, 8.14, 9.555, 9.1, 8.12, 7.453, 7.254, 7.11, 6.633, 5.508, 3.51, 0.667, -3.08, -7.67, -12.88, -18.4, -23.53, -27.8, -30.5, -31.38, -30.22, -26.98, -22.08, -15.78, -8.555, -1.098, 5.84, 11.74, 16.0, 18.36, 18.61, 17.05, 14.305, 11.38, 8.81, 6.656, 4.39, 1.562, -1.936, -5.973, -9.61, -11.64, -10.805, -6.42, 0.7603, 8.46, 13.94, 15.37, 12.7, 7.28, 1.356, -3.078, -4.69, -3.486
-1.884, 0.2778, 0.7847, 0.5303, 0.986, 2.803, 5.32, 7.215, 7.527, 6.13, 3.723, 1.251, -0.5034, -1.009, -0.296, 1.189, 2.738, 3.648, 3.422, 1.986, -0.271, -2.611, -4.184, -4.246, -2.635, 0.08496, 2.799, 4.375, 4.215, 2.436, -0.3965, -3.75, -7.164, -10.164, -12.49, -14.06, -15.22, -16.44, -18.38, -21.2, -24.4, -26.25, -24.73, -19.06, -10.32, -1.104, 6.0, 9.8, 10.74, 10.234, 9.44, 8.95, 8.77, 8.484, 7.8, 6.55, 4.62, 1.975, -1.43, -5.637, -10.54, -15.92, -21.17, -25.83, -29.17, -30.77, -30.45, -28.14, -23.98, -18.23, -11.52, -4.32, 2.65, 8.78, 13.445, 16.28, 17.03, 15.89, 13.53, 10.8, 8.13, 5.67, 2.984, -0.2106, -3.955, -7.93, -11.26, -12.8, -11.38, -6.492, 0.875, 8.42, 13.52, 14.4, 11.19, 5.414, -0.5957, -4.91, -6.3, -4.777
-2.842, -0.3667, 0.4395, 0.5015, 1.197, 3.16, 5.8, 7.832, 8.336, 7.188, 4.918, 2.37, 0.2937, -0.757, -0.6763, 0.2793, 1.527, 2.36, 2.203, 0.899, -1.192, -3.326, -4.625, -4.41, -2.588, 0.2118, 2.889, 4.414, 4.312, 2.742, 0.127, -3.125, -6.613, -10.02, -12.91, -15.13, -16.73, -18.39, -20.34, -22.88, -25.38, -26.05, -23.17, -16.23, -6.8, 2.295, 8.74, 11.85, 12.49, 11.97, 11.305, 10.77, 10.33, 9.75, 8.79, 7.363, 5.496, 3.07, -0.0096, -3.768, -8.25, -13.34, -18.62, -23.48, -27.28, -29.58, -30.02, -28.5, -25.11, -20.11, -13.88, -7.07, -0.2, 6.08, 11.016, 14.266, 15.49, 14.79, 12.84, 10.266, 7.55, 4.76, 1.644, -1.919, -5.89, -9.83, -12.836, -13.875, -11.78, -6.434, 1.069, 8.38, 12.87, 13.02, 9.21, 3.117, -2.918, -6.984, -8.01, -6.09
-3.832, -1.083, 0.0009356, 0.2964, 1.205, 3.297, 5.97, 8.09, 8.805, 7.94, 5.91, 3.43, 1.159, -0.3452, -0.852, -0.4788, 0.3477, 0.9893, 0.859, -0.2927, -2.162, -3.994, -4.984, -4.53, -2.584, 0.199, 2.766, 4.203, 4.195, 2.844, 0.488, -2.578, -6.125, -9.81, -13.16, -15.96, -18.22, -20.19, -22.17, -24.44, -26.02, -25.4, -21.03, -12.8, -2.81, 6.0, 11.8, 14.4, 14.86, 14.36, 13.586, 12.79, 11.85, 10.766, 9.484, 7.91, 6.07, 3.912, 1.258, -2.035, -6.008, -10.76, -15.88, -20.88, -25.05, -27.94, -29.02, -28.3, -25.61, -21.36, -15.78, -9.35, -2.652, 3.584, 8.81, 12.41, 13.99, 13.805, 12.234, 9.85, 7.12, 4.04, 0.5747, -3.314, -7.508, -11.414, -14.18, -14.68, -11.99, -6.125, 1.495, 8.41, 12.15, 11.5, 6.96, 0.5024, -5.457, -9.15, -9.67, -7.41
-4.81, -1.868, -0.566, -0.01956, 1.035, 3.158, 5.832, 8.0, 8.875, 8.29, 6.598, 4.312, 2.018, 0.177, -0.8896, -1.111, -0.748, -0.3445, -0.498, -1.514, -3.11, -4.62, -5.3, -4.61, -2.582, 0.10736, 2.475, 3.812, 3.883, 2.762, 0.699, -2.148, -5.64, -9.484, -13.24, -16.62, -19.38, -21.77, -23.89, -25.7, -26.34, -24.3, -18.27, -8.836, 1.542, 9.97, 15.195, 17.45, 17.81, 17.22, 16.1, 14.69, 13.16, 11.49, 9.85, 8.21, 6.46, 4.543, 2.3, -0.4983, -3.955, -8.234, -13.1, -18.03, -22.5, -25.8, -27.53, -27.45, -25.55, -22.05, -17.08, -11.164, -4.773, 1.363, 6.703, 10.53, 12.54, 12.83, 11.65, 9.57, 6.836, 3.531, -0.2754, -4.496, -8.84, -12.7, -15.22, -15.164, -11.86, -5.54, 2.137, 8.586, 11.47, 9.85, 4.598, -2.172, -7.996, -11.21, -11.22, -8.53
-5.656, -2.645, -1.206, -0.4558, 0.761, 2.902, 5.51, 7.65, 8.65, 8.32, 7.004, 4.996, 2.766, 0.683, -0.8384, -1.614, -1.737, -1.616, -1.833, -2.697, -3.975, -5.13, -5.47, -4.586, -2.604, -0.0989, 2.062, 3.271, 3.44, 2.588, 0.789, -1.855, -5.312, -9.24, -13.266, -17.1, -20.42, -23.16, -25.33, -26.58, -26.19, -22.45, -14.81, -4.35, 6.16, 14.18, 18.89, 20.86, 21.11, 20.17, 18.42, 16.28, 14.0, 11.87, 9.98, 8.25, 6.656, 4.992, 3.092, 0.8047, -2.11, -5.875, -10.33, -15.16, -19.72, -23.36, -25.56, -26.14, -24.9, -22.14, -17.81, -12.46, -6.492, -0.5137, 4.746, 8.75, 11.16, 11.836, 11.04, 9.18, 6.426, 2.91, -1.202, -5.676, -10.08, -13.836, -15.92, -15.33, -11.38, -4.56, 3.15, 9.09, 11.03, 8.41, 2.412, -4.617, -10.24, -12.99, -12.5, -9.48
-6.35, -3.412, -1.877, -0.941, 0.449, 2.615, 5.156, 7.195, 8.21, 8.11, 7.113, 5.445, 3.37, 1.185, -0.6753, -1.931, -2.521, -2.748, -3.07, -3.756, -4.715, -5.49, -5.527, -4.51, -2.602, -0.326, 1.576, 2.723, 2.988, 2.32, 0.722, -1.716, -4.996, -8.945, -13.195, -17.4, -21.2, -24.3, -26.48, -27.2, -25.45, -20.11, -10.94, 0.3655, 10.96, 18.55, 22.92, 24.64, 24.53, 23.03, 20.53, 17.67, 14.72, 12.08, 10.01, 8.305, 6.797, 5.39, 3.818, 1.903, -0.5244, -3.707, -7.703, -12.266, -16.81, -20.69, -23.33, -24.38, -23.75, -21.55, -17.97, -13.26, -7.777, -2.152, 2.965, 7.062, 9.67, 10.7, 10.234, 8.49, 5.63, 1.864, -2.504, -7.098, -11.46, -14.914, -16.47, -15.21, -10.5, -3.143, 4.684, 10.06, 11.02, 7.406, 0.776, -6.49, -11.94, -14.305, -13.41, -10.18
-6.926, -4.086, -2.49, -1.364, 0.156, 2.334, 4.73, 6.668, 7.69, 7.766, 7.05, 5.688, 3.797, 1.623, -0.4695, -2.115, -3.145, -3.707, -4.12, -4.65, -5.32, -5.734, -5.52, -4.41, -2.615, -0.5825, 1.145, 2.232, 2.535, 2.004, 0.599, -1.66, -4.77, -8.65, -13.016, -17.55, -21.77, -25.14, -27.2, -27.19, -24.1, -17.03, -6.57, 5.363, 15.76, 22.92, 26.83, 28.19, 27.55, 25.56, 22.44, 18.98, 15.61, 12.63, 10.23, 8.46, 6.992, 5.734, 4.44, 2.914, 0.931, -1.752, -5.25, -9.375, -13.82, -17.81, -20.8, -22.25, -22.14, -20.52, -17.53, -13.41, -8.54, -3.37, 1.491, 5.543, 8.27, 9.484, 9.15, 7.406, 4.367, 0.3625, -4.203, -8.87, -13.04, -16.06, -16.95, -14.78, -9.16, -1.137, 6.777, 11.62, 11.73, 7.23, 0.00275, -7.52, -12.984, -15.1, -13.96, -10.664
-7.39, -4.645, -3.05, -1.783, -0.1289, 2.055, 4.32, 6.137, 7.156, 7.375, 6.89, 5.785, 4.098, 1.981, -0.2489, -2.201, -3.623, -4.47, -4.98, -5.414, -5.797, -5.9, -5.477, -4.336, -2.65, -0.8164, 0.763, 1.788, 2.102, 1.608, 0.3108, -1.842, -4.723, -8.336, -12.68, -17.44, -22.05, -25.73, -27.55, -26.7, -22.19, -13.54, -1.865, 10.31, 20.39, 27.05, 30.38, 31.2, 30.08, 27.56, 24.23, 20.48, 16.83, 13.57, 10.89, 8.89, 7.355, 6.164, 5.01, 3.738, 2.13, -0.04095, -2.98, -6.668, -10.83, -14.81, -18.02, -19.89, -20.22, -19.0, -16.55, -13.01, -8.69, -4.082, 0.4465, 4.258, 6.934, 8.18, 7.83, 5.914, 2.64, -1.5625, -6.215, -10.9, -14.875, -17.34, -17.4, -14.07, -7.34, 1.423, 9.48, 13.85, 13.195, 7.984, 0.2168, -7.723, -13.48, -15.625, -14.4, -11.02
-7.793, -5.113, -3.533, -2.186, -0.4353, 1.77, 3.969, 5.66, 6.676, 6.934, 6.58, 5.67, 4.223, 2.254, -0.0133, -2.21, -3.998, -5.137, -5.72, -6.05, -6.14, -5.98, -5.406, -4.285, -2.72, -1.008, 0.534, 1.501, 1.734, 1.105, -0.3413, -2.44, -5.1, -8.34, -12.38, -17.17, -22.02, -25.83, -27.38, -25.58, -19.69, -9.7, 2.77, 15.125, 24.75, 30.55, 33.25, 33.28, 31.64, 28.84, 25.52, 22.03, 18.42, 15.02, 12.016, 9.69, 7.93, 6.62, 5.535, 4.418, 3.117, 1.395, -1.015, -4.156, -7.95, -11.85, -15.16, -17.38, -18.1, -17.34, -15.23, -12.164, -8.305, -4.168, -0.1045, 3.406, 5.9, 6.914, 6.33, 4.203, 0.7812, -3.502, -8.21, -12.85, -16.61, -18.58, -17.64, -13.04, -5.094, 4.527, 12.79, 16.81, 15.5, 9.62, 1.199, -7.375, -13.66, -16.11, -14.86, -11.445
-8.2, -5.508, -3.926, -2.547, -0.747, 1.494, 3.668, 5.312, 6.246, 6.453, 6.082, 5.25, 3.994, 2.275, 0.1455, -2.174, -4.293, -5.723, -6.43, -6.64, -6.5, -6.105, -5.414, -4.273, -2.713, -0.9917, 0.5527, 1.436, 1.396, 0.3293, -1.525, -3.768, -6.176, -8.78, -12.25, -16.83, -21.72, -25.58, -26.77, -23.97, -16.8, -5.727, 7.332, 19.47, 28.38, 33.4, 35.03, 34.25, 31.86, 29.02, 26.11, 23.19, 20.03, 16.72, 13.51, 10.79, 8.71, 7.156, 6.0, 5.0, 3.945, 2.594, 0.6797, -1.946, -5.297, -9.0, -12.37, -14.83, -15.95, -15.53, -13.77, -11.016, -7.54, -3.805, -0.1605, 2.996, 5.1, 5.805, 4.99, 2.773, -0.6484, -4.844, -9.484, -14.195, -18.0, -19.55, -17.64, -11.65, -2.367, 8.1, 16.5, 20.17, 18.27, 11.81, 2.705, -6.62, -13.625, -16.53, -15.37, -11.87
-8.43, -5.836, -4.285, -2.926, -1.039, 1.296, 3.549, 5.184, 5.98, 5.914, 5.27, 4.312, 3.232, 1.928, 0.1656, -2.09, -4.42, -6.223, -7.184, -7.37, -7.023, -6.363, -5.484, -4.207, -2.512, -0.597, 1.044, 1.798, 1.176, -0.77, -3.432, -6.066, -8.21, -10.055, -12.51, -16.39, -21.19, -25.05, -25.73, -22.0, -13.69, -1.697, 11.555, 23.28, 31.31, 35.28, 35.78, 33.88, 30.92, 27.97, 25.69, 23.64, 21.3, 18.4, 15.19, 12.164, 9.68, 7.86, 6.535, 5.484, 4.59, 3.564, 2.053, -0.0897, -2.922, -6.305, -9.64, -12.336, -13.82, -13.78, -12.375, -9.83, -6.605, -3.105, 0.2325, 2.99, 4.746, 5.203, 4.273, 2.06, -1.212, -5.22, -9.766, -14.58, -18.55, -19.9, -17.19, -9.81, 0.784, 12.055, 20.52, 23.67, 21.25, 14.22, 4.59, -5.42, -13.16, -16.61, -15.664, -12.12
-8.59, -6.062, -4.625, -3.3, -1.284, 1.285, 3.75, 5.41, 5.89, 5.26, 3.998, 2.686, 1.705, 0.931, -0.1392, -1.973, -4.34, -6.504, -7.84, -8.18, -7.734, -6.8, -5.62, -4.035, -1.906, 0.4238, 2.244, 2.664, 1.13, -2.09, -6.01, -9.37, -11.38, -12.27, -13.35, -16.12, -20.38, -23.95, -24.3, -19.8, -10.39, 2.125, 15.43, 26.5, 33.5, 36.3, 35.38, 32.34, 28.72, 25.81, 24.16, 23.2, 21.97, 19.83, 16.9, 13.734, 10.84, 8.65, 7.094, 5.965, 5.113, 4.273, 3.152, 1.483, -0.809, -3.752, -6.918, -9.73, -11.6, -12.055, -11.05, -8.77, -5.723, -2.383, 0.767, 3.262, 4.77, 5.13, 4.21, 2.123, -0.9673, -4.812, -9.305, -14.125, -18.19, -19.42, -16.05, -7.508, 4.293, 16.14, 24.42, 27.05, 23.86, 16.4, 6.535, -3.727, -11.945, -15.97, -15.445, -12.16
-8.54, -6.38, -5.137, -3.71, -1.376, 1.659, 4.49, 6.1, 6.035, 4.54, 2.281, 0.3064, -0.75, -0.92, -0.9766, -1.936, -3.936, -6.305, -8.164, -8.91, -8.586, -7.48, -5.836, -3.62, -0.7705, 2.201, 4.273, 4.234, 1.576, -3.268, -8.875, -13.28, -15.39, -15.35, -14.81, -16.03, -19.45, -22.66, -22.53, -17.33, -7.305, 5.676, 18.75, 29.03, 35.0, 36.4, 34.25, 30.08, 25.86, 22.86, 21.75, 21.86, 21.89, 20.7, 18.39, 15.336, 12.3, 9.72, 7.81, 6.46, 5.562, 4.836, 4.027, 2.82, 1.035, -1.378, -4.21, -7.02, -9.2, -10.21, -9.75, -7.918, -5.14, -1.9375, 1.11, 3.545, 5.066, 5.477, 4.58, 2.477, -0.6704, -4.58, -9.01, -13.53, -17.3, -18.27, -14.27, -4.805, 7.914, 20.14, 28.0, 29.78, 25.94, 18.25, 8.58, -1.469, -9.88, -14.46, -14.555, -11.734
-8.42, -6.746, -5.676, -4.082, -1.154, 2.604, 5.914, 7.44, 6.72, 4.13, 0.6187, -2.44, -3.934, -3.646, -2.533, -2.076, -3.217, -5.543, -7.902, -9.336, -9.41, -8.234, -6.008, -2.84, 1.053, 4.883, 7.277, 6.75, 2.854, -3.762, -11.25, -17.22, -19.8, -19.02, -16.83, -16.3, -18.39, -21.08, -20.67, -14.93, -4.406, 8.695, 21.36, 30.86, 35.75, 36.0, 32.6, 27.58, 22.7, 19.72, 18.97, 19.88, 20.92, 20.9, 19.45, 16.9, 13.87, 11.04, 8.76, 7.086, 6.008, 5.266, 4.6, 3.748, 2.457, 0.6055, -1.75, -4.35, -6.65, -8.16, -8.33, -7.145, -4.836, -1.881, 1.1, 3.602, 5.23, 5.668, 4.69, 2.305, -1.174, -5.297, -9.664, -13.71, -16.62, -16.81, -12.1, -1.925, 11.45, 23.6, 30.9, 31.75, 27.22, 19.47, 10.49, 1.117, -7.19, -12.2, -13.02, -10.94
-8.27, -7.184, -6.273, -4.188, -0.368, 4.324, 8.16, 9.69, 8.41, 4.766, -0.167, -4.74, -7.3, -7.05, -4.855, -2.69, -2.371, -4.105, -6.8, -9.12, -9.99, -8.86, -5.918, -1.569, 3.617, 8.414, 11.14, 10.18, 5.176, -3.07, -12.53, -20.17, -23.66, -22.48, -18.89, -16.66, -17.47, -19.42, -18.61, -12.62, -1.888, 11.13, 23.33, 32.06, 35.88, 35.0, 30.78, 25.02, 19.84, 16.77, 16.14, 17.47, 19.28, 20.31, 19.86, 18.05, 15.45, 12.59, 10.03, 7.96, 6.55, 5.625, 4.945, 4.29, 3.342, 1.986, 0.1771, -1.993, -4.176, -5.906, -6.656, -6.16, -4.49, -2.023, 0.74, 3.19, 4.758, 5.035, 3.87, 1.283, -2.38, -6.656, -11.055, -14.75, -16.62, -15.58, -9.91, 0.8794, 14.49, 26.5, 33.0, 32.88, 27.69, 20.1, 11.914, 3.623, -4.18, -9.49, -11.1, -9.98
-8.03, -7.5, -6.55, -3.795, 1.133, 6.953, 11.38, 12.98, 11.27, 6.816, 0.514, -5.875, -10.19, -10.77, -7.938, -3.984, -1.675, -2.17, -4.82, -8.0, -9.89, -9.06, -5.434, 0.263, 6.805, 12.5, 15.42, 14.09, 8.234, -1.187, -12.14, -21.61, -26.27, -25.19, -20.64, -16.86, -16.36, -17.62, -16.64, -10.586, 0.1562, 12.99, 24.66, 32.56, 35.6, 33.84, 29.0, 22.88, 17.55, 14.28, 13.59, 14.93, 17.08, 18.84, 19.39, 18.53, 16.66, 14.19, 11.58, 9.2, 7.402, 6.125, 5.227, 4.516, 3.762, 2.75, 1.378, -0.317, -2.143, -3.799, -4.816, -4.832, -3.832, -2.02, 0.19, 2.176, 3.398, 3.482, 2.396, 0.1945, -2.914, -6.965, -11.59, -15.445, -16.89, -14.664, -7.97, 3.43, 17.1, 28.6, 34.28, 33.28, 27.53, 20.05, 12.91, 5.86, -1.173, -6.715, -9.12, -8.945
-7.805, -7.527, -6.355, -2.744, 3.416, 10.22, 15.195, 16.84, 14.84, 9.76, 2.322, -5.816, -12.14, -14.305, -11.51, -6.066, -1.467, -0.11316, -2.12, -5.895, -8.79, -8.48, -4.367, 2.52, 10.234, 16.64, 19.56, 17.86, 11.51, 1.575, -10.234, -20.84, -26.8, -26.36, -21.52, -16.81, -15.266, -15.79, -14.64, -8.8, 1.695, 14.09, 25.25, 32.53, 34.84, 32.6, 27.38, 21.14, 15.695, 12.39, 11.45, 12.48, 14.516, 16.52, 17.81, 18.02, 17.12, 15.39, 13.12, 10.77, 8.69, 6.996, 5.74, 4.742, 3.898, 2.988, 1.843, 0.4766, -0.968, -2.328, -3.26, -3.506, -2.957, -1.74, -0.2515, 1.038, 1.777, 1.866, 1.419, 0.4587, -1.403, -4.91, -9.91, -14.67, -16.69, -14.1, -6.48, 5.45, 18.94, 29.94, 34.9, 33.06, 26.84, 19.5, 13.195, 7.496, 1.43, -4.094, -7.297, -8.03
-7.434, -7.133, -5.46, -0.924, 6.246, 13.77, 19.0, 20.4, 18.03, 12.484, 4.48, -4.844, -13.11, -17.14, -15.16, -8.836, -2.129, 1.439, 0.6846, -3.105, -6.75, -7.0, -2.668, 5.027, 13.54, 20.17, 22.84, 20.69, 14.26, 4.688, -6.94, -18.03, -24.95, -25.53, -21.16, -16.08, -13.81, -13.82, -12.62, -7.23, 2.69, 14.55, 25.16, 31.84, 33.8, 31.28, 25.92, 19.53, 14.13, 10.78, 9.62, 10.164, 11.8, 13.695, 15.34, 16.33, 16.52, 15.78, 14.26, 12.33, 10.26, 8.31, 6.695, 5.35, 4.184, 3.08, 1.866, 0.5693, -0.7324, -1.917, -2.686, -2.836, -2.334, -1.377, -0.3286, 0.4932, 0.9707, 1.313, 1.84, 2.318, 1.643, -1.395, -6.742, -12.52, -15.58, -13.33, -5.37, 6.812, 20.1, 30.52, 34.78, 32.4, 25.7, 18.36, 12.766, 8.37, 3.457, -1.851, -5.727, -7.27
-7.094, -6.395, -3.924, 1.362, 9.1, 16.9, 21.94, 22.89, 19.92, 14.07, 6.156, -3.297, -12.69, -18.58, -18.16, -11.88, -3.822, 1.764, 2.58, -0.6533, -4.52, -5.094, -0.6787, 7.45, 16.22, 22.7, 24.89, 22.23, 15.86, 7.227, -3.016, -13.46, -20.94, -22.73, -19.48, -14.9, -12.31, -11.83, -10.64, -5.758, 3.271, 14.234, 24.22, 30.52, 32.28, 29.66, 24.12, 17.7, 12.34, 9.04, 7.81, 8.055, 9.14, 10.63, 12.234, 13.66, 14.66, 14.94, 14.47, 13.27, 11.664, 9.88, 8.13, 6.53, 5.023, 3.586, 2.11, 0.575, -0.9575, -2.309, -3.197, -3.32, -2.695, -1.557, -0.3442, 0.622, 1.324, 2.104, 3.254, 4.098, 3.293, -0.10175, -5.633, -11.44, -14.625, -12.67, -4.64, 7.67, 20.67, 30.52, 34.2, 31.34, 24.16, 16.67, 11.54, 8.34, 4.777, 0.0357, -4.293, -6.62
-6.72, -5.457, -2.172, 3.701, 11.586, 19.05, 23.4, 23.5, 19.92, 14.08, 7.004, -1.453, -10.82, -18.05, -19.42, -14.445, -6.316, 0.315, 2.453, 0.2659, -3.012, -3.324, 1.149, 9.23, 17.8, 23.75, 25.17, 22.06, 16.0, 8.68, 0.536, -8.22, -15.445, -18.45, -16.92, -13.555, -11.2, -10.41, -9.02, -4.652, 3.441, 13.41, 22.52, 28.42, 29.97, 27.39, 21.73, 15.29, 10.1, 7.105, 5.95, 5.957, 6.617, 7.59, 8.87, 10.305, 11.73, 12.8, 13.26, 13.055, 12.195, 10.94, 9.484, 7.957, 6.383, 4.75, 3.035, 1.186, -0.771, -2.637, -4.082, -4.676, -4.207, -2.836, -1.104, 0.526, 1.82, 2.908, 3.633, 3.111, 0.4, -4.395, -9.875, -14.22, -15.664, -12.68, -4.297, 7.94, 20.47, 29.75, 32.84, 29.4, 21.86, 14.266, 9.47, 7.37, 5.21, 1.369, -3.025, -6.01
-6.207, -4.574, -0.545, 5.543, 12.914, 19.34, 22.66, 21.73, 17.62, 12.17, 6.55, 0.11633, -7.766, -15.07, -18.19, -15.36, -8.77, -2.574, 0.0969, -0.87, -2.83, -2.285, 2.379, 10.01, 17.77, 22.81, 23.33, 19.73, 14.04, 8.234, 2.7, -3.506, -9.6, -13.305, -13.695, -12.04, -10.445, -9.625, -8.04, -3.967, 3.123, 11.87, 19.97, 25.25, 26.44, 23.48, 17.9, 11.734, 7.14, 4.688, 3.842, 3.887, 4.234, 4.77, 5.57, 6.74, 8.1, 9.4, 10.45, 11.03, 11.03, 10.56, 9.7, 8.586, 7.3, 5.836, 4.207, 2.314, 0.11707, -2.215, -4.355, -5.77, -5.953, -4.85, -2.918, -0.8047, 0.9326, 1.862, 1.333, -1.511, -6.953, -13.61, -18.89, -20.77, -18.98, -13.57, -4.25, 7.816, 19.62, 27.84, 30.08, 25.9, 18.23, 10.89, 6.74, 5.562, 4.703, 2.104, -1.832, -5.16
-5.07, -3.451, 0.617, 6.203, 12.24, 16.94, 18.62, 16.86, 12.805, 8.35, 4.637, 0.7524, -4.52, -10.43, -14.1, -13.555, -9.59, -5.152, -2.744, -2.729, -3.195, -1.725, 2.79, 9.31, 15.44, 18.84, 18.36, 14.68, 9.87, 5.824, 2.68, -0.75, -4.785, -8.164, -9.695, -9.72, -9.26, -8.67, -7.14, -3.54, 2.4, 9.51, 16.06, 19.94, 20.36, 17.19, 12.13, 7.016, 3.541, 1.904, 1.538, 1.642, 1.797, 2.047, 2.51, 3.213, 4.18, 5.312, 6.414, 7.28, 7.8, 7.938, 7.715, 7.176, 6.438, 5.47, 4.277, 2.768, 0.878, -1.327, -3.611, -5.523, -6.445, -6.105, -4.68, -2.76, -1.183, -0.7485, -2.342, -6.688, -13.586, -21.02, -25.84, -25.88, -21.53, -14.1, -4.14, 7.105, 17.27, 23.66, 24.28, 19.67, 12.61, 6.547, 3.543, 3.137, 3.205, 1.889, -0.9814, -3.93
-3.494, -2.303, 0.6655, 4.465, 8.18, 10.53, 10.766, 8.93, 6.008, 3.316, 1.506, -0.0376, -2.457, -5.79, -8.51, -9.1, -7.56, -5.297, -3.861, -3.453, -3.076, -1.46, 1.857, 6.06, 9.61, 11.06, 9.93, 7.14, 4.047, 1.938, 0.755, -0.5176, -2.367, -4.39, -5.8, -6.445, -6.664, -6.5, -5.457, -2.95, 1.005, 5.613, 9.53, 11.53, 11.04, 8.445, 4.965, 1.851, -0.0797, -0.792, -0.8105, -0.691, -0.6045, -0.5044, -0.3086, 0.009155, 0.5273, 1.211, 1.919, 2.564, 3.094, 3.418, 3.523, 3.389, 3.127, 2.686, 2.102, 1.299, 0.1992, -1.184, -2.76, -4.258, -5.266, -5.45, -4.797, -3.693, -2.768, -2.74, -4.31, -7.94, -13.5, -19.34, -22.88, -22.47, -18.19, -11.445, -3.254, 5.082, 11.79, 15.15, 14.4, 10.49, 5.645, 1.983, 0.4636, 0.546, 0.9536, 0.549, -0.922, -2.732
-2.5, -2.08, -1.086, 0.1678, 1.202, 1.672, 1.4375, 0.706, -0.287, -1.069, -1.48, -1.778, -2.338, -3.246, -4.176, -4.55, -4.25, -3.645, -3.205, -3.006, -2.777, -2.133, -0.9966, 0.3281, 1.254, 1.41, 0.8354, -0.1907, -1.159, -1.704, -1.907, -2.088, -2.486, -3.05, -3.602, -3.916, -4.1, -4.08, -3.756, -2.904, -1.58, -0.1677, 0.8877, 1.335, 0.833, -0.1583, -1.344, -2.213, -2.715, -2.842, -2.762, -2.678, -2.648, -2.6, -2.549, -2.447, -2.299, -2.09, -1.826, -1.596, -1.374, -1.226, -1.151, -1.163, -1.2, -1.3, -1.438, -1.673, -1.991, -2.412, -2.91, -3.416, -3.814, -3.965, -3.82, -3.498, -3.268, -3.332, -3.941, -5.27, -7.227, -9.375, -10.625, -10.29, -8.43, -5.52, -2.252, 0.6963, 2.785, 3.521, 2.826, 1.288, -0.2864, -1.342, -1.675, -1.566, -1.383, -1.36, -1.755, -2.307
