-7.310521535966954, -7.749017118114121, -8.030509414625085, -8.326651668159004, -8.649041899935098, -8.941981446933518, -9.175739891731112, -9.342325858840578, -9.396505476492857, -9.233397376236088, -8.777651740863467, -8.117128571807672, -7.500708708607112, -7.156274184482103, -7.133110328621717, -7.342235375272358, -7.676558459046583, -8.042979444708957, -8.346876387176682, -8.51432283814648, -8.527734794015464, -8.425432011694205, -8.268374695395307, -8.114467727024335, -8.027371196558528, -8.087848111977769, -8.341633122731768, -8.693355587056905, -8.882717645779996, -8.657935876344673, -8.025441962073296, -7.286996847777191, -6.776366750092348, -6.585148607235138, -6.592573169622301, -6.682897748718914, -6.830890677305013, -7.03639651201613, -7.279947895030447, -7.537495267176428, -7.800373271876078, -8.079276983040284, -8.39621732321684, -8.769083470735636, -9.192263580522754, -9.618209930347073, -9.947934980956768, -10.045990151204089, -9.804555465565304, -9.249853638845426, -8.603348690134244, -8.205571517763401, -8.331629635662525, -9.035610589055812, -10.141638083399986, -11.357022681002679, -12.390956839473917, -13.01568582610862, -13.083952650254341, -12.5486022435793, -11.50933787702261, -10.235919368586321, -9.078946815994769, -8.279166561153508, -7.8379752114153405, -7.602341418849433, -7.468220626925487, -7.448998792343014, -7.577358194053966, -7.826560305145088, -8.126546568210781, -8.408880404366709, -8.633836591053434, -8.797003490673935, -8.921001157838225, -9.037888549126048, -9.170267988717347, -9.319906445200026, -9.469284547040946, -9.593931786714156, -9.67562977122944, -9.706722518006682, -9.685947382095078, -9.615159318073337, -9.502946530047627, -9.370141645202853, -9.247128915375757, -9.158553504365845, -9.101791323104527, -9.03501784901562, -8.894113690014127, -8.642454285304998, -8.31426619896741, -7.9838883977287445, -7.665718941710785, -7.284204418880674, -6.8090662882477515, -6.39861864507416, -6.328119864397664, -6.718948844600208
-2.7422600951860545, -4.056537000897828, -5.083642283758209, -6.205177231611955, -7.3447111854834315, -8.301870859021438, -9.025296984923987, -9.562429604975746, -9.81836025154156, -9.432989644748016, -8.063192106298711, -5.888894978194916, -3.709213698264242, -2.3655094627529056, -2.1250913573819057, -2.737579277658073, -3.8443599074585255, -5.116586498407149, -6.215127680099492, -6.862367314191568, -6.964783754100226, -6.628820233337518, -6.0658573230277995, -5.503749780293528, -5.195052162056752, -5.428932244203147, -6.349576000936571, -7.628217642078745, -8.400119916511523, -7.799840711629628, -5.766949119202806, -3.2446921884692648, -1.381426772662306, -0.566764752938399, -0.4573763087796451, -0.6949694622172049, -1.2007358522903042, -1.9681967596600385, -2.9214856138610004, -3.963330294732705, -5.0409592880202725, -6.160418048209281, -7.36078479849538, -8.66637546397226, -10.03299743529505, -11.303837416902045, -12.18831757180964, -12.297122740902811, -11.32468925106991, -9.395599310670228, -7.27673510466862, -6.080498438729676, -6.573277568431633, -8.715561808183152, -11.832344367531094, -15.094479513412821, -17.833647667174436, -19.587192892384618, -20.009907618178648, -18.83842045881185, -16.063835640002836, -12.209914736041112, -8.29509863803496, -5.268215262502674, -3.3982636583526404, -2.3507698005840205, -1.8106476065973465, -1.7656637321019506, -2.25501485291005, -3.1465447717993906, -4.190630718317978, -5.155588465538113, -5.905937543272309, -6.421248390749544, -6.773117016290425, -7.071864039175878, -7.403183122900349, -7.784000881405724, -8.160769296024851, -8.44829380858455, -8.577860450398003, -8.520211391945635, -8.280087556256772, -7.887910841837211, -7.404925580174657, -6.926849798088015, -6.560303453551187, -6.367491103206562, -6.3053330591295165, -6.2064108635823185, -5.852293793391875, -5.1413029890499, -4.220120659606325, -3.36625155760139, -2.648102972933564, -1.8168433708528844, -0.730638467570161, 0.19114188011334876, 0.18552331127574845, -1.0448924833903037
2.6479745832302193, 0.4322431229710803, -1.7185093291200442, -4.017812794996536, -6.112577221388557, -7.657755306958388, -8.70846093384647, -9.546201928471309, -10.149887649533058, -9.865613923030125, -7.8539578159979495, -4.112713297555669, 0.07743075351501867, 3.0353252775759514, 3.9724533848757044, 3.153284876834755, 1.1882641451356868, -1.2953622210732132, -3.614325992528257, -5.158879666317451, -5.63806545066243, -5.161105370364931, -4.105465381677095, -2.946675780989223, -2.2210655344365864, -2.5005003238113583, -4.073599976918201, -6.409431219031789, -8.02482403906647, -7.296399272900328, -3.8538564265365243, 0.8407324308277487, 4.676247889119477, 6.697296925961792, 7.304073730046615, 7.051571631567063, 6.0801641448410075, 4.437463757078374, 2.3158016309739637, -0.03660470843015036, -2.442323523155241, -4.830664200247998, -7.198954200713426, -9.53601173856772, -11.741357176030503, -13.565763477420992, -14.582359965360842, -14.226701927882704, -12.078913400427467, -8.4603258208599, -4.78876836177908, -2.944282038454392, -3.961872918783645, -7.428377522251962, -12.108165732147556, -16.824229582150434, -20.812673528069475, -23.633155857475707, -24.91174824324388, -24.128545324549957, -20.7878330739585, -15.080191682321074, -8.326146076348918, -2.351657837966177, 1.7888194620992202, 4.216705545469383, 5.389104898957566, 5.455301515376121, 4.480579316080614, 2.7590530873120622, 0.7463692516052156, -1.1365096094211848, -2.6223242378012954, -3.6372554943237034, -4.281014735945908, -4.749716376867824, -5.22266477294517, -5.7653912162364875, -6.30510895933605, -6.69169682527551, -6.794058574742302, -6.562025224272815, -6.032096718457649, -5.309267191756124, -4.55174711716893, -3.9445225797244996, -3.6382100829522153, -3.6625227283344044, -3.857596081098382, -3.8808810323081193, -3.349572234868659, -2.1184486506896576, -0.49139903619979414, 0.9792508430621507, 2.0824117594409026, 3.202548845761794, 4.69679041835611, 6.114667838075969, 6.388525465531004, 4.962423649773236
7.50526871328094, 4.606610640627339, 1.3403045527434652, -2.0480051941635935, -4.841457478200432, -6.607539762284182, -7.623628463973193, -8.538232626010862, -9.53134754378367, -9.733760679164979, -7.730626187445444, -3.028237799205032, 2.975562542165138, 7.846042698042646, 10.022102213624779, 9.489513860749327, 6.961512571095285, 3.31727859342606, -0.4036746080426083, -3.1806230849162564, -4.390581721795091, -4.01199800913926, -2.5213128145646047, -0.6593663487881093, 0.6981883155816301, 0.6613346441254891, -1.235148731504855, -4.378699997752439, -6.883380499191795, -6.476014125258324, -2.2667674590816262, 4.1835945404395085, 10.03610341973325, 13.601187674418561, 15.013780349749487, 14.85910036741405, 13.350706462437412, 10.647477744419854, 7.124945001008384, 3.242405166683948, -0.6443382208787013, -4.344478458115523, -7.78342938803431, -10.899133521499252, -13.53439014243984, -15.367223262444721, -15.899836811441261, -14.543309272073477, -10.987604176272331, -5.92253058217066, -1.360086955520354, 0.40219563208368214, -1.483076037557678, -6.020013555787861, -11.558238446872771, -16.844672096893017, -21.215630554078544, -24.404841297411256, -26.239066199142776, -26.225872395481424, -23.461360136186517, -17.405733908741496, -8.96420632145805, -0.38430151173140903, 6.311941368295091, 10.537294679488971, 12.62324382777446, 12.88233297753122, 11.555280740651234, 9.089648504653038, 6.107421851709759, 3.2086984544981303, 0.8260463120173789, -0.8495294645035221, -1.8785828981719495, -2.5031132178513222, -3.0010240649295707, -3.5287873091196107, -4.048958942115826, -4.390597932579096, -4.38776136082895, -3.988498147339246, -3.2792118744136416, -2.449867971573385, -1.7395886445266526, -1.3683272612374684, -1.4517266441514847, -1.920436586248169, -2.4802118658504817, -2.6524422322830787, -1.951967904533715, -0.2184328289110502, 2.115436918215021, 4.243945129370633, 5.729973568987608, 6.94781765262218, 8.482995125956744, 10.140930128299004, 10.876083685378454, 9.858089378509813
11.162522179223497, 8.051568339626899, 4.040390693740279, -0.11094024138628972, -3.321007022027217, -5.080116873593361, -5.8726487872316255, -6.698509073361664, -7.9913289112601245, -8.821972823737982, -7.334124104714962, -2.416521838079015, 4.83445209154609, 11.593557474951755, 15.483154282723122, 15.89987792445632, 13.404770355136915, 8.99250086552748, 3.9917465018207294, -0.15954058788518832, -2.414076336473237, -2.479238263263747, -0.8163596085846022, 1.6135197484294215, 3.6088984972959537, 4.004085580554009, 2.188119514137338, -1.2723434052717522, -4.424727667099958, -4.665201281024289, -0.5443939733512997, 6.737108814623179, 14.097957052683984, 19.156553975590427, 21.473714139857556, 21.44917047965847, 19.37761162558658, 15.610053698753118, 10.752355496032422, 5.483222799405882, 0.32538745769409505, -4.427874884049439, -8.647880325518742, -12.237992056953864, -14.995073948839313, -16.527336102569485, -16.289115581809344, -13.778365670684659, -8.99781778059706, -3.1123660731611467, 1.4948131015150246, 2.5990006787006665, -0.12592624678891123, -5.231723424781015, -11.02827020612601, -16.40608343845522, -20.750220108518104, -23.816275975433808, -25.618993769593974, -25.968612908283042, -23.995905529711056, -18.60271140860664, -9.84744837687682, 0.34557226502085775, 9.355145012324364, 15.654041099863765, 19.081616810018023, 19.958088092625818, 18.66374579932349, 15.75233627302984, 11.964523573314919, 8.065195266216751, 4.674349711940965, 2.156754483380365, 0.5728062663221963, -0.2887429152158034, -0.7705384417680933, -1.1452964801699625, -1.4793344400838813, -1.6581363601617216, -1.5374649113343486, -1.0865289275943362, -0.4301893421728249, 0.19986884572775873, 0.5518189756854822, 0.44465659872869456, -0.15325171954462977, -1.075089157568608, -1.9488262878046294, -2.2505787604037457, -1.4735034462918055, 0.5483351540818109, 3.348069902625673, 5.998167791699381, 7.8535355142689545, 9.130830137406512, 10.50988561632804, 12.150112438989693, 13.307289981412644, 13.02905538485686
13.282079771500232, 10.548417143815517, 6.322698130204356, 1.7673920038913578, -1.7033558983122385, -3.4501493634108678, -4.034440825500967, -4.677211118437108, -6.063151224628112, -7.393176548578197, -6.633649071326029, -2.123809404466972, 5.641886849848791, 13.924619673674565, 19.7331012604097, 21.682819473248195, 19.906844128738545, 15.33497466233709, 9.463352442316927, 4.0658716888236315, 0.6099587303652612, -0.25812297680395774, 1.1380611796512343, 3.730620760116565, 6.102522322266144, 6.94162532581635, 5.575581197272743, 2.422592706227535, -0.8544888903975965, -1.761207309909813, 1.551362704495503, 8.558496722026186, 16.484248132948668, 22.5344889859516, 25.56890603307919, 25.6166421951461, 23.02561729717033, 18.3811516624878, 12.520817783013605, 6.292304881022571, 0.3175509287075096, -5.065309452251908, -9.714050334609482, -13.527203041779153, -16.28164523407475, -17.53604556288588, -16.708351528400062, -13.40122347017228, -7.943687221740471, -1.8728737326055567, 2.368457373674048, 2.956468595311428, 0.04371624716139783, -4.886572149556815, -10.467387296969214, -15.79136086749029, -20.145197463366035, -23.090104731197936, -24.632602292246755, -24.889083523640675, -23.37997628608935, -18.94033221794521, -10.87605161377683, -0.2583434143629437, 10.376857546861464, 18.758731231369932, 23.958043701596992, 25.998721776394, 25.25594806110546, 22.336514557351023, 18.073846951769788, 13.378447420942713, 9.042588664296078, 5.612910695945038, 3.322871785796338, 2.0759189370140474, 1.5360896942389866, 1.3318239182960303, 1.2495348184962984, 1.2732410256887396, 1.4647499767771361, 1.8167007300260214, 2.197886588652325, 2.399963297623135, 2.227287112690663, 1.5794134464463143, 0.5042187363587216, -0.7818832477972828, -1.9021785064259138, -2.3664679792987204, -1.7089573836560512, 0.2364565773227002, 3.063303934967139, 5.891587753937879, 7.988055973087072, 9.36105945118339, 10.605858646653209, 12.131680875677963, 13.614853268060331, 14.217715720711336
13.825516806152482, 11.927285061986105, 7.97780348897136, 3.3535536856716477, -0.2688971895570514, -2.0662745947272794, -2.5165048971907336, -2.890387550108273, -4.091515177935451, -5.6324673309466045, -5.60340027111722, -1.9836313643404102, 5.470792021922889, 14.545942514769266, 22.023564249171642, 25.757506130838696, 25.250570612853846, 21.180909389910465, 15.05317242622801, 8.815776896081019, 4.242657964268122, 2.3290316064649086, 2.9933366996645967, 5.225500114082202, 7.570791933653958, 8.726318718627557, 8.047948019435118, 5.772196126324333, 3.0409469205169786, 1.8137635921776039, 3.9877186253165218, 9.764941826199077, 17.11195829090906, 23.27400126600008, 26.560753090361445, 26.5677247151595, 23.62157589450315, 18.486658131385774, 12.152460735429406, 5.5359121473126836, -0.7259884244381688, -6.301657501361108, -11.061137462687533, -14.915151168978444, -17.647620431648317, -18.811872948582522, -17.819184371494373, -14.32659412932901, -8.817544288678016, -2.9338708728872467, 1.0732691585733178, 1.7917638116014134, -0.5013123613983288, -4.695559057533324, -9.838614590385639, -15.086930846905119, -19.536075846423604, -22.51579956083873, -23.8931977520199, -23.908815959822366, -22.519075324027675, -18.90357159506322, -12.04348548246166, -2.079005884374156, 9.147806716344846, 19.16255128653599, 26.284005744995326, 29.950939891564413, 30.30722113062088, 27.924137623082935, 23.693698130245224, 18.63496141031027, 13.662392237048183, 9.463367398785838, 6.447346651599658, 4.691176595337712, 3.9501857737226564, 3.8150503642977607, 3.9320977219624966, 4.118257211668532, 4.311090262869487, 4.453202084206885, 4.433742915731463, 4.114238599426903, 3.390946255908449, 2.2467081789634595, 0.7782827741423018, -0.7938961023907152, -2.129499138503398, -2.8037316658444102, -2.418629295428794, -0.8197144896843888, 1.6820662830445297, 4.353289812650575, 6.490058967206402, 7.9312776399437945, 9.09145231245992, 10.47981672851991, 12.169532512652662, 13.612075747623194
13.123924433833716, 12.213488791149244, 8.857649412274483, 4.449337121613872, 0.8048947455597651, -1.0710195409971812, -1.453847216829136, -1.4965036426545024, -2.241631026837558, -3.6253608712815106, -4.14556370986488, -1.706286950009263, 4.630867573982383, 13.484570774122039, 21.881953911209962, 27.175439729680544, 28.190778058888377, 25.191644781593, 19.50693061162175, 13.051998232271398, 7.719445903550075, 4.7642806580087, 4.39727473452909, 5.823084664343117, 7.72762980334135, 8.941970594034126, 8.920569332180152, 7.786237030754622, 6.168002102803125, 5.249304782813121, 6.522585591471514, 10.639609276965142, 16.478148611537712, 21.795739172227776, 24.7441561616243, 24.591694424873644, 21.548994081252882, 16.39830338424068, 10.128134978949559, 3.61811634669274, -2.529634612121556, -8.000867275941548, -12.67251879657694, -16.46060550564602, -19.16281615550846, -20.36368525853498, -19.511268453705732, -16.276846131655862, -11.10477597185004, -5.477087304021984, -1.335294513179062, 0.11079320805958383, -1.1363021268113593, -4.505667294270276, -9.275830513338917, -14.461002297570205, -18.982290694914543, -22.0695584701284, -23.46343499782662, -23.342597519680144, -21.91675193010915, -18.852563246076066, -13.2696520508329, -4.690065264261825, 5.989655046158535, 16.704731073254308, 25.394142000039302, 30.848506256746035, 32.76214551738335, 31.512096643915246, 27.953554285959548, 23.140549471350724, 18.040668426247848, 13.419219471589606, 9.827551610620647, 7.534607491672169, 6.454534452444193, 6.221658809903751, 6.397609142757177, 6.64657491051793, 6.7714964518631895, 6.656480046661652, 6.2167632454085195, 5.395159320956874, 4.1799727841850345, 2.6184238302052973, 0.8275627441871433, -0.9876412529376104, -2.521387918802559, -3.396313402835169, -3.2690554456198546, -2.0084746482441216, 0.13753957378190748, 2.562666769062587, 4.617026151126197, 6.021479923035858, 7.020824120498659, 8.159111102085568, 9.841759539621894, 11.870960180567451
11.7388346075418, 11.657509100606822, 8.991054461336363, 4.992740539222383, 1.4636768773449185, -0.48160680650724125, -0.8726252035495794, -0.6078868087458489, -0.7291704581199148, -1.5816356185309504, -2.271373810536598, -0.9736773348855174, 3.7018645208072516, 11.305037482601433, 19.53987753664035, 25.701904964638818, 28.099952350755014, 26.4980765757106, 21.86935597997846, 15.889197748636644, 10.368488072874646, 6.679033971559255, 5.289580665006303, 5.695296039261767, 6.839115691512085, 7.7628399250944735, 8.067890934884376, 7.889827916272673, 7.56507346176767, 7.569240315483815, 8.665916346292445, 11.459081289093897, 15.539731878606398, 19.44506320777176, 21.606322628257196, 21.190036489626856, 18.23544533931555, 13.370292353305972, 7.445040484935308, 1.2480867068782493, -4.649644180710424, -9.92965464741641, -14.455573299553375, -18.129935903487937, -20.748064820106773, -21.929251579616718, -21.190493872318825, -18.22982332336477, -13.377741229708498, -7.843373119924748, -3.288957566546587, -0.9676706165364034, -1.339729086485775, -4.22854907162863, -8.849906786178556, -13.976416025499207, -18.4794138516171, -21.665039087502358, -23.228943454381728, -23.185339698782094, -21.757872201428842, -18.99642694180828, -14.439687667658736, -7.468448268933401, 1.8022177779371, 12.092872573159717, 21.509977256595022, 28.45317336015443, 32.1075707597656, 32.48364077491382, 30.23622057301492, 26.32989103663762, 21.698543353359135, 17.119899824216347, 13.23797404966239, 10.49789108324636, 9.005427838277217, 8.510615397017528, 8.569719376722416, 8.7496800238418, 8.740704863031654, 8.366750052592472, 7.557077061827013, 6.31815027841439, 4.7065949094182695, 2.807939409177731, 0.7426268728043436, -1.2950788546363412, -3.003222666089567, -4.004138396926699, -3.9693644173752376, -2.796367866300568, -0.7410092567421875, 1.6120716476682155, 3.602596904907029, 4.859304877742834, 5.5308582042950505, 6.2198437795693575, 7.60992458446066, 9.82562086424822
10.168127260193405, 10.590680075005915, 8.538794325348139, 5.039665477834853, 1.7361287419434994, -0.25597910728197587, -0.748420065189019, -0.307782214986178, 0.18916264407760527, 0.13344239401387137, -0.23103506405713045, 0.3464243969383381, 3.318745258633285, 9.006441607278708, 16.032173105999867, 22.109917924987066, 25.369859037701538, 25.12906321145655, 21.88820440001512, 16.924988088980403, 11.810995337152402, 7.887774916636868, 5.7772761009463425, 5.233707273176345, 5.481269008897147, 5.800150111689923, 5.960389508413261, 6.208298074870517, 6.858107736325223, 8.003719819854991, 9.695921490250067, 12.070328357767028, 14.961735335792309, 17.587236080177572, 18.889938393111308, 18.15227237856554, 15.273417665462478, 10.665911421912648, 5.0106001359405035, -0.977920396871438, -6.728420997171633, -11.895160246354578, -16.31241070670156, -19.850602291731253, -22.276280598506673, -23.220401593138657, -22.278116855215124, -19.2261182259331, -14.347717858355109, -8.66214072620996, -3.699908861584094, -0.8839453391684575, -1.003397014978564, -3.920828696262034, -8.580676193039608, -13.59898134360215, -17.97968805681071, -21.230516954496885, -23.066544697848588, -23.314728548612603, -22.038654096069013, -19.448506111038554, -15.527422989311887, -9.901912092198248, -2.323805662204386, 6.699638362281032, 15.853366911046672, 23.58600671963886, 28.75187055419402, 30.93654062881153, 30.43782698008368, 27.97752619069004, 24.349339791808585, 20.276240779978835, 16.44311798116174, 13.433674133464937, 11.541760611824422, 10.675490349751968, 10.459830164198143, 10.437802943681639, 10.232040953365738, 9.615792943152712, 8.514481520399894, 6.965772912668681, 5.059228787239747, 2.89217969808375, 0.5818879297988578, -1.6698747746330656, -3.525773140086631, -4.557771937454006, -4.411303859608623, -3.0152137696782706, -0.7080253260458732, 1.825455831414457, 3.8302964091702054, 4.8646605580523055, 5.07291150484381, 5.163738621612396, 6.037382111909721, 8.055008125452357
8.660486431155126, 9.277543835805922, 7.700245976921963, 4.709617127007149, 1.6971803379315784, -0.3166444952878443, -0.9946764894045451, -0.5699593738448063, 0.3673664523431832, 1.1569940652260222, 1.531352486748088, 2.0367417928967604, 3.7996589693192218, 7.542665316301426, 12.761299536077871, 17.8984532225535, 21.28890662112983, 22.000168324922534, 20.07610396589796, 16.338887239503975, 12.033132351209538, 8.350484030021265, 5.935658870786913, 4.703875213734557, 4.115890878480523, 3.6793572685343823, 3.3254679313759605, 3.426314924890913, 4.424738237862562, 6.391170033834566, 8.98978972398141, 11.808411999265436, 14.483563849438386, 16.526495026508996, 17.306639855248882, 16.313854410464945, 13.402499575431152, 8.841980505012838, 3.210580886837058, -2.800222424209402, -8.593676067365971, -13.783867780803604, -18.159914804223085, -21.538630283946365, -23.632359286088647, -24.059094949120315, -22.493619663491152, -18.860504582215043, -13.548079403857498, -7.587916335868672, -2.5335156830550507, 0.09793301773864203, -0.45106790763547955, -3.7462791862805402, -8.457255711131323, -13.255640237701611, -17.43133538258896, -20.72777064319358, -22.89325110311947, -23.590716991930506, -22.65516348611716, -20.247227830879186, -16.631692757504442, -11.830377684206562, -5.648795122753515, 1.868734527134622, 10.067880655999128, 17.80431154367835, 23.92085040650083, 27.697074825350285, 29.025717669895972, 28.270365764016532, 25.981025558373275, 22.75747192990404, 19.272795630533334, 16.199547990555185, 13.987870797399067, 12.711856972836001, 12.114799509578473, 11.78382829273434, 11.327995689744368, 10.48967328378357, 9.176034988860918, 7.420718488447056, 5.308234626877651, 2.923986102861814, 0.38261345565755883, -2.0838813971352748, -4.069334812107467, -5.062722384292645, -4.662086267963724, -2.8357592536386567, -0.05942673395806089, 2.8009386495090483, 4.853205527359763, 5.625058958095586, 5.335322604601134, 4.819299429539374, 5.1106869196230065, 6.700046228899601
7.2593501785047785, 7.880977165768409, 6.654738554482279, 4.135306879312413, 1.4324595123555703, -0.5782464626879753, -1.4812701575303984, -1.241052684726789, -0.13330049427269783, 1.3123282784628603, 2.5685250104344624, 3.571028802092595, 4.896167325740283, 7.251348777144787, 10.708117581555593, 14.465351870578727, 17.32378861332201, 18.367858085617204, 17.34797158340443, 14.698585967741426, 11.32139159675849, 8.169432756774736, 5.788946005031907, 4.153143288670953, 2.902089674388352, 1.7499875961581741, 0.7648077880800166, 0.38617960748022395, 1.1623200341354314, 3.320001732464287, 6.5207569652031685, 10.060407338311068, 13.234172113651598, 15.465889847889885, 16.264859973228415, 15.259891855807371, 12.330930568353939, 7.711207608660943, 1.9572509725830878, -4.226222791757152, -10.2043031259028, -15.53322217085102, -19.92644625050775, -23.116887735581958, -24.7454062660605, -24.413165442131078, -21.892019636201574, -17.329512082573252, -11.37740509569056, -5.259967035466289, -0.5910205354251297, 1.2535824652682586, -0.09755528724593474, -3.7899736622499303, -8.394864600013396, -12.849562538858713, -16.78698190166969, -20.138532192857962, -22.66074318770099, -23.89287796462626, -23.45979334742431, -21.35151649233167, -17.894980311212887, -13.430364370660406, -8.047914054021893, -1.7088134879633954, 5.388132620124807, 12.610714872131028, 19.059989526638123, 23.935435765928226, 26.817175702688345, 27.69425624204312, 26.8146668277382, 24.599156198499294, 21.657156248565588, 18.693891712882653, 16.266937235104127, 14.597378196890409, 13.56840593940388, 12.86099482621148, 12.120272867406996, 11.08214892510089, 9.626900142743361, 7.752483547993227, 5.503513588227646, 2.9346216630654065, 0.16339531369126367, -2.5251939982040588, -4.632906948408845, -5.554846359767753, -4.845411200970246, -2.5286191514482277, 0.7563217882452828, 3.94032680665925, 6.005170176752695, 6.497968605589774, 5.758049323966238, 4.734907955404648, 4.513008090342198, 5.62020461607689
5.957864508628991, 6.510527596512663, 5.548039226939457, 3.4323501682869066, 1.0139348050184016, -0.971538349172582, -2.076703726838583, -2.097224202683295, -1.0635708579155092, 0.7038909173649639, 2.6645929510642232, 4.39444768452204, 5.932000396422106, 7.681076857303615, 9.903442436242132, 12.339349602175057, 14.309525035739197, 15.134586164490234, 14.506002168640437, 12.62422560412263, 10.086065438662114, 7.551306265226151, 5.380294043045094, 3.536741923438283, 1.809976379678109, 0.11242573868161594, -1.3764754988380032, -2.235500464359939, -1.9427937959566743, -0.1498793194807311, 3.016371850818851, 6.913620793661316, 10.668577860478264, 13.483696655742527, 14.753826025251229, 14.086686197609305, 11.362683853822816, 6.812775704192755, 0.9966619265409697, -5.361208572604376, -11.5753312915025, -17.110048173224094, -21.556819684072334, -24.530332999649488, -25.59659239699729, -24.365182011300753, -20.74696250859927, -15.178040429277713, -8.666996468945335, -2.6838015239159287, 1.2020326644437787, 2.0045224355848914, -0.10360611122067966, -3.9547402451919793, -8.245981965694103, -12.287643755206993, -16.011835399603385, -19.45198934889101, -22.33968512738751, -24.131508694026415, -24.30416778898508, -22.652627237860543, -19.397962288003015, -15.00867052491411, -9.868799260139593, -4.116884592629044, 2.1914396544039048, 8.804321051554767, 15.176506363344119, 20.628995306367475, 24.602073143499997, 26.796165157189222, 27.170384910552922, 25.942657136148892, 23.615932382581715, 20.872222266220263, 18.321624762020956, 16.298735204957676, 14.827372722044194, 13.712485476881877, 12.673689780481693, 11.462946950398644, 9.928456026731814, 8.006058181762912, 5.671576427938672, 2.9359904790120157, -0.07100549095222349, -2.990113457208786, -5.21533028186445, -6.050920059026013, -5.027903177268646, -2.2479842676949535, 1.480008307673899, 4.9025877186259486, 6.9148236184241005, 7.123480491747201, 6.003635540068805, 4.596207679377256, 3.9806755182548046, 4.662223001002491
4.790725610982444, 5.263160205121069, 4.493051512316613, 2.68751704920858, 0.49533437035225314, -1.4445921124488201, -2.6728030344531675, -2.917070516538183, -2.087738443395571, -0.3274700323724113, 1.9600135797319933, 4.266076618209815, 6.280135348744394, 8.025317435127564, 9.656148290944214, 11.154752168309143, 12.247426490623859, 12.583800689292307, 11.984545733187792, 10.5711594433886, 8.698982083922251, 6.72513951575193, 4.792510177403255, 2.837411277638486, 0.7979426225302477, -1.2159681698327134, -2.9382220310135705, -4.041552711585971, -4.170135598564672, -2.9951654797848426, -0.42444150778244566, 3.1894086834740443, 7.092890576085943, 10.39027889199201, 12.28960234445682, 12.240913482598417, 10.02392923399136, 5.807843592230983, 0.1174861538623056, -6.319046054009732, -12.751198564614553, -18.51076100430679, -23.019745141664657, -25.7469311062893, -26.195519260204353, -24.031304692118493, -19.359390866875806, -12.93988237829204, -6.133356042251421, -0.5749521844738151, 2.3722439672535423, 2.2394131427167494, -0.31935347064102804, -4.034107487469147, -7.876880527846484, -11.518276952595643, -15.092260845927724, -18.658454795205156, -21.90677861945711, -24.24570567396545, -25.06843159451462, -24.011381161348904, -21.115418098176825, -16.795870149523342, -11.596400403754858, -5.905160952423608, 0.11625423512097874, 6.357824428311743, 12.55149782209467, 18.229250364380146, 22.852007980103117, 25.969163970282136, 27.325060912851306, 26.950448569992563, 25.217657173840458, 22.738850396000913, 20.12572856210681, 17.789640218818366, 15.884739075346587, 14.355538706055462, 13.022750292766741, 11.671480762946453, 10.113339634969613, 8.20038654703345, 5.817519805762325, 2.9251723160584544, -0.32340027879343763, -3.475035894314765, -5.8037735675401985, -6.529786521920965, -5.1857009342712885, -1.9763186667425758, 2.1177390592022625, 5.686569786496563, 7.578813051502128, 7.4884118650472535, 6.031772038243769, 4.330207111427369, 3.433254260312567, 3.7871930063390367
3.819417673534341, 4.2180280876858465, 3.565012363984209, 1.958183719554884, -0.0787951376931924, -1.947480232962565, -3.1835256585403697, -3.5300319932695325, -2.904596097119408, -1.3639323859370356, 0.8641129862391602, 3.382755303811454, 5.770499833880035, 7.761472868416713, 9.273757925230145, 10.29005245105344, 10.761893228431601, 10.635644206114687, 9.93723628738978, 8.804503505149299, 7.416881527208863, 5.867829494871957, 4.111987169937649, 2.0819498581443456, -0.1260931158230906, -2.2181167055138333, -3.875288734603137, -4.915599958289297, -5.232779974988092, -4.6412623531914, -2.9274321567359083, -0.11092464429145057, 3.3732388555903676, 6.746060230229821, 9.122878838839066, 9.760988421910069, 8.244557556862567, 4.585243663795616, -0.7948459717409833, -7.193404880800102, -13.788840219845268, -19.75140981015423, -24.300169118908705, -26.743161825362492, -26.54354572380118, -23.47895630073978, -17.89943581269302, -10.885640207672685, -4.066362071818383, 0.9027782995047665, 2.9857962136341083, 2.208623781501928, -0.4708228470342273, -3.857275127086481, -7.232529420534122, -10.542934114481001, -14.030580986651458, -17.74285590755781, -21.334562831300474, -24.192169807553107, -25.669721213080678, -25.29796909539187, -22.94098461509993, -18.85642444129107, -13.58247079783242, -7.680363186197366, -1.521200675430743, 4.715264176282162, 10.871549578654436, 16.659758727350066, 21.64800699396527, 25.361560426526395, 27.429251318792794, 27.739772071186053, 26.532904548243433, 24.32097014994923, 21.678000007200225, 19.059648173976186, 16.73638085978274, 14.798911539595625, 13.186235973145102, 11.727896145137215, 10.193969938033119, 8.33550433911032, 5.9312394341489, 2.889686618141254, -0.5998328252949203, -3.9733675928443133, -6.3747111623652835, -6.945132268952315, -5.24168703807799, -1.6002612199997097, 2.815968261652575, 6.457488220248424, 8.157749196603108, 7.724160403598862, 5.92986881564962, 3.983152917090117, 2.8970251754471827, 3.0310109766197075
3.0819065762798856, 3.413738090251152, 2.797943261479421, 1.2791775193918187, -0.6622238147955841, -2.4199998708178865, -3.536773922403821, -3.8346480646533414, -3.33205372904984, -2.088652160424956, -0.18289938048425752, 2.190711481962359, 4.684737124585459, 6.900037457394802, 8.5274761957734, 9.419830613040338, 9.590722837106371, 9.18232623345818, 8.405638229382454, 7.4461783039383045, 6.366186427454026, 5.069282074771609, 3.392276013552797, 1.3062721494355973, -0.935827690128575, -2.89461723482383, -4.246815118340086, -4.984474051279228, -5.265158666351188, -5.0898899319302355, -4.214032192209132, -2.3953502425038917, 0.2880427343113681, 3.316940206836037, 5.859250685381427, 7.041071556422137, 6.225773556964222, 3.2032213166851204, -1.7655760639060063, -8.037815265085904, -14.730662661447802, -20.845342667965518, -25.38381828230487, -27.490910402478324, -26.61602977782562, -22.698939486992604, -16.369944167398806, -8.99834860189983, -2.3676474115698407, 1.979250055468375, 3.373824437246932, 2.227563983656554, -0.36796205381848635, -3.375467971034508, -6.342092784821245, -9.39631144649352, -12.8316384685347, -16.68187452398413, -20.58822486822637, -23.933263475588568, -26.052942392795913, -26.412548400760322, -24.739287843955317, -21.110943252128287, -15.944806443264628, -9.839477339535346, -3.34215658221225, 3.190843742185585, 9.549545328970279, 15.520685022533534, 20.780022969524122, 24.9041220034391, 27.49355662196174, 28.350484436817283, 27.59834725330285, 25.63857871438887, 22.98346105471464, 20.10843279002582, 17.38629504180544, 15.055077770710248, 13.182036035530928, 11.647495960807804, 10.175042589631397, 8.402522218864334, 5.994645591387519, 2.811836506339182, -0.9080432933939715, -4.477319390180018, -6.902462114138124, -7.250001995601963, -5.121143914564189, -1.0123980423350927, 3.709757149859137, 7.360337374527194, 8.784312636910997, 7.936007162287552, 5.772002571739775, 3.6026370956865463, 2.4044203069777286, 2.425563304557816
2.5699263697049046, 2.84260922880928, 2.192789954960206, 0.6741088474933177, -1.2017917178589625, -2.792442609516902, -3.673253364252041, -3.795167549879809, -3.327531911906408, -2.380515743525601, -0.9186460501762392, 1.0809824380573803, 3.4395740739647205, 5.7555725173005605, 7.564322584302991, 8.550758434717695, 8.680020466275266, 8.178738577186607, 7.377784446386178, 6.505697035366634, 5.55975750380237, 4.34091589314731, 2.6499563246687625, 0.5340172494748375, -1.6181705316352883, -3.282629652285811, -4.189698197551862, -4.518791749742924, -4.655717489290875, -4.75396507157138, -4.566887519819185, -3.68048344341254, -1.8892110429881024, 0.5631189972891067, 2.988955169503602, 4.4782872380178045, 4.219464517247214, 1.7784167843192311, -2.769014907193877, -8.866949367890506, -15.593705633443149, -21.793244101124817, -26.252826773189618, -27.96040864627765, -26.376467021169887, -21.64150273661653, -14.68508530605737, -7.123296818934895, -0.793549308633127, 2.9593818832535743, 3.8164683870854765, 2.4604141079095827, 0.014411120336175998, -2.6492427995987624, -5.277511642601887, -8.117142642368913, -11.494988946620728, -15.449521105357315, -19.631812805502705, -23.432500290650005, -26.17627516649513, -27.28369940694011, -26.385982244871236, -23.408044171070507, -18.60439426184404, -12.496725115292461, -5.702581864931796, 1.2526795276247888, 8.012412947898465, 14.320838618845901, 19.900074411346694, 24.39078407696116, 27.416835166020117, 28.74174441948615, 28.398464230644283, 26.682428200858666, 24.03440169804213, 20.93338983327228, 17.84190061773472, 15.142324954083842, 13.03383845509506, 11.449499926078097, 10.062290532576284, 8.39102217278731, 5.986885211846436, 2.6712896936611177, -1.257823436241299, -4.981710687056965, -7.368170699832034, -7.4153020839533195, -4.786677503290972, -0.16773234508579588, 4.848846793489993, 8.444304063970463, 9.503904157601468, 8.165455396466596, 5.5932731408966845, 3.210716967132369, 1.9610494682398543, 1.965698446199592
2.2381787171053276, 2.4653057967630887, 1.734138380802168, 0.16564122884836033, -1.6392419279514934, -2.9955995803363984, -3.550270849636873, -3.423271897776757, -2.9493409833717945, -2.290387332627055, -1.3094504689446846, 0.21857333636255516, 2.304490741726055, 4.613975881007678, 6.598359259480376, 7.787495688319585, 8.040188061309289, 7.578084257047453, 6.7822843715719365, 5.909721174917997, 4.939729933614237, 3.652880550058925, 1.8848895942562618, -0.21966200018662682, -2.172407298371726, -3.434390461738294, -3.847732543739575, -3.784144504713718, -3.8020209272816285, -4.133213440786314, -4.501905865509136, -4.375601970357092, -3.3651275775933325, -1.5097619421790118, 0.6545984384232486, 2.249221785841445, 2.3626948664151652, 0.3843330216897151, -3.78259506842734, -9.683152604563952, -16.383091922680308, -22.591815888527027, -26.894919687111972, -28.135621594596483, -25.80732726045463, -20.277871875273583, -12.782432809990198, -5.144418654735627, 0.8170540488333686, 3.9981437941865217, 4.395155860736831, 2.886124153790507, 0.5852031399833535, -1.7790449154305155, -4.105942707198472, -6.731351237735521, -10.018020205194908, -14.027913583300482, -18.4387013176606, -22.65764482119688, -26.00186129685537, -27.855938942722496, -27.781376689090436, -25.588453118368914, -21.380029949493448, -15.544887855735219, -8.665309622579233, -1.3563857312640708, 5.872323998425796, 12.646449714799498, 18.653939720834636, 23.56334740750924, 27.03078451339595, 28.80923990114573, 28.86698527068474, 27.40774893739287, 24.80134144444873, 21.520849054722838, 18.10734134084778, 15.080979946364263, 12.770135396525207, 11.158038873249941, 9.864510252592467, 8.291286112598934, 5.886076220791534, 2.44565684975562, -1.6622020576648313, -5.48729041517359, -7.765150008475614, -7.436447138472192, -4.244752282444928, 0.9127786675794056, 6.202362050429262, 9.680869847937146, 10.304981990231028, 8.423519252494573, 5.416080020920333, 2.8199330105080205, 1.5545343143261352, 1.6158725395913227
2.0231507974443907, 2.2304730576765053, 1.404631995324648, -0.22080948902732858, -1.918732340144768, -2.9728527334158645, -3.144530956276119, -2.753069908091993, -2.2905882994531663, -1.9421052788647017, -1.4571450597876086, -0.4246782046645153, 1.3397003420286346, 3.586748377634632, 5.728789788353677, 7.168600215246576, 7.636739078224085, 7.289533055285568, 6.502346359154837, 5.5482991748852895, 4.429331512955517, 2.9727635012974796, 1.1008737556280561, -0.9380175516203443, -2.5970565018680527, -3.386770053004421, -3.3098911149573036, -2.930671698846865, -2.9278649166511874, -3.538515568306717, -4.410634324380944, -4.905523013611878, -4.5197789803217425, -3.172727439652205, -1.2930674528598072, 0.2918528323577, 0.633362445170711, -0.9929735338151376, -4.822811082160635, -10.503591967654607, -17.111782356533315, -23.247942001974252, -27.31472997882597, -28.027174088271405, -24.931474510175804, -18.6394745023431, -10.688152210510223, -3.0721691966542117, 2.458524662743066, 5.063676464625285, 5.02987333654499, 3.3897384213037927, 1.2325595813019763, -0.8429250718454486, -2.8666797595215368, -5.253414533239396, -8.405233055107843, -12.416338300933715, -16.999457703897423, -21.586643305436876, -25.49488336531425, -28.079553820186753, -28.845621016150627, -27.516388423632915, -24.072821051304803, -18.765806778010873, -12.079209802825474, -4.626171492239115, 2.9876134136976344, 10.256635823269393, 16.776256055960122, 22.1871243129711, 26.152674730451945, 28.419231628690515, 28.907612851777294, 27.745695327730406, 25.23794247916243, 21.846497322321017, 18.18107168381892, 14.889424420029076, 12.41960399583402, 10.79768532659769, 9.589916902393515, 8.09184036628694, 5.667871299984821, 2.1094260853918634, -2.1388461481907095, -6.002635818324109, -8.100211324165691, -7.331220992788408, -3.535566585474849, 2.1646901205187308, 7.694560602355816, 11.007084660219492, 11.158188356527726, 8.715929055318336, 5.261319686267695, 2.4386512147460726, 1.1625468810457227, 1.3242724954204528
1.8572042904684307, 2.0875402662195386, 1.190349000497983, -0.4613304772045709, -1.9977614469008804, -2.69111286353241, -2.454042648428641, -1.8219628942163821, -1.4248942979788957, -1.4343174502795177, -1.4661229124800448, -0.9339979809928535, 0.4963802996758975, 2.655071812317066, 4.937873563614107, 6.646524083765361, 7.379499131663141, 7.1904222523198085, 6.408789909369137, 5.315497662207742, 3.9664101563269933, 2.284510728230873, 0.31233474608613854, -1.6005555082963911, -2.8863345166973366, -3.1558323473493077, -2.6054535480423264, -1.9863744805163475, -2.057891937887119, -3.0139361620239975, -4.395297576453023, -5.4555770275564655, -5.606469214371225, -4.696843076091998, -3.0908623751409423, -1.5711208377329975, -1.0894315060445567, -2.434099532302558, -5.945578987929112, -11.369464152664653, -17.81108545355578, -23.786440848195692, -27.5371900042455, -27.671450340746375, -23.80810478771902, -16.81176324537155, -8.506734984777168, -1.0197282357407504, 4.012439028858958, 6.031301908342957, 5.597342747880609, 3.8680519447479162, 1.888519667948121, 0.1250775369911625, -1.5753847260575922, -3.697387807839002, -6.675932593032762, -10.634791041545526, -15.324890000141902, -20.213011266496792, -24.629071912468515, -27.909685349795648, -29.511181302437457, -29.083767220756577, -26.51101447566527, -21.924545320194678, -15.692007976070462, -8.361440099681516, -0.5598039379229134, 7.114746570522613, 14.150336589520924, 20.115600731455057, 24.64234839643087, 27.45423650311525, 28.428565518322916, 27.627952794626694, 25.297149781286787, 21.884580044633672, 18.059422089611182, 14.58303917821384, 12.00657934349922, 10.38712913858131, 9.239944164953124, 7.7747591119123305, 5.302551509284199, 1.6322668041272357, -2.7111927851029467, -6.544681902135731, -8.392409445331225, -7.134200051707072, -2.719899718213654, 3.5023479369810273, 9.232638228636487, 12.349316298532324, 12.026057018522051, 9.036970488795617, 5.134277462350508, 2.059857627061597, 0.7512833161229202, 1.0313985486661457
1.6763623856923444, 1.990860961196865, 1.0779142197461395, -0.5426288419525516, -1.8583959659639502, -2.1496491596291576, -1.501647399068808, -0.6661428152073964, -0.3873757746864132, -0.7955826500534819, -1.3633103134854305, -1.3410082710258922, -0.2633627934591333, 1.7734342855465903, 4.164902339064028, 6.135131694960427, 7.15492339804593, 7.152532573803398, 6.382555893566296, 5.125269525786788, 3.509941528845462, 1.5868559877913526, -0.4609589876077629, -2.188948677601171, -3.038715315083163, -2.7561263152288937, -1.7457407331627721, -0.9305136064970938, -1.1199492508109379, -2.444157933359289, -4.337084735855671, -5.957108709598388, -6.642794897784028, -6.182010049297968, -4.883386459866631, -3.485550738085572, -2.9266676722987706, -4.030384821581665, -7.21997652672762, -12.3363585014683, -18.52779471997539, -24.24726739629764, -27.600091331613026, -27.11487952941469, -22.505641740306984, -14.892387268419766, -6.360121936584888, 0.8811153254262779, 5.3533041020756125, 6.795581733974129, 6.022973594395832, 4.281365384212975, 2.5410079622675608, 1.1239452584724434, -0.23928824533311308, -2.085899347171228, -4.866097699124538, -8.722696840616061, -13.44601117536514, -18.549881822168185, -23.39470046564717, -27.31341351174672, -29.72243549652654, -30.20519588009796, -28.560514106983106, -24.81990329490446, -19.242563958510505, -12.285622139148076, -4.539632869714492, 3.3623252067324385, 10.825436701311565, 17.331907339752565, 22.450379706904737, 25.85759517588152, 27.379290488897215, 27.01473950352804, 24.95125125064886, 21.621210869965413, 17.743953154322618, 14.176045709195419, 11.548318328437357, 9.933834919886115, 8.80374157680562, 7.311730243486694, 4.752999698938691, 0.9782932260521877, -3.408455979623937, -7.137817694306205, -8.670263705659876, -6.890748689191587, -1.8690639727427962, 4.831540958876682, 10.716834462047014, 13.6237675664172, 12.850952710549322, 9.349750895745712, 5.006203478243983, 1.6506025129337825, 0.27433234599140355, 0.675912141839888
1.4249115174865643, 1.8989030007887977, 1.04816179664877, -0.47096602469635795, -1.5149308055791506, -1.3847817101960662, -0.33903420439031356, 0.6713661983068102, 0.8113629115196936, 0.0020090733736940125, -1.0974047735003465, -1.596264761115928, -0.9127374159072958, 0.9356395448040344, 3.3674267024834315, 5.556490137765182, 6.857301528426353, 7.060127945727649, 6.321779731743388, 4.90953867738908, 3.0323529424505797, 0.8840910302787833, -1.2018131403927157, -2.6941593181969683, -3.0675965707232065, -2.2227551837486237, -0.7684451974263734, 0.2277074647530007, -0.06679165905237243, -1.7159471187491748, -4.073341359813699, -6.237384095259508, -7.491965188371997, -7.556788832036021, -6.663620499109477, -5.485355608612193, -4.927568394569072, -5.832574023991982, -8.696081028804096, -13.454919473313135, -19.311249424297532, -24.673689029998755, -27.538821986801203, -26.391048126660888, -21.067484558004747, -12.942616009018817, -4.323741873660268, 2.555608315282102, 6.424363461699255, 7.329065117970056, 6.309618326054238, 4.652957899583553, 3.216815826199594, 2.1673051049949703, 1.1322094710453217, -0.45190638514623505, -3.025180844319174, -6.735226444498852, -11.41264525368203, -16.632263137149383, -21.805078073039827, -26.278895854391024, -29.442013085921054, -30.81636805001865, -30.120868058688323, -27.29771229222896, -22.5105940002309, -16.12433990600536, -8.663819597589052, -0.7480749094420263, 6.987058068341743, 13.951424675600645, 19.638956039922945, 23.659990721677016, 25.775236396056453, 25.915064365356024, 24.207453322519005, 21.065730229468777, 17.248571343628544, 13.684185497421923, 11.053964573867761, 9.431266673221561, 8.255954407102857, 6.663700594149668, 3.976076731572453, 0.10829202919281629, -4.263115084835666, -7.810819924638875, -8.967269946623551, -6.650439107874574, -1.0567710720346946, 6.056643734284118, 12.042464733901955, 14.730587858436149, 13.543333489586576, 9.574721417243868, 4.808301270431346, 1.1527411472198346, -0.32175697886731186, 0.20166538367483408
1.0591826296372968, 1.7728110790721268, 1.0713075345998695, -0.2764918688938442, -1.014623849788593, -0.46768294948986244, 0.9528410516751562, 2.1291793173100135, 2.1560287615729705, 0.9970854465077225, -0.5898790851782048, -1.6086997146185251, -1.3760699212700807, 0.1826259514664007, 2.5429137959016934, 4.865065973894094, 6.408035231622306, 6.8209295659224916, 6.144025006860139, 4.613819500639376, 2.512412861564458, 0.17979999687106626, -1.8996341263657788, -3.1190366092376216, -3.004417288823915, -1.617873386349707, 0.24765750399253916, 1.4181447377130483, 1.065559681465093, -0.8143773597812218, -3.533453082046153, -6.179155676558414, -8.01321249698844, -8.686852065600018, -8.32659172143148, -7.50214873461764, -7.055931662863796, -7.830178072732189, -10.384908543672516, -14.75302980072005, -20.19709969688541, -25.09636112983868, -27.369324131381116, -25.500992399969967, -19.488153004996114, -10.958684705760945, -2.3948043377076305, 4.01531217131427, 7.256638287548585, 7.685625856426407, 6.526265903466558, 5.050259875287508, 3.9639694609133076, 3.272841257110332, 2.525131030821649, 1.1645355698819255, -1.210870734112142, -4.73868699720457, -9.290611164511784, -14.516466670450725, -19.898869449750457, -24.82107006049297, -28.65798379423655, -30.877462169656333, -31.12143036110816, -29.246894186568472, -25.33038532734901, -19.650905461894826, -12.659338373616071, -4.931616526980347, 2.8942122131597534, 10.18435894568828, 16.366255981106633, 20.9768845113553, 23.70092071164394, 24.39149877309234, 23.112976241228864, 20.25539950005381, 16.602853602826702, 13.126148719435175, 10.524897963288199, 8.86000155419573, 7.5601484862920225, 5.786781659156608, 2.9298860949830736, -1.0130382467273529, -5.304365722533388, -8.590630202833916, -9.314968448271728, -6.458585785281115, -0.34953514449602746, 7.089402452975686, 13.105655326912192, 15.556544703720451, 13.984391835153696, 9.595312700536219, 4.440610123051666, 0.49339005669785146, -1.0873305600452832, -0.43431479593390054
0.5510172217321194, 1.5769885462784803, 1.10669319089634, -0.010766704402169168, -0.43035157916720745, 0.5057307781760206, 2.2699122968097956, 3.6209584425872685, 3.6005904490889606, 2.19267271321439, 0.20530060994037808, -1.3057514399226304, -1.5757769535018413, -0.4239465663800816, 1.7215163190811382, 4.052645634268764, 5.764806057587565, 6.373643212454941, 5.789463696018963, 4.196564350529899, 1.933144751545766, -0.5244095301632831, -2.5497711413516764, -3.475114131187806, -2.891874966088405, -1.0191057502236565, 1.1990977162086263, 2.528100610555465, 2.1714883529905653, 0.17511102225777303, -2.7699914129844037, -5.789321351947248, -8.161807822392273, -9.484464258139777, -9.762975571547118, -9.428759476488056, -9.223927847542665, -9.963581231735839, -12.25717105447437, -16.22697706136807, -21.194419883424104, -25.519063306663483, -27.075137353911096, -24.403977197926274, -17.709290718327868, -8.873646346052078, -0.5005060847054323, 5.343531684463864, 7.949921617469963, 7.980371354393992, 6.789642099936468, 5.569912175976311, 4.84160543749268, 4.4576654272723015, 3.921136858924821, 2.7197034529944504, 0.5159307899427262, -2.805056699098617, -7.156614236001644, -12.275976970989324, -17.737619132213002, -22.98179535191555, -27.387020739753357, -30.37707613862241, -31.521230965038793, -30.593422618888056, -27.58657394140427, -22.69890255667649, -16.307582035935873, -8.93272383927361, -1.1884852371761108, 6.2766125229758485, 12.84276517875244, 17.97922583730075, 21.291088006030712, 22.5484499376168, 21.74828694138251, 19.251815318696437, 15.850245172119523, 12.523437575115654, 9.957542866573514, 8.19490732202779, 6.680449831092561, 4.646707993151995, 1.588600906877405, -2.4037823899265924, -6.546958294478559, -9.492772590129618, -9.733617452270565, -6.345792576096219, 0.2054699693538841, 7.862266573503279, 13.817428395242107, 15.990915528365106, 14.045108617120944, 9.278745982334858, 3.7907104639964317, -0.4011049899751071, -2.060116011111241, -1.2554691494243688
-0.10962142710990246, 1.2821564933908778, 1.1075749593632158, 0.26197077845772904, 0.153076140835376, 1.4310196174305871, 3.497981735644187, 5.038645565819699, 5.057677215317656, 3.5313516853242652, 1.2654492974344014, -0.6752230413518163, -1.4719953902246627, -0.8318051645389912, 0.9488719538352519, 3.142538281100619, 4.9226472824037435, 5.691096651970183, 5.223078621064785, 3.629856889016447, 1.2820046050523026, -1.22794307243836, -3.150545586438677, -3.7760671417605933, -2.771695566391371, -0.4994292796645414, 1.9872591308800933, 3.441737292831163, 3.1239838220833214, 1.119339435648514, -1.9119754575668528, -5.173494196796588, -7.997508554686607, -9.950459726818938, -10.919793518958874, -11.179005046706614, -11.337627768142275, -12.151734392135056, -14.255659853993109, -17.842647755791603, -22.27974459059692, -25.910212953041896, -26.602083636284387, -23.020830428130004, -15.634895372225078, -6.584274231451483, 1.467509158901047, 6.6609590137241845, 8.645823815758314, 8.371256570828388, 7.250164461764329, 6.324724463571896, 5.90845972566519, 5.730413909403963, 5.294210662868511, 4.167167426759016, 2.095509302607964, -1.0052623345618308, -5.090578371269799, -9.994095036289423, -15.39949622574182, -20.825322894661223, -25.67243324999822, -29.332895561602548, -31.309765761209285, -31.29703708476085, -29.206201832856834, -25.157024391448367, -19.45391283674907, -12.556161445410956, -5.039432960615201, 2.454741403988407, 9.280217458974835, 14.851707423709154, 18.69917657098406, 20.509632787742536, 20.211647318090847, 18.130663667133284, 15.042369694178714, 11.900386367335981, 9.350856802510409, 7.4204102940013765, 5.602426271006795, 3.241520956016694, -0.03656213263919251, -4.047326148653465, -7.977267787800459, -10.510074202507344, -10.222166331924853, -6.317512570602578, 0.5927585737974906, 8.343732216492066, 14.12320416036806, 15.950408063893203, 13.61585519996028, 8.505756136758073, 2.7573157145060274, -1.5910239205938823, -3.2587688299000486, -2.262642417653107
-0.9133132970618488, 0.8696802329088875, 1.0291617515938274, 0.47700965669185563, 0.6551490766829672, 2.213813497959778, 4.5306355244484715, 6.2669021528521425, 6.408374572270973, 4.9001616197434865, 2.4982747140087884, 0.22691777234652707, -1.0764436297629167, -1.014374192129048, 0.2717340696750353, 2.179685735722814, 3.9084417715784614, 4.777546398661649, 4.4332829570482435, 2.898691197634948, 0.550835973308156, -1.930206388960128, -3.700339677573384, -4.03153093992465, -2.673622266834532, -0.1099467290135387, 2.5431527550983977, 4.074204955712465, 3.820398964134778, 1.8957940150217918, -1.097249801010372, -4.469270626985702, -7.633312195269452, -10.150034917720804, -11.804272847359451, -12.71003124274164, -13.324859401488325, -14.316184700019427, -16.311334622573845, -19.543057130538667, -23.397913499169366, -26.20166478592849, -25.861720696313675, -21.24828814583069, -13.159261977112454, -3.9893691741594166, 3.6140837752487327, 8.096778877587685, 9.511033090536106, 9.045373013965786, 8.072417367451552, 7.418907443515793, 7.1997220001096425, 7.0752200136088685, 6.602994471462234, 5.457184314050089, 3.47392436368248, 0.598752899085566, -3.166214369093076, -7.754589746618825, -12.970919856788262, -18.431167389969723, -23.578651529142267, -27.78850911692151, -30.50590001875625, -31.349535079376714, -30.1528056837707, -26.959158311971503, -22.00028895023693, -15.671227340387823, -8.500273130782356, -1.107209476391625, 5.853055534023462, 11.7559378314213, 16.066218332742288, 18.393636038150756, 18.600487163444924, 16.968242658883504, 14.231911010146362, 11.285982725186802, 8.718545043070714, 6.551360447832448, 4.357942493480023, 1.625263445388209, -1.8778700690832146, -5.877429027188666, -9.54181831189741, -11.603563955284177, -10.750692490580448, -6.346905119892638, 0.8369635376961271, 8.550285226872008, 14.02060176362139, 15.404024550748247, 12.636700014958322, 7.201643973627796, 1.2758104725052615, -3.107911502734475, -4.677331078422406, -3.4333024772853773
-1.831102816419951, 0.3353354311455424, 0.8370301796861377, 0.581237547767922, 1.0141943334635508, 2.7863907594072432, 5.288315445538222, 7.2056268596271185, 7.528711822244088, 6.159546254290196, 3.7689089965895586, 1.296103363640485, -0.4437795976250084, -0.9724547888267037, -0.27026725705579385, 1.2202967650623733, 2.7716762449139924, 3.662198973720589, 3.4285829706500275, 2.0002249880577647, -0.2633662791410099, -2.629229233138962, -4.195672359841255, -4.243957000785067, -2.6102787899220674, 0.12791998021591267, 2.839063209918818, 4.389367795668973, 4.2090934124941946, 2.4303086407908387, -0.42360296257353963, -3.7892806638029137, -7.177946790548398, -10.165093862799417, -12.454420342406696, -14.012776449540059, -15.140525647788387, -16.39341966152842, -18.35583884711876, -21.257140200977027, -24.46724387564614, -26.29432708232775, -24.74330845945512, -18.981611467930094, -10.199425757752898, -1.0238458301556603, 6.016914989975243, 9.778965741521684, 10.728314639636636, 10.19434647545124, 9.394063076479526, 8.904007507670652, 8.693381135618651, 8.432904535097299, 7.78419398552726, 6.537879806376538, 4.60867447109157, 1.9622809914417252, -1.4414751860326387, -5.632048117780531, -10.537691179302078, -15.886262924437997, -21.184317879877415, -25.807803257120874, -29.15426533120476, -30.772588380659002, -30.42275471091609, -28.076117373997132, -23.892950724556687, -18.2007712749111, -11.472778427151361, -4.295352552943733, 2.6821018128586567, 8.810024634163614, 13.50026014279264, 16.294957808692697, 16.99453028667574, 15.827956594329736, 13.465369922013034, 10.71549721902765, 8.099145357319873, 5.6474389075275315, 3.0382890355213323, -0.08376333449787134, -3.807521130603543, -7.776834549176274, -11.145880470033621, -12.700613152353991, -11.25876844722093, -6.3738602356069025, 1.0040261458982722, 8.550100255151214, 13.568176437189102, 14.387922230114274, 11.117861987750357, 5.360582534080601, -0.6577416946718645, -4.9370068276351615, -6.277518206027308, -4.720804677797638
-2.8160990678130795, -0.3090596956647458, 0.51336763983267, 0.5420812179833487, 1.1969003962755678, 3.118201611079618, 5.733080506464459, 7.792710745499179, 8.321614153039343, 7.1814582044231745, 4.937590542476987, 2.4091087912216333, 0.34585855120280434, -0.7296282151984503, -0.64952806205631, 0.3224940170766006, 1.5754279640197189, 2.3938432891763437, 2.236987694460783, 0.9468474823037681, -1.1542064017778524, -3.318491343901217, -4.630035746914633, -4.409240737695777, -2.579014175340459, 0.22006891607942952, 2.886988746154674, 4.401083441440698, 4.295392087001662, 2.7086897926686997, 0.06924960656562072, -3.1960457630644887, -6.704438867172267, -10.0608159693981, -12.91051828452891, -15.094164167264132, -16.76066368567836, -18.337332110889836, -20.327268379221124, -22.905635772121745, -25.38623425520081, -26.06945012660685, -23.133216246423007, -16.141629962084387, -6.722568058330469, 2.3257295982174697, 8.72781715989288, 11.836130418735022, 12.47306020898939, 11.95973091107054, 11.260563745357892, 10.727862335581557, 10.283542036306816, 9.694116818588258, 8.75609706560338, 7.361963408929784, 5.47558319923788, 3.0647568514856935, 0.048973144364465385, -3.6837811205589817, -8.177062163571783, -13.277711958220827, -18.575547758377795, -23.46855009146647, -27.319797880027497, -29.613996180004044, -30.042248962094142, -28.510225149138584, -25.1117515078321, -20.10590345772814, -13.90321049056997, -7.044800126553672, -0.16114195573229567, 6.086454220647427, 11.06939471685155, 14.273573364237523, 15.443456536131471, 14.748574821817147, 12.774354035886617, 10.224750885743802, 7.549727446228526, 4.801248475620472, 1.7739078984505874, -1.7295686873378562, -5.664746913468463, -9.599392841924278, -12.668469955676542, -13.704133156599571, -11.66179180605894, -6.311024468405223, 1.1945958657229145, 8.456736875600614, 12.880836092984014, 13.004160038530804, 9.144373468779325, 3.058017068096447, -2.9689194603404965, -7.001115425078636, -7.980354589970175, -6.053844730988758
-3.8084243727432012, -1.037063516327001, 0.05971607246790822, 0.3517422039597463, 1.2011593712719493, 3.2176952192721724, 5.873782419185556, 8.017822761842556, 8.741257801714141, 7.881285451264049, 5.892686144939014, 3.4510464575329007, 1.2028996032443073, -0.32801950180359, -0.8549679510243046, -0.46170447931428976, 0.38998591313617353, 1.0395151683414083, 0.910344374431039, -0.22594319326345833, -2.0980138927584004, -3.98205883474451, -4.99334515576197, -4.520330232364496, -2.568926136765301, 0.19018788206899068, 2.7277784529970357, 4.162241486127384, 4.131170525466352, 2.767070065715218, 0.39177369835802467, -2.7058710652955162, -6.247834646436165, -9.877238428728218, -13.20357410195119, -15.966658341769715, -18.17569578201562, -20.11595036897479, -22.169111634728953, -24.402670139283956, -26.040778924412912, -25.404653047598913, -20.93907484553742, -12.69943670915757, -2.7578770468344977, 6.030057883255589, 11.786797310493393, 14.382139929475116, 14.853359584504839, 14.35372113787951, 13.565693900417767, 12.713587657516342, 11.790526517986105, 10.722711703279225, 9.440811532151715, 7.901440526670034, 6.076259090563571, 3.9134861068450175, 1.2972468713483536, -1.9449859392045088, -5.95193579835852, -10.686974083880715, -15.840268703158724, -20.85635224906652, -25.08134473238509, -27.94215915691773, -29.063505013613035, -28.291691984388695, -25.66319486598628, -21.373093871410447, -15.764327991088116, -9.320449223359438, -2.638402238102911, 3.622300910080339, 8.8053213670776, 12.352667386629474, 13.960649002006567, 13.735459600463738, 12.163131378021303, 9.829379754215669, 7.111167203242153, 4.087153225950944, 0.6706814611151282, -3.185378094112246, -7.315580601472674, -11.21614633822855, -13.993777787525403, -14.512536268849782, -11.864272366347231, -6.054844642994364, 1.5320874212526998, 8.414537367663371, 12.113038454923155, 11.406240313830805, 6.869988001256573, 0.45386287217142934, -5.4971830328191125, -9.154157224992948, -9.664989524321635, -7.340522067268951
-4.745459690615459, -1.8120680712826827, -0.5037314402499621, 0.026586141916289885, 1.0522873100676462, 3.1251910767037376, 5.759430365388519, 7.921670379924967, 8.801302461396492, 8.234118529992834, 6.571042055481038, 4.3344364909718065, 2.0410343934952215, 0.1753634262686916, -0.8961996526011545, -1.0940692347191858, -0.7133407936184726, -0.31690825886660007, -0.4719045903096747, -1.4528419099778966, -3.047516005707525, -4.591308425930128, -5.2729037720245024, -4.572384642110636, -2.5696755921671284, 0.06779173406112504, 2.416347336832791, 3.7472175610537684, 3.7944808274119537, 2.6692750176414783, 0.5816791108741817, -2.3090538944326027, -5.81987490177044, -9.637167691113284, -13.357283710561097, -16.64629346334984, -19.386261316445225, -21.706152032979375, -23.825676598527963, -25.655797398979495, -26.313454969957977, -24.19355910369588, -18.11325634572201, -8.689789271656144, 1.6120760334540767, 10.0379920189857, 15.21821897335098, 17.461826234578332, 17.830161288514805, 17.207365410244403, 16.058239047918885, 14.61436394422893, 13.033470150371528, 11.420196532467633, 9.808075670590606, 8.170053141019636, 6.445126077915116, 4.543151889146566, 2.3206561599829687, -0.4281613819241348, -3.907932370261969, -8.185925794169414, -13.06410066299869, -18.05982711977343, -22.52546819556338, -25.83933461562758, -27.55948404956899, -27.475538765397392, -25.577286508970683, -22.00719804272914, -17.04263496470029, -11.100000658356603, -4.727221119750008, 1.4336174842381044, 6.713324563834629, 10.524744121927526, 12.525980299253723, 12.757835645197334, 11.594342549468744, 9.491644569551834, 6.752333265574632, 3.486258214347061, -0.2745204886748288, -4.435840693554947, -8.723734203719623, -12.570206762138973, -15.049562033569075, -15.044432648878281, -11.77555787936904, -5.497709849670153, 2.148759069691412, 8.579478698423314, 11.437598317597578, 9.785436144901034, 4.514723796207707, -2.2073636538612673, -8.002677286839845, -11.19537597405212, -11.185364654150819, -8.483252883607866
-5.576813363982046, -2.5934799236602784, -1.1412811354892751, -0.3975374510897364, 0.7940237349502101, 2.8991527718328967, 5.463124560573123, 7.5816931660845075, 8.565935372631504, 8.27290803787342, 6.9632245504015495, 5.009487321400669, 2.7881127508896064, 0.7148006200274811, -0.8052483181126627, -1.5588911645462802, -1.6741600200506472, -1.5858869558641158, -1.811044027535506, -2.6442103130725547, -3.9356339211596283, -5.108341830345409, -5.457355502363622, -4.567861028635524, -2.5782814521987314, -0.12109784404590139, 2.008718880963762, 3.234178005481247, 3.3668396220021286, 2.480479489553811, 0.6769286829552498, -1.9939585352512328, -5.427190521686003, -9.357014823434744, -13.391955395473397, -17.15158796134364, -20.399221451237224, -23.08866548274349, -25.23902935352096, -26.569495117710854, -26.097056002823155, -22.36634451919415, -14.66864215804489, -4.208080424619073, 6.271664118479583, 14.283359930679511, 18.991287116499503, 20.982872671522923, 21.183372117710555, 20.21512179452142, 18.45464365312309, 16.251034607677262, 13.953423755720355, 11.814593148325697, 9.92756245506835, 8.246316000286226, 6.653637628403637, 5.011093740700778, 3.1555274384827263, 0.8734409465836948, -2.0732920021203722, -5.834671084691267, -10.327708123211625, -15.167530459284196, -19.74168444649924, -23.394928987804896, -25.617400983127872, -26.138151755887737, -24.907373825271264, -22.031434800846167, -17.734625822136714, -12.364889978175219, -6.407628064827566, -0.4687040430646187, 4.789880798138542, 8.770423428161267, 11.103000190774463, 11.758019446857517, 10.982808362525889, 9.095234799910273, 6.329283298959901, 2.838402679531369, -1.221219387632683, -5.620540450233639, -9.990256101879458, -13.711710543391046, -15.83475039556418, -15.257385517881286, -11.321734899376022, -4.538167901613418, 3.1714287774642247, 9.10079711951768, 11.033472897899914, 8.372866678700591, 2.36978783590424, -4.609398232254128, -10.202531575982405, -12.916225001301807, -12.41144063615612, -9.40661989473578
-6.278629543010894, -3.3422338608642184, -1.8063018817285434, -0.8730285432096094, 0.47652065477515987, 2.600117219298549, 5.06266109451923, 7.0908320512520975, 8.129247576682264, 8.071706869540652, 7.1042334241523495, 5.4645847758664905, 3.3948157264635395, 1.2264009194470695, -0.6322580486874118, -1.8701762518964284, -2.461565552764535, -2.6979226063314985, -3.0165074486761227, -3.7107671924468413, -4.694730727578357, -5.498857827997285, -5.543800150459427, -4.5196220800749005, -2.600608161115624, -0.35647100672565774, 1.5558611916829586, 2.6932904473049817, 2.915436326369119, 2.2450943501364518, 0.692368354717866, -1.768129656541798, -5.086615760202646, -9.053466632986753, -13.3221333874394, -17.495200947890492, -21.21835889546985, -24.242185821288317, -26.34965497288132, -27.05460790551592, -25.311784898226417, -19.906506564898734, -10.681843049190892, 0.6049616602929574, 11.086418979636736, 18.66492695354339, 22.970124599427876, 24.695113517994542, 24.573119003955387, 23.0699894563444, 20.596404910770634, 17.64501598662247, 14.70293675326192, 12.11001110626289, 9.990280127088575, 8.277906148640445, 6.805347852954942, 5.388254988950424, 3.8481114582600333, 1.9797398749578046, -0.4607793094715734, -3.6803999151302977, -7.704832969331127, -12.266219604327963, -16.819753920529887, -20.700166147172176, -23.331740933392677, -24.37253247594925, -23.730791709351426, -21.49225244576138, -17.850820853109795, -13.098073764021645, -7.650502142787781, -2.0571410602403875, 3.053267588701412, 7.0938534834898554, 9.67236332989497, 10.676420893263115, 10.211449660513734, 8.459737588425433, 5.609780111874947, 1.8831057560013238, -2.432946499025986, -6.984172044820546, -11.319413204021481, -14.782721054715793, -16.41692011899471, -15.149916866760822, -10.449570527828609, -3.0895499951983822, 4.7072147609510155, 10.110037647587474, 11.089135289911097, 7.446033225644823, 0.777094086388799, -6.425300333713288, -11.855797423342992, -14.181250671775498, -13.28747418890395, -10.089898681050663
-6.8588592156741734, -4.024116484071571, -2.447447839851889, -1.3506483421745537, 0.1438748184291062, 2.277122051541586, 4.625018003214216, 6.538237984821806, 7.591807936803894, 7.720771839904025, 7.052580517154651, 5.715523977803742, 3.837272347907185, 1.6609661592487464, -0.43186205980795, -2.068360981157333, -3.087643215419822, -3.6326541879855605, -4.043553342145167, -4.601066267230128, -5.286707031971914, -5.7510732144812255, -5.545437849207766, -4.449949138645473, -2.6456522459582263, -0.6179162990129279, 1.1072063984237424, 2.1847414826761513, 2.48473667777329, 1.9727161624615441, 0.6016418205251779, -1.6780432194548505, -4.842471190493659, -8.752566099832634, -13.153519002671302, -17.670788577799083, -21.829210725427036, -25.134939118587347, -27.099309206367895, -27.04147019790788, -23.92174010251601, -16.858973443084302, -6.284321676609643, 5.580695491991095, 15.902236812930168, 23.01819272307781, 26.900095430614538, 28.241473931162307, 27.646237074378305, 25.564288683428458, 22.492896858515117, 18.99567688690551, 15.584143911959798, 12.617911669785327, 10.253708391584912, 8.445923671828282, 7.014659543265731, 5.745607036308465, 4.444673515764557, 2.9170943936894385, 0.9296164881445789, -1.7563883410088061, -5.259754197207985, -9.438958332095874, -13.848214513432495, -17.844561042550747, -20.797449907743918, -22.28132493961523, -22.14723676139615, -20.46521778345895, -17.424727861228693, -13.2874958713934, -8.408158205302895, -3.2629668333917103, 1.5793899923017765, 5.561646529829048, 8.267061651885378, 9.484974288528184, 9.176560924982644, 7.416692065976589, 4.391428597604993, 0.41382089017394585, -4.109026227426866, -8.722331580332785, -12.899818818596623, -15.940431502586653, -16.890407583124322, -14.742684797164177, -9.123488338084412, -1.0891972270468426, 6.830736027233096, 11.716869223609693, 11.79849766840751, 7.288965185521488, 0.03436220791301732, -7.442235893209307, -12.877334890402768, -15.007995761691719, -13.876005700915254, -10.584686459277947
-7.348207311547842, -4.612693522812392, -3.018686766841768, -1.791723229972534, -0.17619160003690554, 1.9607794851329836, 4.200306477553014, 5.999102394843438, 7.042625216954114, 7.301006732939663, 6.862009003361102, 5.78224721464745, 4.106758063955516, 1.990651157840736, -0.24347309102513065, -2.1991051958795893, -3.5976559036943634, -4.426948951180781, -4.916562076436851, -5.331083309294634, -5.728986513996413, -5.8914069409450125, -5.495094387976976, -4.3839810579708365, -2.712768563701854, -0.8697854531609649, 0.7236087010353954, 1.76655889340724, 2.0972247141732705, 1.6309221269854217, 0.3214307707681635, -1.8332279561428866, -4.795777630116069, -8.51632393736929, -12.897835941025967, -17.652609410584798, -22.189844850233225, -25.718357954015556, -27.43514039058806, -26.492307906349453, -21.945213655063704, -13.327218832993898, -1.6460312007383264, 10.535646091549772, 20.53933420100689, 27.11078499502143, 30.446372469320565, 31.23442517762674, 30.08370409887686, 27.541994257421095, 24.168598492948057, 20.465274893827814, 16.830443039057837, 13.579388618786735, 10.921695906941864, 8.896904884401522, 7.374141151606129, 6.13943494457816, 4.983405603253145, 3.712736337028957, 2.1080412158238753, -0.08079879199206397, -3.043398467199844, -6.761284806782073, -10.912040038734803, -14.913078074048233, -18.10330603253646, -19.96695601163673, -20.271972229601797, -19.058249127224077, -16.526596652005615, -12.943172495792693, -8.625849773559343, -3.9787117266626435, 0.5044835668129729, 4.3053445706731885, 6.977762642761619, 8.212293126965246, 7.856579541386565, 5.936659462437518, 2.681190142622307, -1.5132674458801976, -6.173735739096312, -10.790204497707993, -14.7476776242093, -17.2440835572525, -17.307447315616486, -14.046525928359776, -7.320740205969911, 1.4909611650208747, 9.57155489813396, 13.99151685436651, 13.304099368608519, 8.073025743689593, 0.24974423259951195, -7.671496587162418, -13.386162084240333, -15.568732188166786, -14.339602131631713, -10.995861955748412
-7.778581773325979, -5.095141302366204, -3.4946065257779995, -2.181089410877881, -0.47748371315473775, 1.6660397317394682, 3.8278269156379108, 5.53659759906122, 6.550568291180522, 6.862577022683024, 6.549595889210854, 5.652516414715343, 4.178524182347347, 2.1943672292453065, -0.0817559161052909, -2.2825153829196188, -4.031233361960724, -5.143352669801744, -5.713044251817414, -5.982261894551659, -6.098836441193657, -5.986832475165899, -5.4408403832401655, -4.337890009414088, -2.774296720310136, -1.041603170331297, 0.49505357818491136, 1.5069262551774025, 1.7586082892349515, 1.1426776340129472, -0.3004375606582448, -2.429839023813249, -5.1403089441710454, -8.486959258230133, -12.614709264288004, -17.423928950213345, -22.24363430888704, -25.93260152297882, -27.317023991868226, -25.40989313050253, -19.455703710156083, -9.460731178835433, 3.0435046511349295, 15.282136857499433, 24.798502129079733, 30.67586857570868, 33.2646329978418, 33.31566470761908, 31.58302224824456, 28.779446804564042, 25.469828146220042, 21.962191325669846, 18.410701816488316, 15.015795903452632, 12.047604344692788, 9.690811609940859, 7.9327355789144525, 6.604523022223661, 5.4916762920706335, 4.391682898974059, 3.0922016154276553, 1.3438070023420963, -1.0890243706523242, -4.295189310154179, -8.08771683533734, -11.982078694635797, -15.32472477431005, -17.518395260622135, -18.22099235151848, -17.40659237129466, -15.27848453977224, -12.134397830498267, -8.296069535909593, -4.123332819447043, -0.04522828404133412, 3.45664177062412, 5.914385286210428, 6.95577233199592, 6.3846026142667505, 4.245634558519541, 0.821895569184935, -3.4686622196517565, -8.182950979662305, -12.811561708511622, -16.61120402101422, -18.567194859968495, -17.617030045728796, -13.035386097979899, -5.0310951875916174, 4.632257312669082, 12.893878860068769, 16.912557644191942, 15.58897334490074, 9.730851164976842, 1.2799116039005907, -7.305776752514437, -13.587740026478583, -16.056011637989382, -14.833724428523023, -11.418855334619824
-8.157415161090992, -5.479547943860639, -3.886364504453105, -2.5355322591334986, -0.7708218739296386, 1.4069448591277054, 3.553645429852498, 5.213428213136175, 6.1632495163356005, 6.408630549980114, 6.064621267820997, 5.237688309157653, 3.960055118017333, 2.2114654689291, 0.04047623202359465, -2.3000212839399135, -4.375963948143257, -5.8074035094102285, -6.504831416194152, -6.658771435745333, -6.507522320897193, -6.129427202995915, -5.433359177552169, -4.3044470951424305, -2.7587585993956645, -1.0116627558882973, 0.5532347216912576, 1.4926527744337117, 1.4659626869176987, 0.39784496131700253, -1.4713471602616521, -3.741664595103761, -6.167622103864134, -8.912549282574428, -12.454758302786502, -17.02339193761717, -21.954563191753994, -25.72755566141875, -26.729163650212804, -23.84128238239505, -16.574094315870447, -5.4367375589954845, 7.593819171603394, 19.64201179880295, 28.487883500320844, 33.47440064441194, 35.08444860770086, 34.220348347382874, 31.884219927263107, 28.987330380987316, 26.063284200672346, 23.143377820583535, 20.033045483300132, 16.731166663028592, 13.536416100494812, 10.80561532247281, 8.70362349949478, 7.162695594887016, 5.991324677360635, 4.976957508640018, 3.904360134399165, 2.5282699645850553, 0.5894349049427825, -2.0838532222116473, -5.437254644299625, -9.114251704097464, -12.516402850202084, -14.995442956411296, -16.08620429693187, -15.649866457311894, -13.852070201108218, -11.02376073475015, -7.532146599441389, -3.7453640195561437, -0.06461389672736678, 3.057947621675314, 5.164424971912474, 5.8904068369999685, 5.074298538218372, 2.812435146924983, -0.5993066854326375, -4.813391589360308, -9.5073801515234, -14.217371816523706, -18.033334433924463, -19.60181819038508, -17.652080728687935, -11.644116195376185, -2.2665971050160194, 8.254672747901028, 16.667789043563857, 20.30529955648618, 18.40725783058941, 11.955212691186473, 2.843463885706217, -6.517508247144013, -13.544279244494271, -16.477433631803063, -15.3584307844575, -11.85857181743244
-8.454165407334527, -5.797201308497476, -4.246424360890685, -2.898133674819255, -1.0646837970094742, 1.2232201985101485, 3.4542021720738783, 5.105127942047772, 5.9093043708976385, 5.889996952784232, 5.276280422388127, 4.347912948367909, 3.247461233482277, 1.882332297826112, 0.05504275314027801, -2.223609139674339, -4.552229372374825, -6.352874437593515, -7.285637143205033, -7.421257523762259, -7.053109557942816, -6.407739469533685, -5.5085189279567714, -4.2406508951031885, -2.542641223840679, -0.6050510876298999, 1.0694202988435006, 1.834521082838202, 1.2367700903121335, -0.6857038467722592, -3.3671620694641398, -6.02507354206062, -8.184711360608745, -10.096885691555887, -12.651550269600065, -16.570238715005917, -21.342775497647136, -25.08957766727523, -25.692039218174035, -21.875794112805867, -13.454639815709378, -1.4405293021754055, 11.830514218920259, 23.46491742528231, 31.46166445534577, 35.361323615559606, 35.78790115466157, 33.86320918484651, 30.88550955348899, 27.97658050412169, 25.641190796152216, 23.620982439635846, 21.316052378617826, 18.431813383411093, 15.217918289467969, 12.179860183253707, 9.691123596987206, 7.841875434572013, 6.510888479180798, 5.493773442625598, 4.568386196788334, 3.490709065381417, 1.9926870235702587, -0.15279159098451292, -3.0072921301088926, -6.358099308717566, -9.710350778201422, -12.417086323464488, -13.905608249747475, -13.88631442695851, -12.424222225627437, -9.84670998902333, -6.583719038635423, -3.0658091683529634, 0.28509768954444303, 3.0389905423043064, 4.790181754004131, 5.2451911205120405, 4.3092435628891375, 2.1022059401327704, -1.1292284730011608, -5.152403073235224, -9.779419168891762, -14.610279020087457, -18.59176536438179, -19.984174464808508, -17.187816769248343, -9.80151044160757, 0.9171938168807002, 12.20428396530955, 20.656350817947327, 23.8395612707276, 21.34135344284914, 14.338491949016719, 4.694363264008532, -5.311655439123316, -13.06782905626791, -16.574069312019077, -15.695524215645948, -12.19137184562412
-8.618159993552245, -6.096525851511519, -4.651207835605188, -3.310777130505688, -1.3310430239773483, 1.210811576692557, 3.6547748397567914, 5.3103069336191675, 5.8165822607237425, 5.245975364234167, 4.034976077619187, 2.753532170099207, 1.7602080021103559, 0.9390450598037888, -0.21059716070095433, -2.0770607723777132, -4.45228125401971, -6.619449488236611, -7.933051665490025, -8.234921543631772, -7.774939957268126, -6.87599900132815, -5.670260669334474, -4.062648551000494, -1.9588283152878896, 0.38649748635520753, 2.239162842990516, 2.6858413542206594, 1.1868103887424306, -2.02155473146796, -5.948871839866297, -9.322001677248831, -11.330453645085937, -12.253089447171998, -13.431454120971175, -16.23330386432571, -20.491901376522232, -24.05709286088678, -24.2673591466453, -19.63617150715623, -10.26765596608823, 2.352284466240809, 15.609095131135488, 26.645258308732217, 33.649631570224344, 36.3220889305885, 35.44603525310429, 32.39208731173697, 28.746463558956187, 25.82615053351588, 24.133459745838127, 23.174685626049246, 21.959531178955707, 19.83707719232641, 16.904344508258127, 13.737900719494272, 10.904104140139687, 8.68910504730151, 7.099052086394761, 5.978476576448858, 5.110215072242121, 4.249105914472214, 3.124841630332548, 1.4787115519303502, -0.8405064870329935, -3.761653826258331, -6.931501221161255, -9.770015470880569, -11.648365217660718, -12.121777203881491, -11.092993905204137, -8.812908831248844, -5.7426299190432095, -2.3957908015939755, 0.7472726915215473, 3.2641446517720083, 4.8123771802719375, 5.168814876722849, 4.2634172349041615, 2.181212034744048, -0.8917780985672518, -4.770679683405447, -9.305065426640219, -14.143204737460257, -18.21041418113151, -19.505713509497035, -16.059527338331616, -7.489291670450366, 4.397056064535928, 16.255731426222752, 24.54883576780258, 27.119265015775106, 23.955800652902774, 16.522945099582984, 6.671242580670327, -3.608121737626744, -11.882982914134486, -15.985576034099868, -15.52537326147572, -12.22513237690776
-8.623889688832227, -6.4293702232347405, -5.16113548266667, -3.7686446398914533, -1.4691137055540266, 1.5390570455516248, 4.33379496964895, 5.971216154267753, 5.986440867254549, 4.55016065148877, 2.3729817222220806, 0.398849502551401, -0.6788749454711266, -0.8846493039332726, -1.0078539420900903, -1.979644758301743, -4.013579335091095, -6.413419803360002, -8.23329560470532, -8.9604987777942, -8.62781775662534, -7.528494931448977, -5.876458982955503, -3.651107521248533, -0.8249755441595082, 2.1633148308591497, 4.255545678317439, 4.261011039263274, 1.6075988589376242, -3.2258961199090797, -8.798808108542342, -13.277369276523133, -15.389098978446231, -15.330687398660228, -14.877137524275142, -16.149396031730053, -19.518023317381203, -22.71412079495164, -22.550922126549562, -17.2629768480477, -7.18128545981799, 5.789518629170132, 18.823197107961146, 29.1291335143335, 35.06031323667906, 36.45958236370957, 34.28563008133023, 30.14954576762218, 25.867835788941147, 22.898838111031033, 21.762711911499377, 21.82951830657342, 21.81566516990556, 20.719572983213, 18.394657053641208, 15.371350343840076, 12.334809208068764, 9.761640637005609, 7.830739087061023, 6.491860605214948, 5.567697598613591, 4.821371185315464, 3.9837363959973353, 2.781168544437452, 1.0021170082324034, -1.4035935430806168, -4.240417814131687, -7.056646295675502, -9.247546561446546, -10.259310033378224, -9.806304764956316, -7.979328213710877, -5.186410195146692, -1.9857162780233457, 1.0753159674801949, 3.547973234251916, 5.100337906073895, 5.502686242637771, 4.6324984958093385, 2.5194049144753645, -0.6406749059192258, -4.5693919398783445, -8.999427390280726, -13.56451205004697, -17.31903146406642, -18.294780086620737, -14.285092623870408, -4.795307327790245, 7.97424339793141, 20.139357468266454, 28.033929846030734, 29.81020011127373, 25.936711127424694, 18.2651087363639, 8.631334983610175, -1.4295215320095274, -9.888980527103032, -14.523884918049959, -14.649154050189622, -11.831606825366569
-8.502504810973102, -6.825569724632138, -5.76868231657737, -4.176038063566445, -1.2913568269477589, 2.4357530140907717, 5.709782802659025, 7.30935581872389, 6.709586590287962, 4.204883370163241, 0.7528297081162065, -2.328098974214136, -3.8886360100826187, -3.6518292053655452, -2.552339602802428, -2.129766528720614, -3.2778872872246323, -5.593906400026318, -7.946786772230778, -9.376182849103683, -9.467630726533985, -8.273433411827261, -6.026081012133867, -2.8677954150026714, 1.008447587072336, 4.8511320526893424, 7.238996172295525, 6.760874358230691, 2.87521332154003, -3.720524972288184, -11.205832224289487, -17.175348656158075, -19.766724525852823, -18.943327125066297, -16.832921848791646, -16.339207633314608, -18.516797067447467, -21.163772196085585, -20.654294400776973, -14.89488457253016, -4.344588841824711, 8.75113246967764, 21.405868641275468, 30.909290937467258, 35.762171195814204, 35.94973472670076, 32.61284606680354, 27.56465278272903, 22.759621712051324, 19.70814595919715, 18.941745379005727, 19.803522060616963, 20.87741932173384, 20.904211455478514, 19.457748920304407, 16.900170629607675, 13.911079150662728, 11.090640712988195, 8.795295438480006, 7.130441545618957, 6.01265077617623, 5.244565952939612, 4.5699358040675335, 3.71278469810533, 2.428102167475276, 0.5775743229707988, -1.787989866843984, -4.379739064978799, -6.700596019100044, -8.18004239585898, -8.383199880935203, -7.19433202358315, -4.866003659935909, -1.9093653645742645, 1.0908907754450021, 3.6178736302293086, 5.259646574348078, 5.68977926651771, 4.7037460482001485, 2.3267532886120956, -1.1550837412643586, -5.306568907365676, -9.657742332733163, -13.703203476672645, -16.632784746473035, -16.80593083311477, -12.107099581867633, -1.9209324418679201, 11.401399517657167, 23.588367891923095, 30.869701996957005, 31.721304096742553, 27.14388325786966, 19.433159481480228, 10.407246060739105, 1.0330985761414642, -7.253532859389868, -12.30212591965841, -13.126730721517193, -11.043900715118701
-8.31740709407539, -7.251110764056268, -6.353521878396436, -4.332206946699665, -0.5562577457451989, 4.125515577113594, 7.985469104167363, 9.587148444710957, 8.4197194874941, 4.864613181482292, -0.014086755930187007, -4.625735627353449, -7.277085933441379, -7.108414845690362, -4.9074909051566555, -2.744812904289579, -2.4078588250998516, -4.138351617499173, -6.870074762334258, -9.197837906329708, -10.030111769979293, -8.901126861328592, -5.950656907297493, -1.5861989761974404, 3.5917618062133436, 8.4053230861196, 11.099550178450407, 10.16155964360776, 5.1529118335483535, -3.078772180811307, -12.492190201055736, -20.194809660493636, -23.656438490312905, -22.447976883145365, -18.913259526099296, -16.671462189663654, -17.516509453952917, -19.491671351596505, -18.679876258774303, -12.649586899688892, -1.8748799389634059, 11.152839107523388, 23.32593692743906, 32.01549558466522, 35.86304005715037, 35.00115524423019, 30.741670342467845, 25.038309371835048, 19.88136679054951, 16.73392226040796, 16.105519073862943, 17.396585108108006, 19.236747251043813, 20.271800083125964, 19.840505201279644, 18.055152782242736, 15.449341042170726, 12.623891117716378, 10.055320982504611, 8.01761658321419, 6.573009966161718, 5.614514528413286, 4.929473043313695, 4.257705063773821, 3.3446653286234196, 2.001682939183522, 0.17325578384530027, -2.006229571084616, -4.196939669592653, -5.913959944584856, -6.676206241766318, -6.1983578639309425, -4.525659236101875, -2.027615427681105, 0.7368814007584433, 3.177992447488976, 4.765345584912341, 5.077605935564492, 3.901671073360393, 1.328297171503551, -2.321063400244631, -6.627633485963893, -11.00859433837361, -14.645101053803506, -16.583351046183488, -15.546696929638363, -9.899554051052679, 0.8726500008575618, 14.443363090455094, 26.39363753374206, 32.920003965337095, 32.810642487600276, 27.584856635057093, 19.98200899147266, 11.826178471084807, 3.495988305394242, -4.305956550820809, -9.6420329486891, -11.226477909358143, -10.034810052960813
-8.09756379323499, -7.5708218889794505, -6.675676007753463, -3.9738236595994074, 0.9413826701468225, 6.7138499449750535, 11.20306640873003, 12.874006353690612, 11.297607312902285, 6.880580526800823, 0.6238149936274648, -5.7939489753349065, -10.163255648683682, -10.802405821008298, -7.96897597901307, -4.010399774598662, -1.6764936747656898, -2.1885455528301065, -4.903718537266152, -8.123666045346559, -9.939243981070405, -9.081646063012375, -5.433732619864345, 0.2584929540102718, 6.807823598867742, 12.531017097152105, 15.429759361984102, 14.057508215206601, 8.1829079797183, -1.2608286015609693, -12.246394638381517, -21.62330473029049, -26.22706016010437, -25.096666963420006, -20.5975440617766, -16.890635402759997, -16.456724240725187, -17.729213917519264, -16.691915523229163, -10.607773506658681, 0.14741261734543568, 12.94283788906057, 24.579839457337396, 32.50338038923852, 35.49257856646146, 33.8216759020751, 28.93208422923843, 22.84497706175088, 17.509172646315633, 14.268130289087, 13.562849379575942, 14.884239420806038, 17.046693251556682, 18.78437474359445, 19.31981502449705, 18.511193840711243, 16.640999863136784, 14.167987857728688, 11.573003708399673, 9.249188949546589, 7.4198950126065215, 6.116623677059541, 5.21714076073719, 4.509487675259151, 3.756187469283949, 2.754044413242196, 1.390672905576804, -0.30726868153394893, -2.147202816451334, -3.786222561048791, -4.811554815494982, -4.884775342426796, -3.898243024224354, -2.0571709583010547, 0.1666051003506254, 2.1785749149454388, 3.4265429395257514, 3.546123807969286, 2.4584846724158425, 0.30016277956587656, -2.839511495658624, -6.946737843219782, -11.557850300492303, -15.389714784549959, -16.863798208312552, -14.71735311856505, -7.986487271419413, 3.3467676124531947, 16.940135357490856, 28.45147468912179, 34.16678894559788, 33.15550305711421, 27.36468539641954, 19.92688127937326, 12.738951887830126, 5.673786349662086, -1.3874249070239124, -6.888877861184066, -9.25526199731815, -9.000769435457396
-7.807572388147494, -7.576240849984835, -6.447105024861185, -2.8833640336980935, 3.2421469306732495, 10.049560185246106, 15.06422331502513, 16.761024814449826, 14.854014372121876, 9.789795894561234, 2.424941435415427, -5.712735703305889, -12.132008368651618, -14.27496723501861, -11.505317172915188, -6.041618615393676, -1.4445269140423664, -0.11013186239886986, -2.1956829426769184, -6.007820805670062, -8.855195813544992, -8.473054820187672, -4.295170982597624, 2.604070362682707, 10.34262088128482, 16.70690971415421, 19.582781597128402, 17.775583510562218, 11.395114446150995, 1.4369425956964557, -10.356292018614862, -20.96198285134311, -26.774347730764013, -26.203025978881264, -21.372916348030678, -16.70319383989088, -15.21377375762565, -15.83972057907029, -14.690994546427701, -8.796247163272863, 1.67943233709136, 14.088494633202824, 25.17016016062696, 32.42775636541202, 34.76590085713938, 32.56344943897809, 27.315441574887195, 21.04925855376119, 15.653730836132025, 12.33406839793185, 11.415638174758868, 12.450921564654097, 14.496667335617527, 16.521077184425145, 17.786292003769745, 17.977166792612735, 17.10077284415529, 15.367754286777085, 13.127728884353301, 10.784940614104219, 8.676928374103245, 6.983967352701882, 5.713513870767747, 4.74304476023298, 3.885616236796842, 2.956062746451519, 1.8288054033749883, 0.48145424119344193, -0.9822618121134481, -2.3384548145658144, -3.2893807911107684, -3.5583390851663075, -3.017637491153895, -1.7934086604542354, -0.2684874654409163, 1.0594555990241021, 1.8110483602442826, 1.8986244997181743, 1.4679399979672036, 0.5416882522444878, -1.3535778002591814, -4.902769703203511, -9.92336976971744, -14.676811275362212, -16.661153491649614, -14.099685540085915, -6.50271378563265, 5.342602953065103, 18.826491515017935, 29.776998123873692, 34.70501961465729, 32.91817084297971, 26.64033217578731, 19.318552759153384, 13.030100461265189, 7.318644432157356, 1.2234985419245699, -4.288176189112014, -7.415127319856953, -8.06098118928932
-7.4163012540727165, -7.1227201554060855, -5.493331704515301, -1.033040899252448, 6.118595963065115, 13.664410745323144, 18.90841795327556, 20.400492406285707, 18.07074555795699, 12.5431192995249, 4.577907170371452, -4.707576155555616, -12.990048720853366, -17.045554024673624, -15.108548453574176, -8.789154999344854, -2.0847852452558118, 1.4696366740887588, 0.6567444920750081, -3.1806328817172824, -6.803256789666791, -6.972210750620069, -2.540381202960022, 5.205768801363083, 13.72475610931331, 20.32766210666618, 22.907944667900416, 20.656549573757335, 14.144821852713724, 4.480645968193964, -7.078146631434824, -18.106050706556474, -24.937943629631544, -25.351641499289887, -20.91954884219606, -15.933588946610417, -13.723659749020676, -13.797506377323518, -12.642008182537396, -7.181668373435987, 2.7236082591056867, 14.563362048000855, 25.071106791493246, 31.792576177082235, 33.71657093508283, 31.24036786229018, 25.81841535884741, 19.46646413813057, 14.064073342402232, 10.708313227117138, 9.565911975594643, 10.171309986197345, 11.791278121202225, 13.694157267853171, 15.320145494052635, 16.31651202971501, 16.484531894229967, 15.766356843414988, 14.284903312609257, 12.330480002817358, 10.252443639978257, 8.329557846178703, 6.6978220740135885, 5.350144959460231, 4.1818020964115625, 3.053738339311561, 1.8555252836227463, 0.555967251864458, -0.7684227127791425, -1.9369982404621622, -2.7108553913002047, -2.8835444510489237, -2.395718051362345, -1.4189947499410998, -0.327371123986888, 0.501468141590186, 0.9685818668026591, 1.3395498411626472, 1.903300987102231, 2.373656306442051, 1.6514541779069307, -1.4505678614876083, -6.86723772203563, -12.628579409917517, -15.626477695685226, -13.380782443186726, -5.401945131710649, 6.79292688360559, 20.094144647818265, 30.45200681220902, 34.68333478512223, 32.26942089734475, 25.544856183030237, 18.200066709417285, 12.61269552958335, 8.225301943824569, 3.3058005024280552, -1.9793149587602858, -5.774176226771688, -7.25196343916608
-6.986557303699199, -6.292086707089901, -3.923856410833074, 1.3184332868967974, 9.080059296717495, 16.872790883826305, 21.927486168569512, 22.89459558456252, 19.98491890489925, 14.18819408747227, 6.306765892431168, -3.1429013262398118, -12.544809014583604, -18.484678074228803, -18.071850627703583, -11.87500806927976, -3.7979816447782033, 1.7822855689918942, 2.5773332214446905, -0.6446875650022817, -4.454770259032204, -4.956137111863748, -0.48340325375491056, 7.636647071730619, 16.419520133990705, 22.855660068860754, 24.923218854760286, 22.21925283572342, 15.839650871187974, 7.138283841826771, -3.128757240102767, -13.539148413442497, -20.9168727349534, -22.58597969695262, -19.28131011776161, -14.711401204437493, -12.198368889079408, -11.805114692484945, -10.636877767215264, -5.746578567062297, 3.315154122863154, 14.349139406233403, 24.215385994643086, 30.51240302005038, 32.22772997541775, 29.648586556364926, 24.12317986367935, 17.70108292108635, 12.334260500953986, 9.045233264455796, 7.802119136129224, 8.029266929769094, 9.115669961306493, 10.610046272538197, 12.203403308751115, 13.637806762795874, 14.639833013831753, 14.959003300215333, 14.484252455971895, 13.311609577452053, 11.690826383448696, 9.902906514685668, 8.15686044013274, 6.545960694577147, 5.057186631506444, 3.6134865783809875, 2.1310526811658517, 0.5785698681529496, -0.9731618537489427, -2.329834077860595, -3.211002158617581, -3.3672321498209477, -2.742682238291804, -1.5780355511901896, -0.3307403608718781, 0.6233775236396937, 1.3171954890238917, 2.148248480320284, 3.2998555246332226, 4.123061744301426, 3.2761371708967837, -0.19337532606058996, -5.793201702683292, -11.576018184873236, -14.743887396737865, -12.686257436968782, -4.619484390749978, 7.688602866225182, 20.72264354878258, 30.50861350108606, 34.1525574101813, 31.216379389221455, 24.041903116290193, 16.530391244236295, 11.418677082470385, 8.240527658726139, 4.667443935165063, -0.060467769592133847, -4.318507442661292, -6.567114962763961
-6.594621222581596, -5.357082919386727, -2.1305115191761557, 3.6813772855963554, 11.518360484121736, 18.971889465183736, 23.39109792751802, 23.558537832207247, 19.997834989278292, 14.180791694461085, 7.094117601505399, -1.3629751585553225, -10.68337528359936, -17.9175391795301, -19.41678230298318, -14.49061420057587, -6.363347375697965, 0.3006609590030676, 2.457323213972243, 0.30917403726688203, -2.89866820026781, -3.17798121030095, 1.3365866955282613, 9.404479790148706, 17.94055560739587, 23.854020250706792, 25.25055654151686, 22.078350514271236, 15.95062658778843, 8.599105003962793, 0.43651971550902, -8.291183098944478, -15.46446608964865, -18.36917884873997, -16.78888684660675, -13.401667753830774, -11.108737082967329, -10.362605512998828, -9.039367426217432, -4.635452096092162, 3.449327509833859, 13.444853521955928, 22.533482893526475, 28.41698124115368, 29.980270328585323, 27.309300367196776, 21.67960781407863, 15.254055759601256, 10.072052031888001, 7.048473733449136, 5.919155614482075, 5.952194340898006, 6.58195069482757, 7.564428082683242, 8.828962443588448, 10.28260754856488, 11.704353935601725, 12.782994028775297, 13.257249044792912, 13.035918144148678, 12.208996606196878, 10.968295237450501, 9.51056450218359, 7.97228315669647, 6.406122134690653, 4.791434700820708, 3.0694015063387763, 1.1971806855600073, -0.7827624178682815, -2.6758984465416686, -4.124445834141783, -4.721047046016807, -4.243812884102364, -2.8626322074093147, -1.1003017559845778, 0.5124403024707406, 1.808176483811379, 2.9040658268459967, 3.617269844865432, 3.082732071085599, 0.31606752897315754, -4.59132383410618, -10.113569966250548, -14.3741075498883, -15.774485018732344, -12.659530550400177, -4.224226273576386, 8.022494235001197, 20.631275500941005, 29.805384561170914, 32.85730342297533, 29.37968035664965, 21.773814419704227, 14.127139141929774, 9.410842988921795, 7.299615015410449, 5.143804606942493, 1.346189858604326, -3.007271412047931, -5.92312617756376
-6.063884587855263, -4.442891931607882, -0.518507168720808, 5.5211524803046625, 12.83819022221969, 19.293508420423134, 22.589155703061426, 21.773759719615033, 17.701673367849633, 12.247364286363569, 6.576384630057401, 0.13501698876581622, -7.700910298906557, -15.033889875706972, -18.2105975459052, -15.479011040208546, -8.890381421656375, -2.622369537334359, 0.13701696081625409, -0.7945566595043633, -2.7022377149998404, -2.139193745957372, 2.517119091752851, 10.137786211222288, 17.866350252727564, 22.816034162341097, 23.337836491046858, 19.72729286857736, 14.002910588526461, 8.1997136745079, 2.5606609327950176, -3.6606300494309383, -9.684384009671149, -13.31640905732693, -13.615428115274431, -11.982908086672822, -10.477237865814352, -9.634480291524559, -8.077764048791334, -3.990694983107339, 3.123757985157308, 11.896658343069852, 19.95999189727647, 25.1827129891629, 26.349641136546737, 23.441242693262936, 17.802471706532796, 11.695078383864423, 7.073724885832043, 4.610239332412258, 3.810521233426378, 3.8425288692312742, 4.181727108206635, 4.715245788634162, 5.5310931792752545, 6.68318400943215, 8.065062179450509, 9.422895246974067, 10.47097569126803, 11.016561955224262, 11.011985999976353, 10.525807084855494, 9.678265194497062, 8.582568104762242, 7.307854225283417, 5.864750863398666, 4.212342668586129, 2.2902228877728454, 0.08517056289853446, -2.2696650025033898, -4.415047171843892, -5.814569120175228, -6.000938201594578, -4.89916176681081, -2.9412434806442227, -0.8144402188901838, 0.9106500935289207, 1.8071089072307531, 1.2516442983395382, -1.6164480197728153, -7.084574310764527, -13.782024524748087, -19.009792149029792, -20.839904085636633, -19.03144115077038, -13.55650160021281, -4.203303488345129, 7.861721875828783, 19.707407722995345, 27.919196629426057, 30.042447964382752, 25.88501472214597, 18.093217860301532, 10.753959250306517, 6.655601580816068, 5.4841669833453315, 4.631583605213496, 2.0559409993550117, -1.840141524554539, -5.093760734486272
-4.980203080867482, -3.3550087110117475, 0.6309991281396128, 6.176607216711373, 12.169557478409203, 16.855876568057223, 18.568632200470336, 16.856492472236642, 12.83170374599317, 8.384223412997803, 4.590837489735585, 0.7132994481892867, -4.52146747897105, -10.412361823153097, -14.169653214677806, -13.687213975788689, -9.72005528063586, -5.20115269128247, -2.7372451469551518, -2.6763338543993065, -3.1148055346182235, -1.609226585904569, 2.9008031519278856, 9.386625114437203, 15.474270682402715, 18.82572368272714, 18.312528838665497, 14.604623053280447, 9.77869810901825, 5.737331830796486, 2.592018923319786, -0.8615019110130898, -4.896179617190021, -8.216804542666896, -9.715890151255458, -9.718926584623272, -9.26279367333708, -8.66859344166167, -7.113246734558236, -3.4842147138050614, 2.4528626866013505, 9.603887646002661, 16.055502424058226, 19.97007753453102, 20.282353695927178, 17.147148986034864, 12.02002316868929, 6.966492150659859, 3.488499166612581, 1.8721051238506132, 1.501088785375619, 1.6156728131037732, 1.8056462585891482, 2.038803715952562, 2.4567893041747637, 3.177335465138111, 4.1896035045679225, 5.348244124469503, 6.442194755837947, 7.285389623949957, 7.773262594538947, 7.886543368198008, 7.661997464260624, 7.156123256869928, 6.4149128971415585, 5.452757346499858, 4.2419849521227935, 2.719759047128969, 0.8287882709207586, -1.3928234427998745, -3.698208795610112, -5.596990067333039, -6.519449424871722, -6.150823311569528, -4.686407946762318, -2.7691837078881387, -1.206374473734456, -0.8121069345885605, -2.4460033960817857, -6.824561841966534, -13.738588012265806, -21.171970177831785, -25.888045821421052, -25.861262097969632, -21.506206931288656, -14.000818751211614, -4.020404781155959, 7.253033190825672, 17.434106737260567, 23.731022138036696, 24.3160074285949, 19.625783773306665, 12.502885695051607, 6.449622352193017, 3.4555225645619867, 3.0656355875790804, 3.1431234125860965, 1.8260770999515326, -1.0018010348323865, -3.898741908629488
-3.452729222795514, -2.269612950917453, 0.6510128857438493, 4.448274404155779, 8.101505624600023, 10.4688384480898, 10.717394185335241, 8.901071618122174, 6.0049650029942345, 3.3257432711840624, 1.5036616256646393, -0.0631049572721909, -2.4893321447516725, -5.806767027493024, -8.549167015571738, -9.181594983837737, -7.644954272362627, -5.36340252749665, -3.8519009657245458, -3.408502910852602, -3.0312821942086114, -1.4232535060313276, 1.8745962910396488, 6.062631516155976, 9.565702328231982, 10.983569320746438, 9.888533419284954, 7.05751016945618, 3.9891114122927593, 1.8750563843345902, 0.6884272091070169, -0.5525968085496981, -2.4167755215934092, -4.417496676743039, -5.824423156891923, -6.488230799700332, -6.688504428444165, -6.471760840530683, -5.381905334604312, -2.866195147995819, 1.0870408962252667, 5.670911071447904, 9.560112434124548, 11.528862113277766, 11.010986267775843, 8.396369455104637, 4.878939537243127, 1.7986549347737089, -0.08173386446524235, -0.7960591732659726, -0.8409145324698641, -0.6989998490649246, -0.5925014192306423, -0.5109194220411112, -0.34725660442034156, -0.009040806064598034, 0.5268065655972626, 1.2056812057423152, 1.922819657318692, 2.5677150214435933, 3.0592534256391573, 3.3573151310104317, 3.455457348299605, 3.3661175894986615, 3.105431725156616, 2.679696015354263, 2.0742106078477645, 1.2482494854598942, 0.1478583512111536, -1.245887349982348, -2.833145870887954, -4.330703592696971, -5.326641451606976, -5.492599687995325, -4.824449046462736, -3.709036465970869, -2.7845784018365625, -2.7698034571973866, -4.3622447906277, -8.043822326833931, -13.571770268327636, -19.37104059033966, -22.892076203839892, -22.398596328488633, -18.136843844659538, -11.352958235604032, -3.148843249778482, 5.2068575676288615, 11.920137211327619, 15.233118455463947, 14.412762087134583, 10.44174970060208, 5.585742320330159, 1.9541546885226746, 0.4192500078182907, 0.4980904146993803, 0.9094968234013694, 0.519496599184715, -0.9230680498296494, -2.699055061063184
-2.501426391888475, -2.082338833131281, -1.087750065189131, 0.12128623955824869, 1.1511611290932457, 1.6560925189356903, 1.4619096438666064, 0.6894999069897615, -0.2915827153275089, -1.0754378375283833, -1.4949726976260609, -1.7810363441773538, -2.342612420221744, -3.2776822275376163, -4.190877309727817, -4.567015886492567, -4.279746681148768, -3.686096392538129, -3.2320357117715925, -3.021799625220105, -2.773296641208207, -2.1296307760115587, -1.0115239914224603, 0.2677337625893992, 1.193119226372281, 1.377929817955141, 0.7956328782891111, -0.21717675744136208, -1.1672373860007015, -1.7115283803609755, -1.901024707280771, -2.090417773549813, -2.522693780557527, -3.105477261555368, -3.615475212401501, -3.948821470432318, -4.118309658278196, -4.092928409362003, -3.7250095009374142, -2.8689755207796166, -1.5749845505509605, -0.16120294220192266, 0.9151363688798232, 1.2863134028637537, 0.8534523816804366, -0.160984003553211, -1.3249694337817188, -2.2359683433893576, -2.7199701991246084, -2.847250009017442, -2.797993281433837, -2.719068983918145, -2.66734087459703, -2.6314761426226014, -2.5756248637026724, -2.4694386747523405, -2.3016732581489947, -2.0832048649034185, -1.8414439896508474, -1.6090521281139938, -1.413380702409071, -1.2714622326692564, -1.1904112969296556, -1.1705369325989243, -1.2091844843734467, -1.3046895709281705, -1.4603602286816457, -1.6876919181624555, -2.0053531504291997, -2.427182107066511, -2.9353572909693404, -3.4517426672794724, -3.8419972995342895, -3.9784924575543883, -3.8319505055679355, -3.516894807501249, -3.256344438749693, -3.3118456003734673, -3.929508185800116, -5.276078954170514, -7.279996587034082, -9.393470434376878, -10.65021693201779, -10.308500565570098, -8.400333469927306, -5.496038690708429, -2.2358199455360617, 0.7429857083732507, 2.80144696793469, 3.4935205618448957, 2.8130482099191636, 1.2845610489037738, -0.30144689161010363, -1.353171432027959, -1.7124868432633151, -1.5881756365057578, -1.3678774032574792, -1.385815592777658, -1.7477594578400013, -2.2723971443678037
