-7.299714501119073, -7.73794276890287, -8.01869565547797, -8.315183846121167, -8.638482311814302, -8.93247783151725, -9.167176388991855, -9.334521829202666, -9.389358026504617, -9.22668424226248, -8.77067437878544, -8.108884830990613, -7.49072874775884, -7.145037711594476, -7.121325022608014, -7.33017129219717, -7.664406506324884, -8.031166894067182, -8.33570595931533, -8.503694137456215, -8.517277330898496, -8.414793760981023, -8.257418839981915, -8.103215664650687, -8.015759644250931, -8.07575785445582, -8.32942823711403, -8.682199835804324, -8.873763829961456, -8.650922008810992, -8.01846128543022, -7.278154863369281, -6.765547771237446, -6.5736352730899, -6.581209568031223, -6.671573712076802, -6.819397022962456, -7.024752345297526, -7.2682318929674645, -7.525784050010145, -7.788726686969251, -8.06773922011817, -8.384861937204748, -8.758077598562386, -9.181901976655963, -9.608869490285022, -9.939961806703066, -10.039576510175959, -9.799557531592441, -9.24557708403518, -8.59861175608957, -8.199275847258313, -8.323651835182682, -9.02707906581478, -10.134122621772034, -11.351641817499505, -12.388066073204827, -13.014918519896424, -13.08433917172569, -12.54868929944204, -11.50746014234644, -10.230824608759784, -9.070522278210683, -8.268539788922427, -7.826627703927958, -7.5908937578275415, -7.456359715799034, -7.436508216850153, -7.564518410656557, -7.813785297057454, -8.114132119579647, -8.396939306973055, -8.622297787171105, -8.78568598480262, -8.909726095932925, -9.026563114457037, -9.158906330546417, -9.308589961438429, -9.458090278895193, -9.582878235715489, -9.664678440332288, -9.695816475575782, -9.67502933363192, -9.604148357406737, -9.491716487468523, -9.358554298329102, -9.235128129269079, -9.146273529127209, -9.089606776435419, -9.0234544619921, -8.883559920688356, -8.632805249973396, -8.304989031897618, -7.974785256164731, -7.657405680804231, -7.277109532229317, -6.802162771062139, -6.390015111040758, -6.31713537914244, -6.706585577713505
-2.731485138962419, -4.042248329643033, -5.0691630585187095, -6.193204247372859, -7.33568455733781, -8.295336214894842, -9.020578508575484, -9.559104595259862, -9.816442845796631, -9.432225841221129, -8.06206096657365, -5.885153641344885, -3.7018927797024257, -2.3554814078578588, -2.1132553348025374, -2.724127556434381, -3.8300439970479627, -5.102861168633579, -6.202969671332863, -6.8517391852401275, -6.95498107739746, -6.619059980925484, -6.055691698384396, -5.492995292324139, -5.183414988029313, -5.416210884865702, -6.336722280524184, -7.617889075109595, -8.395065913522497, -7.799812379260297, -5.767911377296608, -3.242336313939217, -1.3750721695439945, -0.5583704201857934, -0.4480071467080195, -0.6844491912476539, -1.1890856847399225, -1.9558380323524998, -2.9089299710602656, -3.951086315430308, -5.029419564144706, -6.149803414062823, -7.351223450527451, -8.658030532864956, -10.026135592372183, -11.298796463275849, -12.185486317975311, -12.296893665149849, -11.326923418063494, -9.398889641627827, -7.278716385796178, -6.079460960243615, -6.569423505453634, -8.710410546744164, -11.827470970782894, -15.091054917417361, -17.832455345584272, -19.588676652950262, -20.014066556838184, -18.844210318572962, -16.06864432454316, -12.210633223858377, -8.290374067939918, -5.259279253741617, -3.387090703053674, -2.3380644234111476, -1.79636213043966, -1.750251565155861, -2.2392851179221873, -3.131136812955791, -4.175970613804129, -5.141877761613584, -5.8930846566041915, -6.408939946473361, -6.761004303643939, -7.059728978132757, -7.390994354289123, -7.7718503503202845, -8.148750244222917, -8.436414126226627, -8.566039421925762, -8.508318378145235, -8.267963370799077, -7.875384644938996, -7.391883946675622, -6.913364030076703, -6.546747987041491, -6.354578232249023, -6.294029526609041, -6.197672885139519, -5.846509867484989, -5.1377488041622925, -4.217473010858512, -3.3643418782021284, -2.648387256583227, -1.8197741327852501, -0.7335543316119826, 0.19189713702030234, 0.19088688741308726, -1.0364059139075898
2.6601468081831023, 0.4488983478419414, -1.7026845252557827, -4.006365217910622, -6.105383981951656, -7.653386311792222, -8.705383324448322, -9.54379692847673, -10.149179213043558, -9.868279428493995, -7.85953484827929, -4.11754388916703, 0.07704664744916681, 3.040081037189492, 3.9816308825604394, 3.166534382354663, 1.2040675964871113, -1.2798931239688836, -3.601434620203077, -5.149129491785879, -5.630690947412952, -5.154816260727736, -4.099146898303844, -2.9393887813736086, -2.211565112443444, -2.4877185222254834, -4.05854354490052, -6.39659818320261, -8.020506621343948, -7.303170612795809, -3.866610896893955, 0.8305475577320766, 4.672388677358286, 6.6980635994351925, 7.308209296637056, 7.0593649002866785, 6.091104842397857, 4.450127700692928, 2.3286926041526717, -0.024714554249076388, -2.4321610373429303, -4.82240064829379, -7.192403575404316, -9.530908895979929, -11.737531710016734, -13.5631886757313, -14.581404457678696, -14.228398719887704, -12.083833587502953, -8.46662516705954, -4.79276642828835, -2.9437601524167865, -3.9575365269771137, -7.421918426116565, -12.100792726786443, -16.81684626257277, -20.806067920574577, -23.628231850404916, -24.910110797405075, -24.13206239218439, -20.79615339190416, -15.089142313822233, -8.330557305911888, -2.3497326013463886, 1.795502863231208, 4.226834664057371, 5.402500735742706, 5.471234234186108, 4.497721555484095, 2.7762750522002273, 0.7627944604565595, -1.1214828866867546, -2.6088080946732974, -3.6248611220852833, -4.269107720381393, -4.7377494321207285, -5.210389614513846, -5.752848724923799, -6.292448205907991, -6.67899268680511, -6.781263439508475, -6.549032054059528, -6.018820034635059, -5.295724219449411, -4.538161698342138, -3.931405320437766, -3.626336859012321, -3.6528289119787942, -3.8510784443168973, -3.8784140519298353, -3.351276304899961, -2.1228718416107575, -0.49618496846762883, 0.9746211615302564, 2.0754797208154945, 3.191613637022163, 4.684817032135425, 6.107234628426417, 6.388549489757084, 4.96936037846794
7.519912685471229, 4.62537077507078, 1.3575930241682594, -2.0356174924843793, -4.833748753558299, -6.602631208166758, -7.619302192661296, -8.533469071649627, -9.527689666059766, -9.734759524735747, -7.738154407595629, -3.0389468270136546, 2.967927198172493, 7.845075205622127, 10.028215306501064, 9.502414801333622, 6.979242615357263, 3.3358852649344533, -0.38774701552524715, -3.1689943405986347, -4.382975546976061, -4.0069451041840045, -2.516987319924172, -0.6538066880082087, 0.7072828174069622, 0.6757281367663472, -1.2163970503185064, -4.361001491583462, -6.875618539301243, -6.484205631862858, -2.2869054618507527, 4.162886094854297, 10.022515658793006, 13.594895317628303, 15.013959152158426, 14.866105948892876, 13.363408445092473, 10.66320012480625, 7.140916411937711, 3.256556564402857, -0.633028604537116, -4.336063656602849, -7.777415088916641, -10.89495874426807, -13.531686411027128, -15.365762467850256, -15.89969874641047, -14.545297874669314, -10.992069715144563, -5.927235668143125, -1.3614954509652064, 0.40496996753148856, -1.477904014375594, -6.013807130852699, -11.551628808397766, -16.83837098557953, -21.20975749144517, -24.3988309491448, -26.233557777448958, -26.224258692382577, -23.467378685197716, -17.418327285438, -8.976995177152556, -0.3914918679706553, 6.311499972593495, 10.542707289818642, 12.634163339863305, 12.897943068048626, 11.57389131221967, 9.109456002032283, 6.126778679776032, 3.226320169557245, 0.841364738773162, -0.8362550583414157, -1.866510728104781, -2.4912846493506393, -2.988789874726788, -3.515954062499645, -4.035629269720337, -4.376922310729299, -4.373834311579445, -3.9744147890156643, -3.265161957749456, -2.4362020373699833, -1.7268412973539522, -1.3571603854109138, -1.4428006664275004, -1.9143292604463509, -2.4774900845639216, -2.653682375275939, -1.9571614632722263, -0.2259308720549763, 2.108487188413152, 4.238621437862906, 5.723775117950624, 6.938086305600051, 8.471612390829195, 10.133472652246182, 10.876543356317281, 9.86661885388532
11.178946483724786, 8.071675407207124, 4.0592518692387545, -0.09676024999647027, -3.3119857049840484, -5.074571246255996, -5.867909936362828, -6.6928476552620335, -7.985768241606408, -8.820580522993158, -7.340894743945566, -2.43006818429412, 4.821195617957439, 11.587064794417223, 15.485768197923365, 15.911830150075385, 13.424228376834138, 9.015062484658397, 4.012703385622577, -0.14315942180942567, -2.402989759070603, -2.4723002994815046, -0.8114211586132182, 1.6190573201810883, 3.61784639536072, 4.018492964450683, 2.207550705090928, -1.2526305478178503, -4.414153338950575, -4.6722296167017365, -0.5673920254202146, 6.709944437934554, 14.077454802157773, 19.145696412113452, 21.47260556723843, 21.458066765846954, 19.394655255178165, 15.631238468812656, 10.773554464176756, 5.501559201988512, 0.3396285555588446, -4.417641445262743, -8.64092299642337, -12.233621405421575, -14.993040511003459, -16.527664356880937, -16.291781948513204, -13.783340195741413, -9.004267398780922, -3.1174666712683083, 1.4939338201405885, 2.6020654746872807, -0.1206537491628133, -5.22485273308201, -11.020807325206523, -16.39998940787525, -20.746215823375938, -23.812885072999528, -25.61469186007327, -25.96526936758881, -23.998953022995458, -18.615428354563335, -9.865861745796936, 0.32935889169556487, 9.345998631529335, 15.652860481861364, 19.088323748320292, 19.972025363709964, 18.683070228190093, 15.774544777694999, 11.987124474478822, 8.086182592325068, 4.692555929641854, 2.172024069011746, 0.5859018084469242, -0.27658573467553016, -0.758219612564022, -1.132240618477026, -1.4654717416959402, -1.64366129000837, -1.5226770517448813, -1.0718271057284856, -0.416088787132012, 0.2127812529532362, 0.5629823403666514, 0.4536479431578493, -0.1466629951702275, -1.0710280023606444, -1.9475381138369894, -2.2525567586180424, -1.478988768540513, 0.5404777212136357, 3.340424089544639, 5.9924451400639365, 7.848511065488238, 9.124268464009079, 10.50242557630423, 12.145800280385314, 13.309948503180959, 13.039420976029419
13.29832664663208, 10.568189283064342, 6.341690968926898, 1.7821151362232348, -1.6941536873966756, -3.445213534120859, -4.0308830509204805, -4.672589966818233, -6.057570634507029, -7.390336181307948, -6.638838145172002, -2.138123229142025, 5.624553216754353, 13.912605479952994, 19.731103590631182, 21.69213878163825, 19.926169244468557, 15.35999685251617, 9.48863679205418, 4.087171797410485, 0.6252958863723143, -0.24838671617849187, 1.14414273926516, 3.735702948975362, 6.1093826451976385, 6.952435585588226, 5.590924041753433, 2.4395997758705668, -0.8440700654524788, -1.7669304166549642, 1.5284980301248823, 8.528807041464704, 16.460098900782267, 22.52173512220298, 25.56886482134062, 25.629088063821797, 23.04766469720036, 18.407632958054545, 12.546681720314641, 6.314277757122216, 0.3344022792517294, -5.053346434140186, -9.70610452061981, -13.522536218223596, -16.280195383865884, -17.538346050293494, -16.714744932035003, -13.411085402072084, -7.954769974078063, -1.8813250904410848, 2.3655347625610976, 2.9586630241675786, 0.04966851707096088, -4.877656368916865, -10.457578622324602, -15.783474833145583, -20.14049586048535, -23.087586080480676, -24.63011909907678, -24.886361448511728, -23.381232373820346, -18.951290516625818, -10.896847671048718, -0.2820161718497277, 10.358080992884029, 18.74870646276612, 23.957801844939826, 26.00796876013781, 25.272943003472935, 22.35840294394917, 18.09760289174023, 13.401558425844895, 9.06330305235743, 5.63041248743903, 3.3374408953476387, 2.0887090418532313, 1.548480966494108, 1.3447935866519756, 1.2634314210966813, 1.2879133985510767, 1.4797332549538103, 1.8313283227170614, 2.21141059374313, 2.4117301146054233, 2.236899223544108, 1.5867839761671794, 0.5094718246606801, -0.7786303356885881, -1.9010547002862919, -2.367962556213458, -1.7135835019342796, 0.22909811446533934, 3.055025464986463, 5.884379016221747, 7.982335138532968, 9.356016957880483, 10.601553068056242, 12.130136507408348, 13.61869352538233, 14.228070138929326
13.839398057526697, 11.944656369743212, 7.994927674135274, 3.3671040629258906, -0.2606245697956334, -2.062537608715812, -2.51452182634787, -2.8872370685734716, -4.086437370385601, -5.628550443136688, -5.606575666955611, -1.997215464885561, 5.4509274220474095, 14.528681419883126, 22.015866011691568, 25.762247606288273, 25.267215429159236, 21.205597014223404, 15.080288426392725, 8.84016686726554, 4.261043937690881, 2.3406490091884424, 2.9995197315939426, 5.228626572817841, 7.573398859876998, 8.730577836426738, 8.055347268016606, 5.782072131667879, 3.0475815070532, 1.8081250712358563, 3.966496635502115, 9.735717442838421, 17.086914152280833, 23.26108480002612, 26.562455066955177, 26.58314718441548, 23.646789048357405, 18.515931986708754, 12.180647104497748, 5.559857267631982, -0.7074241244186557, -6.2882693056851435, -11.052157204187813, -14.909921889666, -17.646143774548296, -18.814961034437324, -17.82767091956345, -14.339841086624505, -8.83238720434745, -2.9454241926911284, 1.068360025598942, 1.7933311994316021, -0.49476107464494234, -4.685898753766137, -9.828693590405473, -15.078950614600013, -19.53073053456395, -22.512936407428874, -23.891695007774643, -23.90748784501033, -22.51985480291744, -18.912101050125745, -12.06350113369539, -2.1070179457489946, 9.120063769409985, 19.14193178122197, 26.273771610583943, 29.951783718640517, 30.317899205985416, 27.941920554588513, 23.71539289463678, 18.657762725986878, 13.684076864095756, 9.482404147383692, 6.463261169992004, 4.704654675217746, 3.962566587124168, 3.8275716631378907, 3.945414100620714, 4.132372247227565, 4.325504814639433, 4.467115711040206, 4.446305169796698, 4.124823929723709, 3.3993294066584383, 2.2530332191762437, 0.7828423633717342, -0.7909238866650561, -2.1282079353209515, -2.804511707572398, -2.4219807325097564, -0.8256583466021714, 1.6745774433024685, 4.346004595706607, 6.48429951294374, 7.9274304450702875, 9.089503202164867, 10.480178444649166, 12.173286632293635, 13.620495243166106
13.134065642988125, 12.22704646290252, 8.871532809943362, 4.4606167911613746, 0.8117139986525791, -1.0685319927096424, -1.453455839477619, -1.4951867596925064, -2.2378145612537086, -3.6211653607886816, -4.146861252790733, -1.7180922415492705, 4.610190516944067, 13.463085358115833, 21.86817218361002, 27.174092900027954, 28.20237972572838, 25.213017275582214, 19.53280630295916, 13.076909070115988, 7.739104648420013, 4.776682208116191, 4.402835861701754, 5.823695203586406, 7.725528580487551, 8.939112716697563, 8.918660602598571, 7.7862669692424085, 6.1676047364125655, 5.241853860754007, 6.503421197208953, 10.612760129073349, 16.453840738180688, 21.782602994004808, 24.745593291465248, 24.606593252108198, 21.573146512401266, 16.426343094526537, 10.155509930941706, 3.64199248940793, -2.5104593701014295, -7.986489957172703, -12.662551877433334, -16.454669972820696, -19.16089234569773, -20.366377154160435, -19.519446153316448, -16.290118578578898, -11.119969491998832, -5.4891286383938445, -1.3406478895243965, 0.11236397142000322, -1.1293761021516076, -4.496159940329042, -9.266790926197997, -14.453633664465121, -18.976604354703507, -22.066066649990017, -23.46234445310495, -23.342841765245762, -21.918240270549624, -18.85905142787242, -13.286507096813583, -4.71811809297222, 5.956199876418294, 16.67401922620254, 25.37214012613818, 30.837922689146428, 32.76295175002494, 31.522223697917532, 27.969976801457307, 23.1603279453414, 18.061247467989528, 13.43846374032692, 9.844180523773653, 7.548588805275811, 6.466831631874268, 6.233512936319997, 6.409893566680423, 6.659514066378114, 6.784703775253615, 6.669178828629063, 6.228115871807873, 5.4046047857611725, 4.187404239817333, 2.624094843145176, 0.8317933634741693, -0.9847295147057529, -2.5199220010031556, -3.396554085477133, -3.2712550041459743, -2.0126210501552357, 0.1320940046889138, 2.55721584125684, 4.61292820025001, 6.019496010917638, 7.0208908130017935, 8.160680617020185, 9.844657057628734, 11.876450522651409
11.745220216530443, 11.666984989151699, 9.001257809653497, 5.001330150206086, 1.4689127638553503, -0.48019554148515237, -0.8737290286890848, -0.6088944230166756, -0.7278762819291539, -1.5787483532471043, -2.2717608862870664, -0.983203841755813, 3.6822590369027295, 11.28135974595911, 19.52089496302425, 25.693923679637965, 28.10479848241121, 26.51355426351613, 21.891001754580444, 15.911854965275205, 10.387449900484192, 6.691361757027123, 5.294717589713811, 5.694431676392771, 6.834053327952251, 7.755150935891116, 8.058878571209076, 7.880993457188535, 7.556882213556206, 7.558696301600069, 8.648740518463638, 11.435902888297926, 15.51733402806859, 19.431102482289244, 21.60472044011941, 21.200360113548612, 18.254397475998225, 13.393642582167285, 7.469057374712574, 1.2701543471058883, -4.63097015419893, -9.914937030244465, -14.444964401926855, -18.123514266627968, -20.745884638748944, -21.931437238890332, -21.197342780261625, -18.240962651979917, -13.390672196910165, -7.8538676034011194, -3.293713790689584, -0.9658502596270906, -1.3326473840860493, -4.219278702580592, -8.841235310294632, -13.968997478153774, -18.473198017431564, -21.660958702647697, -23.228001014416986, -23.18697602840844, -21.7608583386175, -19.002051295286957, -14.45262470829748, -7.492578941770268, 1.7684758856935636, 12.056123222310388, 21.477681251720615, 28.430508102634462, 32.09659142848665, 32.48365730877275, 30.244846505813356, 26.344283768083418, 21.7159665701823, 17.137788110283886, 13.25435703419409, 10.511965968053014, 9.017561816072611, 8.521781089540166, 8.580826013250299, 8.761141451282693, 8.752333019530699, 8.37791818027228, 7.567059718968785, 6.326487159019528, 4.713265002577936, 2.813223523946455, 0.7467727391191213, -1.2921057290069824, -3.0016981066671238, -4.004322031772039, -3.971285684306547, -2.7997451405777776, -0.7451711313420335, 1.6081851440093957, 3.6001067381373675, 4.858841507598542, 5.532182250752752, 6.221908553991677, 7.61177971616448, 9.828406607200503
10.17181067207959, 10.596780989309803, 8.545673805315642, 5.045698881726806, 1.7399393211044727, -0.2552490752988402, -0.7504767591361781, -0.31089207339656094, 0.1873374112734504, 0.13363238622404688, -0.23186299235503477, 0.33906983284875547, 3.301936392249621, 8.98339581876641, 16.010385665736067, 22.09632406195999, 25.367621062862987, 25.13736305033774, 21.903751966226483, 16.943301535185643, 11.827453317006167, 7.8990704315576314, 5.78222116686582, 5.2328046838069335, 5.475765803902576, 5.791191118234252, 5.948716104090608, 6.194937871250511, 6.844684074154934, 7.99045931678902, 9.680589738284038, 12.051699292840057, 14.942840022120985, 17.573453408891787, 18.885093490845307, 18.157057219480706, 15.286088071117607, 10.68361150187464, 5.030394404034452, -0.9584396999563266, -6.710903183465274, -11.880623669764462, -16.301579760551476, -19.84410472223391, -22.274427152867254, -23.22294347244369, -22.284546287085767, -19.235733494069, -14.358735577098866, -8.671436538924699, -3.704448543521319, -0.8823500214687412, -0.9967661939741342, -3.9121302251923247, -8.57223766034074, -13.591386996958347, -17.973233426046335, -21.22627029471936, -23.06567721998117, -23.317223498241745, -22.043179304908545, -19.4544975199415, -15.537405275999365, -9.920329068032066, -2.3526852063445953, 6.66333471813604, 15.816156597420157, 23.554480463986586, 28.73034204257058, 30.926323327574725, 30.437780919439877, 27.98529877778991, 24.36223705821356, 20.29147977695173, 16.45826616673634, 13.447294913520887, 11.553589897280617, 10.686055357623166, 10.46987404696146, 10.447811379992725, 10.242019959436856, 9.625333345314331, 8.523050609667543, 6.973059197282812, 5.065288999187374, 2.8972627898441945, 0.5860927128051845, -1.6668088572151376, -3.5243676725618593, -4.558463546484517, -4.414100269389111, -3.019583260714909, -0.7129907530507211, 1.8211169939071084, 3.827676551324576, 4.864246768544482, 5.074306289380712, 5.165675024812368, 6.038508465128009, 8.056157305237065
8.66273465004501, 9.28134516116846, 7.704588539051491, 4.713590764874003, 1.699884371795701, -0.3161607149324987, -0.9968807355780974, -0.5741673887886974, 0.36299636373027555, 1.1540739819191712, 1.5289178717140959, 2.0308076722234163, 3.786546423816398, 7.522958440553138, 12.740106994740424, 17.882058431487348, 21.28133527552051, 22.00209904912296, 20.085579909314895, 16.35222787468769, 12.046095435234042, 8.359877185756988, 5.9401386971670895, 4.703530514408753, 4.111487902688496, 3.671715016019004, 3.3150122160547557, 3.4133677275286405, 4.410495946860105, 6.377264846288915, 8.976339020815997, 11.794368023830156, 14.469445876118984, 16.515077979838626, 17.300905208428183, 16.315203637661206, 13.410514392303005, 8.855028721788686, 3.2265635370941195, -2.7833046800461188, -8.577492188804104, -13.769810463934066, -18.14925935364229, -21.532558194564004, -23.631561320501813, -24.06323635891524, -22.501588039343293, -18.87109972356078, -13.559726064336932, -7.5979830032770455, -2.5389871739794776, 0.0986048314063352, -0.4454297500810265, -3.7384525914762747, -8.44926160233019, -13.248273792565419, -17.425210160055734, -20.72379806142776, -22.892366732031224, -23.59330895244547, -22.660518193431344, -20.254125201211682, -16.64046322912014, -11.843956076830615, -5.670564977466553, 1.8383834750503627, 10.032664049475468, 17.770206489507355, 23.893375943862313, 27.679431982694503, 29.01837910496898, 28.27190904945029, 25.98913217586555, 22.769426595009236, 19.286004086649264, 16.21219796643422, 13.999193081228622, 12.721897898402037, 12.123996225154599, 11.79259740957246, 11.336468354349567, 10.497668190423983, 9.183264089454648, 7.427062344723834, 5.313825328416881, 2.92899374389141, 0.38693611090971997, -2.0807520993645126, -4.068181933301976, -5.064242650888788, -4.666428185867289, -2.8422450622060618, -0.06666584843785575, 2.794598614647112, 4.84906348463028, 5.6235781338444335, 5.3360213409762745, 4.820851195041905, 5.111577262465237, 6.7006680735102755
7.260955486295999, 7.883362983496443, 6.657377903041147, 4.137852862413669, 1.4344008755486448, -0.5777556677002444, -1.483028851622293, -1.2452085168953524, -0.13890015691841545, 1.3069347507791598, 2.563932683403019, 3.565340243265367, 4.886330842997301, 7.236350544561671, 10.690525420658814, 14.449800543912861, 17.31425166055499, 18.366004607658287, 17.352967580499737, 14.707607878154082, 11.330851838979784, 8.176588707863072, 5.79259676609358, 4.153209366632797, 2.899033904844151, 1.7444729452990422, 0.7572968075863387, 0.3766825197304997, 1.1510566018945665, 3.308161974944614, 6.509597840847936, 10.050066285286382, 13.224515724031079, 15.45787339470316, 16.260246306042244, 15.260064797694428, 12.336215908965377, 7.720942182884333, 1.9702028340174937, -4.2115087924920385, -10.189402915459082, -15.519837411553581, -19.916356800968153, -23.111775076722076, -24.74635442206737, -24.41997329103615, -21.903275732785612, -17.343457424618872, -11.392020003377695, -5.272347979635049, -0.598065536344498, 1.2531205104997207, -0.09296240321179759, -3.783052761490534, -8.38758916681554, -12.842925563877012, -16.781627378566505, -20.13503159245495, -22.659689880924816, -23.89488624337466, -23.4649712693801, -21.359007204853498, -17.903876142433443, -13.441437603675856, -8.063710412264838, -1.7313682900600502, 5.3596393850770925, 12.580131824505532, 19.03239637377057, 23.914930338951294, 26.80559307943418, 27.691303083067066, 26.818724900981174, 24.60790319648268, 21.668157625165584, 18.705246694524494, 16.277569215224318, 14.606922377873909, 13.576943957992151, 12.868769798883774, 12.127458646387932, 11.088768961678227, 9.632933201936897, 7.758027266919928, 5.508769529227974, 2.9396480927265847, 0.167864376987694, -2.522024779440939, -4.632029356076196, -5.557166497209087, -4.8512207601664965, -2.53713573943883, 0.7468894557197719, 3.932086987118657, 5.9996419055683745, 6.495568409530063, 5.758178450703546, 4.736221337547491, 4.513986578385518, 5.620864110323323
5.959084072191694, 6.512032034252329, 5.549658451708863, 3.434070439175427, 1.015422652956686, -0.9709866462397838, -2.0778456220799892, -2.100588008551971, -1.0690523479023406, 0.6973248530809354, 2.658154014507851, 4.388035347842323, 5.924020354142742, 7.670240355464026, 9.89053313958595, 12.327107378490322, 14.30102266195216, 15.131632819283691, 14.508421741822728, 12.630049256720552, 10.092597538163634, 7.556454883918114, 5.383094840198377, 3.537026935063187, 1.8080122716844325, 0.10881692210911671, -1.3810535542815696, -2.2408962674705846, -1.9494234866494706, -0.15775161602331808, 3.0081308940881732, 6.905900416322812, 10.661732578231458, 13.478121922142472, 14.750402028902698, 14.086434443060957, 11.366222072023168, 6.820107561135207, 1.0072560600641973, -5.348342749689273, -11.561672744288561, -17.097542625391117, -21.54766919651026, -24.526625543888503, -25.5997228661182, -24.375122047750697, -20.762147425053172, -15.196096790585525, -8.685064130750423, -2.6984177094206383, 1.193825836228777, 2.003292841789968, -0.09987697641032206, -3.948849603975642, -8.239888338371196, -12.282262505257616, -16.0075344896505, -19.448988595174512, -22.338360695599306, -24.132593148842666, -24.30840750537143, -22.659965412618646, -19.407373794715326, -15.01936833177955, -9.88151211741789, -4.133357052028844, 2.1704143827095015, 8.780293499624175, 15.15296770322857, 20.609700604757702, 24.58946105581473, 26.79087070729195, 27.17162083311199, 25.94873744869274, 23.624842297605795, 20.88220909257886, 18.331488802090178, 16.307806048734335, 14.835390857184537, 13.719470347451914, 12.679798108800782, 11.468377769642245, 9.933456607705287, 8.010948711638706, 5.6766180911427595, 2.941113842536633, -0.0663561697474587, -2.9868920002602817, -5.214674702732126, -6.053833395222003, -5.034702277515388, -2.257740102778203, 1.4694191091241813, 4.8935861585718206, 6.9089923845749315, 7.1210546479342, 6.003798261400854, 4.59757308645339, 3.981822108319011, 4.66297623492909
4.7916056435473875, 5.2641074678357835, 4.494159379411443, 2.6888908471029556, 0.4966170332773479, -1.4440219164608223, -2.673475762641141, -2.9194734286213095, -2.0922557218269646, -0.3338629413577546, 1.9527407215730426, 4.258773824695667, 6.2726436560380305, 8.01694609852811, 9.646931944726607, 11.145985116878519, 12.241003995533022, 12.58108682114606, 11.98560591110865, 10.574758012488152, 8.703327795303109, 6.7287941160452585, 4.794724698767149, 2.8379332901133525, 0.7968760300979255, -1.2180865648987127, -2.940557777443898, -4.043657884959089, -4.1725253540313645, -2.9987559790616887, -0.4294275723338882, 3.1837034418565984, 7.087308252666275, 10.3854955928428, 12.286320059525499, 12.239940476297148, 10.025967768041422, 5.81324793632836, 0.1261370472574032, -6.307842603164738, -12.738843171276265, -18.499367151082797, -23.01183527922923, -25.744881578710242, -26.200883400415766, -24.04409950759586, -19.37786457703657, -12.961050614216418, -6.153567655916234, -0.5904558302757544, 2.3638603762137294, 2.237873557947381, -0.3165027385103558, -4.029646040102679, -7.872531711925813, -11.514568390793563, -15.089139794086408, -18.655906364700797, -21.905163561498636, -24.24586113082302, -25.071444795358847, -24.01790501819025, -21.12499277260482, -16.80721779176765, -11.608696995094997, -5.918812967740512, 0.10037153860188083, 6.33983250765826, 12.533135095363308, 18.213144584937087, 22.840403224741603, 25.96316289351358, 27.32458650684983, 26.95451353894574, 25.224791538234452, 22.747586676203433, 20.13487050178101, 17.798304000192914, 15.892361013494618, 14.361901427517731, 13.027961643984037, 11.675893624790925, 10.117461242065621, 8.204750916623734, 5.822436237668045, 2.930443837395368, -0.31854174564612847, -3.4717398289988917, -5.80329832792476, -6.53315105337035, -5.193117659594663, -1.9866351249503444, 2.106915506188225, 5.677804879263216, 7.5735835949290955, 7.486659829045319, 6.0324093687767135, 4.331803918048613, 3.4345396564976727, 3.7879467450424795
3.8200352674277998, 4.218674895079397, 3.5659648775076627, 1.9595181957301144, -0.07757041955413992, -1.9469701361029343, -3.1840149416798753, -3.5317404175567426, -2.9079873805691014, -1.369330216363314, 0.8571257774789762, 3.375152346568172, 5.762982040287699, 7.754128192423949, 9.266591974587332, 10.283584800695058, 10.757090600741247, 10.633318525127983, 9.93748247151941, 8.806611009358166, 7.419757348458679, 5.870528059674745, 4.113907429720977, 2.0827627043007344, -0.12643016311813587, -2.2191836390318618, -3.8762350600974744, -4.915762260792383, -5.232459743632617, -4.641636201397334, -2.929518699681535, -0.11477804932555394, 3.368384064626675, 6.741217921883512, 9.11901321682113, 9.758991927431804, 8.245197294526962, 4.589009698369367, -0.7878885123549687, -7.183775786239879, -13.777865097705167, -19.741303514651616, -24.293679423536116, -26.74282563641998, -26.550887509310105, -23.493829186602213, -17.91980220052985, -10.908042108691541, -4.086759514681322, 0.8879077993839863, 2.9780281004010893, 2.2069210415074547, -0.469119038451472, -3.8546845695575773, -7.230290078021076, -10.541043335958191, -14.028605818820816, -17.740689250052945, -21.3326873349076, -24.191553161057183, -25.671579817167963, -25.30335282278943, -22.95012439207423, -18.8683835819861, -13.595756004841096, -7.694040960608451, -1.5352639458993491, 4.700647259397431, 10.856947187497399, 16.646572868576367, 21.63782789914726, 25.35550897805484, 27.42769225936846, 27.74230544603493, 26.53858219363754, 24.32864009325747, 21.686531613642124, 19.068007176957, 16.743733721426334, 14.804804487275765, 13.190711894185752, 11.73144572642138, 10.197345469187566, 8.33943580440425, 5.936073056740613, 2.895109965048778, -0.594773475355414, -3.970010329548409, -6.374451291611362, -6.948992090695061, -5.249700339757299, -1.6109784686224193, 2.805196664097364, 6.4492807740847065, 8.153382681075538, 7.723244076685016, 5.931057449687504, 3.9849972276918746, 2.898418137606499, 3.03173965864839
3.0823902830111543, 3.414297304612932, 2.7989494628672147, 1.280594372296998, -0.661046617708328, -2.419675883597251, -3.5373939044208393, -3.8361277171119705, -3.3346829619002594, -2.092958765700746, -0.1889706709952423, 2.183531871995386, 4.6773879126492215, 6.89313741268097, 8.521276775653849, 9.414577119950682, 9.586837368263964, 9.180212704176354, 8.405366612418872, 7.447368634419796, 6.368187850230943, 5.0714456063128965, 3.3940773892217373, 1.3073132068657218, -0.9357279612514486, -2.8951891646455707, -4.247287449524317, -4.984083992968678, -5.263913938587924, -5.088744202215659, -4.214223753922807, -2.3975352391605553, 0.2841503053913051, 3.3122993627021047, 5.855024532572098, 7.038335507651488, 6.225383880261862, 3.205720003040086, -1.7600391798258799, -8.029630996263158, -14.721068159293665, -20.836603001955247, -25.37882559758995, -27.492242766128765, -26.62501097422816, -22.71506822763863, -16.390835530761482, -9.02030796870607, -2.386736121947309, 1.9659090111347297, 3.3669238798971066, 2.225546922580329, -0.36768676544786755, -3.37495231896652, -6.341987068761767, -9.396129078237482, -12.830695745832825, -16.68006035222443, -20.586165203446836, -23.932057731486243, -26.053855029793727, -26.416767090172222, -24.747527752495483, -21.122927274095353, -15.959210074945197, -9.85466917776115, -3.3570738679465277, 3.1765669365992784, 9.536143247928552, 15.508741448898451, 20.77043587051387, 24.897771410639056, 27.490979618221093, 28.351669434866107, 27.6027461624997, 25.645308451333143, 22.9914702109879, 20.11657385378805, 17.393489257313103, 15.060636077051656, 13.185923459717607, 11.650322611483103, 10.177782060646997, 8.406074940349818, 5.999384761409634, 2.81735448935941, -0.9028529472872383, -4.473978808316406, -6.9025390844436485, -7.254552832501979, -5.129999362185837, -1.0237483736760846, 3.6988564753896194, 7.352542431703414, 8.780667168351377, 7.9357882580513195, 5.773640664519997, 3.6046772052995286, 2.405904741196728, 2.4263022230705085
2.570386194841887, 2.8432168430332223, 2.1939193496044123, 0.6755704826556513, -1.2007839949986057, -2.7924933233230465, -3.674298391087812, -3.796873251243393, -3.329951867407967, -2.384134347763327, -0.9238089740175098, 1.0745531618717603, 3.4326785339430663, 5.749025175238393, 7.558609772037798, 8.546103382199782, 8.676590863750368, 8.17670373587948, 7.377199024817216, 6.50637619779161, 5.561294027992175, 4.342806070197, 2.6516913291166873, 0.5351175151427453, -1.6180249064889625, -3.283308791935494, -4.190512298023881, -4.518934946823566, -4.6549486259301975, -4.7528407643745565, -4.566406212120946, -3.681482114505701, -1.8918731319735773, 0.5593668827987109, 2.9851509653979695, 4.47553443045283, 4.218656343756096, 1.7801196599559732, -2.7645796423821305, -8.860036203169537, -15.585439450316057, -21.78590025122804, -26.24937758196883, -27.963382317756068, -26.386872850800724, -21.65837630481422, -14.705698087863547, -7.143944757329228, -0.8107387075719487, 2.9477198206799113, 3.810279444457302, 2.457870574333325, 0.013170036625670994, -2.650702913035971, -5.279311566828381, -8.118448522440996, -11.494983026685395, -15.448106473308004, -19.62969870682517, -23.43087301500041, -26.176436997720753, -27.28686876332403, -26.393108852265843, -23.419424357617423, -18.619299412937412, -12.513567674809117, -5.719657987593211, 1.2365316469867336, 7.997770032647201, 14.308071426552845, 19.88965782056686, 24.383324650909778, 27.412867735163687, 28.741452826006398, 28.401550803817152, 26.688200141872947, 24.041874812131034, 20.941323745699847, 17.848988160770165, 15.147641751968736, 13.037257349755148, 11.451723745509788, 10.064477177361866, 8.394208209007953, 5.991462274906051, 2.676781730199518, -1.2526382686964492, -4.978529030716361, -7.368759279685995, -7.420778999728102, -4.796657329946357, -0.17999185111649194, 4.837590643656556, 8.43673937925389, 9.500816435381978, 8.165799600881058, 5.595282781456087, 3.2129202492261424, 1.9626084561246928, 1.9664728827852038
2.238664732724723, 2.466005277686537, 1.7353478812365286, 0.16700273920466988, -1.6386120263826514, -2.996249641642053, -3.5519767285702972, -3.425510822514551, -2.9519859092062113, -2.293808872605989, -1.3140600814477303, 0.21279414490911294, 2.298090652912428, 4.607733317238904, 6.592883720391741, 7.7830735806317515, 8.036908779457097, 7.576016089434212, 6.781487062974527, 5.910117536539523, 4.941027822242609, 3.6546230105415725, 1.8865293010678779, -0.21871279789770726, -2.172594565363508, -3.43565599491328, -3.8493906790798103, -3.785345762719727, -3.8023755700273387, -4.132958732659789, -4.501667386021482, -4.376063012085315, -3.366683167219184, -1.5122619186519954, 0.6518247751489552, 2.247076587176865, 2.3619886524999325, 0.3856248462582099, -3.779004247048123, -9.677365618304334, -16.376107634087123, -22.58589759331838, -26.89307741640701, -28.14027917661007, -25.81913229217337, -20.295372876835426, -12.802598079574334, -5.163668068261738, 0.8016453590847578, 3.987877066193867, 4.3894103579911015, 2.8829614199603055, 0.582576001591335, -1.7821932000356067, -4.109336543211935, -6.733936854490133, -10.018906155383618, -14.026993424980471, -18.43668951481165, -22.655747082069226, -26.001411198604217, -27.858181015985792, -27.787355995564177, -25.598813058545243, -21.39465172074987, -15.562683562883398, -8.684533792121117, -1.3753172139446568, 5.85488469707417, 12.631176425707842, 18.641284193835013, 23.55378922547757, 27.024810335424082, 28.807103330680317, 28.868517201285155, 27.412373908322973, 24.808124485714007, 21.52846877656082, 18.114275866953058, 15.086072970081444, 12.773154436813954, 11.159743703138345, 9.86619076287732, 8.294070919579074, 5.890367971634017, 2.450943549550241, -1.6572157411248296, -5.484455772948095, -7.766433742894145, -7.44302533406435, -4.255996920275482, 0.8995377466739773, 6.190742807071621, 9.673538697743558, 10.302426122876334, 8.424396584897886, 5.418461634268627, 2.822308279868397, 1.5561470273875946, 1.6166699705831542
2.023658033636647, 2.231228832400844, 1.4058026571660673, -0.21974664045081402, -1.9187144657744806, -2.9743096279428047, -3.147040074569781, -2.7559544693791027, -2.2936313102038004, -1.945612178530156, -1.461525362210186, -0.43004945771320985, 1.333668996213286, 3.580705576570451, 5.723370183207003, 7.16416286075112, 7.633390573768678, 7.287326971597942, 6.501360230472394, 5.548508561487354, 4.430484374973209, 2.9743881528869003, 1.1023378125469956, -0.9374309408281131, -2.597877228373584, -3.388901330931208, -3.312537162845937, -2.9329099724219674, -2.9292612524776733, -3.539181449318543, -4.410951418127092, -4.905938553908605, -4.5206582966747035, -3.1741645530227247, -1.2947678218290224, 0.2904726425363114, 0.6329322104961387, -0.9919407670075707, -4.819944468487731, -10.498854611919464, -17.10606171730001, -23.243489796276343, -27.314571170579253, -28.033600603155286, -24.944769484320062, -18.657725396059117, -10.708066008393091, -3.0903252193528163, 2.444508683469308, 5.054451647028245, 5.024389519179507, 3.3860080056152326, 1.2287887200191574, -0.8474421926297879, -2.8713928969294713, -5.257125455717368, -8.406991335753915, -12.415998317990438, -16.997685617640002, -21.58460736189713, -25.49392174630586, -28.080949549076056, -28.850480955925644, -27.525531831807697, -24.08655144050976, -18.783621105741876, -12.099749045820833, -4.6476108059930645, 2.966970212415804, 10.237997528388783, 16.760395815116944, 22.174628561961864, 26.144052339552395, 28.414771326701523, 28.907209386864306, 27.748845658849856, 25.243749796700133, 21.853569167442018, 18.187688031037357, 14.894211012985886, 12.422217048546454, 10.798900082985062, 9.591089633710386, 8.094139250744853, 5.671703262594909, 2.114279275428852, -2.134294824900938, -6.000360188838318, -8.102351347436846, -7.3389740111316675, -3.548025588964629, 2.1506397415895315, 7.682799165395842, 11.000153566559442, 11.156243453395154, 8.717388646269516, 5.264141295063337, 2.44125819578831, 1.164213560020064, 1.325062433634546
1.8576919940855834, 2.0882597864347296, 1.1913174458843248, -0.4607771872525777, -1.9985654094765168, -2.693523240641026, -2.457396528554365, -1.8254487276560287, -1.4282829169700857, -1.4379300412587883, -1.4703845064271956, -0.9391032618698926, 0.4906074765878096, 2.649143014863565, 4.932397940953761, 6.641921847352699, 7.375939712946947, 7.18799274383652, 6.407592251013466, 5.31553120690574, 3.967423928885773, 2.2859791921633645, 0.3135062067014875, -1.6005279220242206, -2.8880008808200066, -3.1589462630690286, -2.6090121738061876, -1.9893550803400983, -2.0598860272817303, -3.0150969043448304, -4.39597130837052, -5.456094052227562, -5.607093669939664, -4.697715337990249, -3.091904169546232, -1.5720179199842712, -1.0897476260185377, -2.4333920995637905, -5.943440168965019, -11.365761436364252, -17.80663443781174, -23.783496883191415, -27.538778520370823, -27.679712313258488, -23.82297064013139, -16.830901125416244, -8.526625775950176, -1.0371025773695342, 3.999489465937936, 6.022882899438181, 5.592052744183127, 3.8638602923736602, 1.883824977956126, 0.11943679108141571, -1.5812182044753618, -3.7021051809087595, -6.678527033710826, -10.635065935323627, -15.323444110805246, -20.210943594562284, -24.627687468381705, -27.910291190075238, -29.514947280963536, -29.09161848680601, -26.523494860560177, -21.94159880991196, -15.712788618832905, -8.384391798609089, -0.5830753379766945, 7.092816256540979, 14.130989769063087, 20.099733881759086, 24.630625306825994, 27.447026259754708, 28.42582475597017, 27.62924305534372, 25.301615333059303, 21.89077078850254, 18.065445785279497, 14.587335024973564, 12.008698475711812, 10.387819625665484, 9.240555242788071, 7.776442016463941, 5.305711358993901, 1.6364276729455955, -2.707335538487136, -6.543182084879669, -8.39553190372106, -7.143108122186409, -2.7333779646443035, 3.487813678619764, 9.221067667182854, 12.343014896299264, 12.024853246115693, 9.039126849167577, 5.1376829693409425, 2.0628289014296857, 0.75305616481149, 1.0321603580737257
1.6767630456608982, 1.991411496508887, 1.0784954801885986, -0.5427798080950589, -1.8601760417151565, -2.1530820133524173, -1.5058113063737415, -0.6701132843513817, -0.39096142450440297, -0.7991755269869062, -1.36738766316005, -1.345837828051895, -0.2688889143324711, 1.767603087504603, 4.159332756768554, 6.130293180890564, 7.151066823917524, 7.149804526789124, 6.381090482188058, 5.125080639947129, 3.510760895668863, 1.5880794806143321, -0.4602188805223094, -2.189647753245419, -3.041358254259885, -2.7602435195544146, -1.7500822921330175, -0.9339583718373956, -1.122146113044231, -2.4453702828788186, -4.3377516539112975, -5.957601919837845, -6.643356277073147, -6.18274947299862, -4.884272091346467, -3.4863946780752384, -2.9271619232267008, -4.030156622718841, -7.218621650835571, -12.333704372777007, -18.52462951564665, -24.245865298512733, -27.603459310837046, -27.124981163428792, -22.52206133837841, -14.91241780433638, -6.380062364467044, 0.8643791871474463, 5.341252844914461, 6.787841332194697, 6.017833045238594, 4.276754688202972, 2.535496568002423, 1.1173223962742052, -0.24609602253809096, -2.091497610910195, -4.869442563134281, -8.723554693470174, -13.444918973178137, -18.54785689998011, -23.392979313032146, -27.313288799112843, -29.725126563458513, -30.211718709930835, -28.571558326935275, -24.83568980540535, -19.262673092495376, -12.308911852570048, -4.564410195751102, 3.3379086689036694, 10.803016648093799, 17.31276619169158, 22.43545110424542, 25.847411670876244, 27.373916105807396, 27.013827179747864, 24.954005006024744, 21.626144033373027, 17.749042433794276, 14.179596076667133, 11.549794953420031, 9.933917864207725, 8.803699037553324, 7.312642650600876, 4.755265613863923, 0.9815032205922364, -3.405547166308051, -7.137295634605097, -8.674456281368018, -6.9007262853084566, -1.8832927448364896, 4.8168965473076275, 10.705799415243057, 13.618335242038935, 12.85066706773966, 9.352796275109418, 5.010418172922252, 1.6541421395760165, 0.2763156508520036, 0.67663935538023
1.425130642016579, 1.8991247678128087, 1.0481683444661891, -0.47197956907816124, -1.5177713879231218, -1.3892324511473364, -0.34393197699741895, 0.66702600741299, 0.8077105346774655, -0.0014301349727431885, -1.1011759036754412, -1.6007247810142278, -0.9179511932643706, 0.9299508992603528, 3.3617816865362387, 5.551396943072454, 6.853096516546093, 7.057031447694436, 6.319968738895235, 4.909043985521979, 3.0328818249464238, 0.8849492066948142, -1.2016443007356121, -2.695705834794408, -3.071264777312443, -2.2278301748842035, -0.7734534942275647, 0.22394904785662803, -0.06901724597250258, -1.7169999926425978, -4.073761714383198, -6.237659001433505, -7.49242113054232, -7.557546419371606, -6.664624330367722, -5.486424440021928, -4.928438611074531, -5.8329255835925595, -8.695542596942799, -13.453319310386888, -19.309379173854182, -24.67384751574995, -27.543967528495852, -26.40292577141728, -21.085329012129932, -12.963394988683598, -4.343640878405748, 2.539511333957003, 6.413131981258903, 7.321878388928718, 6.304492814278715, 4.647827887495021, 3.2104638457759895, 2.159769986534386, 1.1245713266486959, -0.45821277145688266, -3.0291231667412646, -6.7365695085652915, -11.411879837369046, -16.63031906488576, -21.80309515916425, -26.278109427183182, -29.44365799488539, -30.82153959220319, -30.13037264834473, -27.311944009472274, -22.529417572348567, -16.14698753421044, -8.688907040395945, -0.7738263857536255, 6.962464015384659, 13.929585847120194, 19.621108826377935, 23.646897263706613, 25.767129991629936, 25.91173699221727, 24.20819904460404, 21.069056927004702, 17.252384377029998, 13.686726337523279, 11.054639152388244, 9.430648534423899, 8.255163695500125, 6.663703297180142, 3.977262659383123, 0.11033860842174749, -4.261365384905941, -7.811437354777648, -8.972576877103661, -6.661357829173472, -1.0714598339667747, 6.042248632770105, 12.032281970198312, 14.72627153640194, 13.5441982686334, 9.578912428327408, 4.81359331418465, 1.157079045032321, -0.319441683656279, 0.2023489039470295
1.0591026571442674, 1.7725334633657814, 1.0705683099314187, -0.27847573307239537, -1.0185364467433367, -0.4730847430711332, 0.9473052862210214, 2.1245549483939943, 2.1523817651892667, 0.9938784738716865, -0.5932485796119744, -1.6126882482410134, -1.3808765132106737, 0.17716201193609937, 2.5372550517122443, 4.859745692644311, 6.403468028171472, 6.8174143335514055, 6.141791794897832, 4.612923045402072, 2.5125364559296357, 0.18016287758545985, -1.900154866831319, -3.1214863094169836, -3.009068335905472, -1.623787562184369, 0.24211032824554754, 1.4141558015514024, 1.0633411191826445, -0.8152419388540191, -3.533554315572991, -6.179078450889196, -8.013409610333403, -8.687521230513921, -8.327678150276792, -7.5034450979093466, -7.0571761594866125, -7.831089436418848, -10.385156962449088, -14.752457546443665, -20.19651489543062, -25.09808385569959, -27.37622205040398, -25.51453692265316, -19.507220908079884, -10.979980676994453, -2.414492046849283, 3.999900556046208, 7.246129463102726, 7.678766557036573, 6.520864612222605, 5.044364290575549, 3.9566723903445964, 3.2644616586081536, 2.5168602829366526, 1.1577690979854767, -1.2151867091513848, -4.740360459831936, -9.290099710614381, -14.51460382708364, -19.89667581623631, -24.819689100789937, -28.658626558840144, -30.8812775351806, -31.12933021614212, -29.25940766727973, -25.34756380120621, -19.67225138759389, -12.683776166278522, -4.957587482948158, 2.8685081086318327, 10.160679600202739, 16.34608128979723, 20.961217800340087, 23.690209319672746, 24.38572070583987, 23.111548431298505, 20.256865721555727, 16.605124553896182, 13.127481650964341, 10.52466385734241, 8.858630750215562, 7.55856071753211, 5.785802208948423, 2.929897177116446, -1.0122671361477062, -5.303896159056042, -8.592478747875731, -9.321381941938858, -6.470287739527435, -0.3643994869800218, 7.0755769042612835, 13.096606578353237, 15.55359795555424, 13.986671303042874, 9.600915567839039, 4.447220435411684, 0.49871869090255955, -1.0845856786261248, -0.4337020955444324
0.5505116703675557, 1.5760515769564623, 1.1050723615253206, -0.013769698537791307, -0.4352789647598286, 0.49949657260082414, 2.263850626043975, 3.616118806965055, 3.5969838315564773, 2.1897286986502653, 0.20238179269632667, -1.3091956216480751, -1.5800851338774973, -0.42908362464951744, 1.7159449986117086, 4.047178170083865, 5.759916763536414, 6.369703814950564, 5.786762227526021, 4.195185952447584, 1.9327553407553573, -0.5246571793730346, -2.5510572713190474, -3.478445941559314, -2.8973724664330356, -1.0256586341078708, 1.1931918335921916, 2.5239906914702046, 2.1693197790037058, 0.17444344508268714, -2.7697544204165236, -5.788813183855116, -8.161583344323738, -9.484822912528287, -9.763913772844486, -9.430080310429434, -9.225385025988215, -9.964933123352196, -12.258120432244834, -16.22737212393782, -21.19509051515889, -25.522343543925068, -27.083751922802865, -24.419060200354174, -17.72935625353861, -8.895209596063776, -0.519809287496853, 5.3288217500695705, 7.939943336505823, 7.973459091866664, 6.783527818433938, 5.5629352173224165, 4.833282478800328, 4.44859447572697, 3.9125333161630125, 2.7128117324375265, 0.5115259881775988, -2.8068643891928757, -7.156250519517906, -12.274163326217579, -17.735237325514287, -22.97987318605879, -27.386713212014172, -30.379552418896452, -31.527489516981454, -30.60411648882427, -27.60190196829827, -22.718558054669835, -16.330734304578883, -8.958058595393865, -1.2143485621309513, 6.251986326175341, 12.820989856695627, 17.96150224301511, 21.278085821496944, 22.540359773837015, 21.744674325670704, 19.251309085749252, 15.850846592994927, 12.52349160126906, 9.956396813308976, 8.192815174917033, 6.678101262800309, 4.644783810196964, 1.5874791612852444, -2.4042543501103446, -6.547763138408901, -9.495849858179156, -9.741072047920238, -6.358101647100254, 0.19068966624764155, 7.849276760585973, 13.809747401707632, 15.98956865147656, 14.04904294848733, 9.2859676993486, 3.7987866814294304, -0.3946831790188592, -2.0568969871856377, -1.2549755334239125
-0.11067052044688301, 1.2804334045362746, 1.1049875522111268, 0.25796061705527573, 0.14725052273852365, 1.424114146897729, 3.4915264126605456, 5.033665558551688, 5.054142814872306, 3.528683710227938, 1.262998208546334, -0.6780815598220088, -1.475727973914452, -0.8365021300994508, 0.9435252017148771, 3.1370601080331575, 4.917544418841174, 5.6867972141847805, 5.219924063200768, 3.6279637583727338, 1.2810317137225582, -1.228875123304403, -3.152613009273186, -3.7801818953539623, -2.7778231761411027, -0.5063546909401919, 1.9812261447598953, 3.4376663219675825, 3.1219654023443453, 1.1189319685729144, -1.9113499444070268, -5.172478334721006, -7.996715852618649, -9.950279026621164, -10.92030600305617, -11.18007947745899, -11.339075631176726, -12.153363466326496, -14.257188574151813, -17.8439195879777, -22.281623165326288, -25.915037829217496, -26.612374464100736, -23.037318570145036, -15.655734867916763, -6.605864702456022, 1.4487437712161146, 6.64690097375958, 8.636047814746675, 8.363768801871801, 7.242852280876251, 6.316430595635224, 5.899190914617432, 5.7209741642009515, 5.285703827094478, 4.160562479670868, 2.091337245607903, -1.006991150239946, -5.090242496958032, -9.992280824828292, -15.396928078835776, -20.82289667790346, -25.671225864890832, -29.334066551428315, -31.31437328937833, -31.30584611889583, -29.219550266799793, -25.174764065306075, -19.475403020654866, -12.580301476814011, -5.064751561428077, 2.429923055303141, 9.257542449137341, 14.832503305104888, 18.684309019120327, 20.499502883874634, 20.205982940625105, 18.12823016166572, 15.04133724853475, 11.899234992228124, 9.348903459542456, 7.4177098849366185, 5.5994391883615355, 3.2388032421158015, -0.038634147473069876, -4.048861626250092, -7.979211108221608, -10.514282101181099, -10.230545506698974, -6.330250889080533, 0.5782772977016257, 8.331770812374982, 14.117046804413034, 15.950815433797377, 13.621595706550035, 8.51468648884015, 2.7668624867806426, -1.5835405946750536, -3.2551118326813486, -2.2623390720039187
-0.9150054476183083, 0.8670943596263556, 1.02558293626139, 0.47206011421364547, 0.6485870609583995, 2.2064293359174276, 4.5239386715879775, 6.261871980989326, 6.404955665380565, 4.897783091560465, 2.496295630969603, 0.22466999958726247, -1.07953064096155, -1.0185089132570733, 0.2667776156451452, 2.1743838553322665, 3.9033045463836187, 4.773033770297228, 4.429773318844887, 2.896324345097821, 0.5492744181850095, -1.931831032852503, -3.7031331379823573, -4.036261279237352, -2.6801136404982686, -0.11695247254007364, 2.5372349508881538, 4.070340189414844, 3.8186406729703286, 1.895723449879776, -1.0961714376986709, -4.467667417101648, -7.6318230085859025, -10.14912021460756, -11.804115373781778, -12.710609289928607, -13.326081307906923, -14.317915202406438, -16.313293653841043, -19.54508772886823, -23.40093903428395, -26.208017297547794, -25.873641967960854, -21.26604261642702, -13.180647241181013, -4.010738527430401, 3.5959899298941926, 8.083219971284393, 9.500989244043623, 9.036750470955916, 8.063570228141769, 7.409337861378074, 7.189877428906461, 7.065951676509094, 6.595133711179906, 5.451319640412919, 3.470304866111079, 0.5973006083629774, -3.1657992578080423, -7.752729933970991, -12.968164160219677, -18.42826731872153, -23.576591916534056, -27.788418842168927, -30.50887061816767, -31.356423733892175, -30.16408420970445, -26.974833525075862, -22.019888221379393, -15.6938298332843, -8.524578135840205, -1.1316585472268583, 5.83006782687703, 11.735799473641686, 16.049946313649443, 18.38181695595165, 18.59301409054772, 16.96406139046905, 14.22941289594725, 11.283794396070862, 8.71593397346633, 6.5481819294105295, 4.354463088265364, 1.621952877739188, -1.8806384449452047, -5.879767312732306, -9.5446846876616, -11.608741838477384, -10.759852810550306, -6.359914855674208, 0.8229329078777385, 8.539452302594734, 14.016013679277048, 15.406215826128976, 12.64425928442453, 7.212214990183238, 1.2866506322588764, -3.099577558808026, -4.673392112248178, -3.4332975160943904
-1.8335194612745873, 0.33186675726431225, 0.8324962325134626, 0.5754613720259663, 1.0070852554977223, 2.778737592406467, 5.281541390118411, 7.200645901934001, 7.525456955929732, 6.157470647873973, 3.7674026312753033, 1.2944892604627498, -0.44614771180890295, -0.9758957087213447, -0.2746504776206305, 1.215389732510208, 2.7667355717210995, 3.657689568022337, 3.424894338944649, 1.9975038012291182, -0.265444292999763, -2.6314770469699544, -4.1990654238284195, -4.249087067786253, -2.6168545184812584, 0.12110729611476376, 2.8334664252761272, 4.385831213654669, 4.207653066607273, 2.4305976419487587, -0.42205713324443195, -3.787057264108144, -7.175685995331932, -10.163315090296324, -12.45341680521136, -14.01266331211303, -15.141332541968676, -16.395071772414212, -18.35805594662595, -21.25979231350681, -24.47135108732963, -26.302189127777897, -24.75680301733262, -19.000467279845708, -10.221084043592722, -1.044711249875687, 5.999570270381371, 9.765609718170191, 10.717482358954303, 10.184230251481459, 9.383751867468307, 8.893651110452007, 8.683676649615228, 8.424539137177833, 7.777586938980348, 6.533187912239187, 4.605876988899534, 1.9612523231169219, -1.4409140340898328, -5.630126456861845, -10.534765189758492, -15.882929233556991, -21.181460064843264, -25.806507294867842, -29.155636617429824, -30.777553100207566, -30.431904537973793, -28.089614325084145, -23.910490852515093, -18.221599898713023, -11.495746433046836, -4.319022306387838, 2.6592682869298123, 8.789430650085517, 13.483029486096619, 16.281828563036196, 16.985554805936058, 15.822283621795242, 13.461622343869484, 10.712425677887207, 8.095952293434658, 5.643812845812287, 3.0343685474477575, -0.08754762697593634, -3.810801253925488, -7.77976494268414, -11.149476235579051, -12.70660322172895, -11.268577212696421, -6.387023112849541, 0.9905264605697753, 8.540397311165112, 13.565081286849644, 14.39178650451767, 11.127093257799363, 5.372541463909515, -0.6459976170857126, -4.928248308246381, -6.273610310065915, -4.721263903587914
-2.8193056963627003, -0.31337816679299785, 0.5079687964213172, 0.535621795695159, 1.1894418623373901, 3.1104896109294375, 5.726393972321626, 7.787875602202395, 8.318563585144211, 7.17968865122262, 4.936548852384233, 2.4081462074884494, 0.34428228283353096, -0.7322421657159783, -0.6531552327501385, 0.3182010674418899, 1.570924115002254, 2.389576835033324, 2.233333647678295, 0.9439422405334187, -1.1566653154397426, -3.321224341039016, -4.633846388406007, -4.414533722627753, -2.5854170827234415, 0.21366945138386495, 2.8818539669376677, 4.3979291304488735, 4.294255561300192, 2.7092842390805942, 0.07119535419399613, -3.1932593308290724, -6.701430591184576, -10.058147679136823, -12.908591208703873, -15.093241748390133, -16.76090956733091, -18.338737710640277, -20.32957000608149, -22.908778506804982, -25.391372131051735, -26.078804685595127, -23.148194225395933, -16.161346642259044, -6.744136558282709, 2.3056572837777884, 8.711168342072986, 11.822595518800044, 12.461135626135386, 11.94828545244891, 11.249466252309913, 10.717684569903424, 10.274953625957872, 9.687451352661201, 8.751294863156813, 7.358773659058789, 5.473776601014976, 3.0642190971996968, 0.0496873199519905, -3.6818271589527343, -8.174019238771251, -13.274013190453768, -18.57196802870418, -23.46612554001054, -27.319636458505215, -29.617072402415005, -30.049251275870176, -28.521459876979357, -25.127086689767097, -20.124754274777573, -13.9245754457964, -7.06736006787199, -0.18343696872179688, 6.065818924990248, 11.051616748027502, 14.259509757614344, 15.433301450070909, 14.741667767137477, 12.769515615831512, 10.220816787997142, 7.545843205349165, 4.797003243946047, 1.7693917813785869, -1.7339213013680213, -5.6685697863642375, -9.602893176423919, -12.672733663267456, -13.710853165874632, -11.67216264844831, -6.324268858979795, 1.1816436244296107, 8.448081194654035, 12.879063075696756, 13.009477245752741, 9.154973061753964, 3.070899691359034, -2.9568941128679813, -6.992577083334703, -7.976950053070247, -6.054995283219607
-3.8124616197864447, -1.0421545019305176, 0.053584130840506575, 0.3447596445438084, 1.1935402984936652, 3.2101183946211407, 5.867336027489664, 8.013217621304593, 8.738434230482099, 7.879805177594237, 5.892080020930041, 3.4507296191241856, 1.2021647781393547, -0.32969396216843466, -0.8576791797513882, -0.4651957155074312, 0.3861204109409376, 1.035695015658944, 0.9069167925306082, -0.22885927414638857, -2.100689658990301, -3.9850989743930856, -4.9973655843608205, -4.5255606761101586, -2.5749505154152503, 0.18434892282450432, 2.7231755197488097, 4.159464682584895, 4.130275392227285, 2.7678700982241153, 0.39399647914228786, -2.702654599680177, -6.24420050873548, -9.873763131454972, -13.200746134624056, -15.964884644595655, -18.175282079730383, -20.116971030785447, -22.171355593302177, -24.40621434984327, -26.04692960845259, -25.415471699545893, -20.955365090455956, -12.719641335398768, -2.778913740447736, 6.010982356279091, 11.77067089214441, 14.368225413658639, 14.840617497047264, 14.34182273628553, 13.555029374382855, 12.704804261375617, 11.78402461718534, 10.718382171429075, 9.438152413836539, 7.89988979429907, 6.075470272385983, 3.9134123891096824, 1.298057903706872, -1.9430772201175976, -5.948871633312229, -10.68301886636402, -15.836080493814526, -20.85291053026902, -25.07975437857908, -27.943429165689178, -29.06839440649057, -28.300626263425556, -25.676206295594234, -21.389776218690734, -15.78384007815926, -9.341599981711907, -2.6598172010793766, 3.6019976789182806, 8.787380406061613, 12.338033270715846, 13.949621267561051, 13.727519915765711, 12.157240018078815, 9.824433009071155, 7.106298562048538, 4.081937980627319, 0.6652260812126618, -3.1906133868835056, -7.320221724187022, -11.220427907620303, -13.998830240279304, -14.520017864138511, -11.875178808580406, -6.06813893239659, 1.519651194792587, 8.406799758400307, 12.112392204873196, 11.412734339076138, 6.881487088655674, 0.4669618536803608, -5.485725040537477, -9.146647832203053, -9.662658889636264, -7.342616268422558
-4.75031884059116, -1.81781676148944, -0.510435445551656, 0.019248153585565853, 1.0446772240157152, 3.1179132329786605, 5.753352600962914, 7.917361343849379, 8.798710379231457, 8.23289079673814, 6.570816108562124, 4.334719628966729, 2.0411397430308376, 0.17469108718332116, -0.8978799294554212, -1.0966200459756852, -0.716428118939994, -0.3201487439471116, -0.4749754579813593, -1.45563206900883, -3.050252526414928, -4.594472955129574, -5.276935475009639, -4.577369391578261, -2.5751881729054587, 0.0625801014767006, 2.412282015413179, 3.7447788258922405, 3.7937587700894477, 2.670191508607122, 0.584064002537613, -2.305552803478808, -5.815775337642577, -9.633023437610774, -13.353629780713486, -16.643659666997234, -19.385106152013247, -21.706670748009223, -23.82776729302657, -25.659717172946234, -26.320633480392985, -24.20576349023461, -18.130549125115138, -8.709971786151074, 1.591999734301792, 10.019987181199056, 15.20253771283707, 17.447866925190787, 17.81758848214081, 17.19637012435353, 16.049305950623154, 14.60793787787944, 13.029594422930689, 11.418378066062743, 9.807508571056909, 8.170003595855208, 6.445216440328275, 4.543427391484901, 2.3214614584326654, -0.4264074102750215, -3.9049752635213073, -8.181861525065205, -13.059460494119039, -18.05552212895896, -22.522595044975006, -25.83893128282557, -27.562358776644587, -27.48220166195574, -25.587909614822305, -22.021555248051126, -17.060065260768564, -11.119460971814162, -4.747431840271525, 1.4140084820337737, 6.6956029814498566, 10.509902161242064, 12.514365313958587, 12.749007804885371, 11.587361750204554, 9.485489092088233, 6.746200270683538, 3.4797792232217817, -0.281204961303284, -4.4422648115509205, -8.729522419197952, -12.57558210054465, -15.055636201164928, -15.052791248684713, -11.78701890225129, -5.51105476122265, 2.1367802557074063, 8.572549773451065, 11.437933586905311, 9.79278050478816, 4.5264580604565765, -2.1949741981865887, -7.992758995113797, -11.189725379673716, -11.184648160490795, -8.486492658272393
-5.582410571795367, -2.599735346581604, -1.148373863325423, -0.40505736325406694, 0.786569655375916, 2.8922970652913027, 5.457507382538288, 7.577723725546198, 8.563567137110578, 8.271887797009407, 6.963307387568108, 5.01028590780129, 2.788992768267102, 0.7151202496699844, -0.8058442997769096, -1.5604109962436046, -1.6763766109372702, -1.588469586770209, -1.8136849654956024, -2.6467832539414378, -3.9383039489443927, -5.111471482659259, -5.461237904044914, -4.572480812891533, -2.5832312782083617, -0.12569410221554078, 2.0051451355722527, 3.2320281034194567, 3.3662557007009135, 2.481486098090166, 0.6794307884324584, -1.9902623846542717, -5.422757679140204, -9.352337284356528, -13.387556185044216, -17.14807952950423, -20.397226599665665, -23.08856456442089, -25.240909900931527, -26.573820606771893, -26.10528042489616, -22.379755928149926, -14.686473993160433, -4.2276758332507365, 6.252869583260871, 14.26649062011376, 18.97637075756564, 20.969825648764512, 21.17231247484203, 20.20622900907795, 18.44815659145361, 16.2471245622637, 13.951885392901746, 11.81475355045239, 9.928523507747489, 8.247314836174196, 6.654309631319001, 5.011543440440325, 3.156211391300511, 0.8749294224915619, -2.070578466249668, -5.8306673787737715, -10.322807416594404, -15.162556058618414, -19.7377141099372, -23.393030507800514, -25.618422811880382, -26.142654101855367, -24.915627147001373, -22.04337656499127, -17.7497889534834, -12.382401258646771, -6.426313714152339, -0.4872430966051009, 4.7727819228641275, 8.755749552460541, 11.091085146122994, 11.748469140034608, 10.974806066849432, 9.087915486877156, 6.321981480611315, 2.8308227113113, -1.2289519690782849, -5.628034391902555, -9.997195087563446, -13.718299343918376, -15.842003463236232, -15.266727457879403, -11.33378887824232, -4.5515919369481725, 3.1598646433794797, 9.094658164203597, 11.03468872755856, 8.380626372385192, 2.3809588517446025, -4.598643261530174, -10.194982397208848, -12.913059026844095, -12.412693270782526, -9.411078855968535
-6.284807766460402, -3.3488102584498787, -1.8135795872891793, -0.8805491402878821, 0.4693470182895985, 2.5937567736431597, 5.057545526773575, 7.087216548172542, 8.127091901986947, 8.07086029113572, 7.104560785234784, 5.465795264105303, 3.396348372024392, 1.2276212542512321, -0.631791523921715, -1.8706208321502447, -2.462838690983673, -2.6997818395835878, -3.0186655770793673, -3.713061122208233, -4.697242004376161, -5.50183556574261, -5.5474287365731065, -4.523829404115794, -2.605022608903214, -0.36053125780628137, 1.5526960813855646, 2.691389012972403, 2.915012872907534, 2.246258062270851, 0.6950519855955978, -1.7642261447057217, -5.081911505751097, -9.048366855135992, -13.317081032924921, -17.490823466819784, -21.215436554318515, -24.241358820954126, -26.351299580033427, -27.0593961722836, -25.321030204326295, -19.920821121827228, -10.69965646042912, 0.5864546148006369, 11.06913149018414, 18.649458732209226, 22.956771299459064, 24.68422579335875, 24.56470046180521, 23.063763324555957, 20.592247345580365, 17.642919684982832, 14.702669734927326, 12.111003986826335, 9.99178789547523, 8.279265419813814, 6.806206964763464, 5.3886923160117135, 3.848585814476366, 1.9808857071670007, -0.4584234145801716, -3.6766218030758084, -7.69987672109592, -12.26079468274449, -16.814898356476224, -20.696978957328874, -23.331118502174846, -24.375063905340852, -23.73679326592989, -21.5017800729913, -17.86359284622783, -13.113402571937996, -7.6673368092689245, -2.0742137221093726, 3.0372134527411827, 7.079738915602832, 9.660486952648224, 10.666480539238025, 10.202847604596741, 8.4518496603539, 5.602096113112301, 1.8753505464244413, -2.4407574207154465, -6.9918481681500975, -11.326834238235262, -14.790146913269401, -16.425220291641708, -15.16023657238342, -10.462251930622914, -3.103083599312441, 4.696101073456819, 10.104754590634384, 11.091074556961907, 7.4537115510429635, 0.7870952029223799, -6.416678969117651, -11.85097948905446, -14.18080823391062, -13.29078332475903, -10.09550478670864
-6.865431316795554, -4.03080381924716, -2.4546921371980197, -1.357986162969738, 0.1370778907795526, 2.2712695894300965, 4.620379916989617, 6.534953969946254, 7.589857210603936, 7.720096423568831, 7.053122090521828, 5.71705324088664, 3.83930388803577, 1.6629235984853818, -0.4304404492131519, -2.0677473014426813, -3.0879182485146375, -3.6337134546503607, -4.04516694713024, -4.603035193734417, -5.289011192140972, -5.7538454190326584, -5.548779953773415, -4.453767439686941, -2.6496216824032888, -0.6215681182563383, 1.104344157604651, 2.1830631971489214, 2.48455447408933, 1.974202168271073, 0.6046999723827668, -1.6737812408430794, -4.837445442070761, -8.747108345010544, -13.14793609401033, -17.665630647821498, -21.825365300167658, -25.133350492805288, -27.10073345123877, -27.046772555478935, -23.931904607070845, -16.873790766391323, -6.301573491423841, 5.563645546582315, 15.88668591145515, 23.004676876485185, 26.88935299979116, 28.233874876663137, 27.64120320358233, 25.560924780756107, 22.490725509341104, 18.994580930277174, 15.584029120221755, 12.618563223320619, 10.254772457312788, 8.44696710072505, 7.015345331514315, 5.745898721215399, 4.444912712527559, 2.9178797995609833, 0.9315474521228381, -1.7529708488892948, -5.254935833303713, -9.433305593121581, -13.842693484014491, -17.84029519001155, -20.795405340058714, -22.28212643408699, -22.151200023677145, -20.472441215467953, -17.435065119993137, -13.300443068014202, -8.42281811867056, -3.2781752353963163, 1.5647960878859177, 5.548505132918004, 8.255698350036543, 9.47530002562642, 9.168291261612577, 7.40944512557105, 4.384775814143781, 0.40742901560106787, -4.115311462028295, -8.728621941471634, -12.90637292062128, -15.947740803693936, -16.899243524297887, -14.753816831986338, -9.13680089058754, -1.102818495995747, 6.820199897687767, 11.712484358426341, 11.800938744926404, 7.296319634791073, 0.043208856937327504, -7.435572524824778, -12.875106957907265, -15.010194671757706, -13.881277447139276, -10.59129936419564
-7.355008393918981, -4.619274455349977, -3.02568122250783, -1.7987136326166095, -0.1825564727396149, 1.9553832493612207, 4.196053183436909, 5.996087306559339, 7.0408779715835985, 7.300542931863803, 6.862790607625644, 5.784046670027438, 4.10914413482397, 1.9931412513684024, -0.24128699327502118, -2.1975419317083174, -3.5969398974866937, -4.427152721854373, -4.917576224827271, -5.332711487860729, -5.731105576372749, -5.894017026113886, -5.498212749147282, -4.387507311639258, -2.7164340885850473, -0.8731932666707792, 0.7209197771548811, 1.7650786577244473, 2.0974018536553642, 1.6329814662633402, 0.3251980942372594, -1.8282708849084421, -4.7901941392456715, -8.510446282523928, -12.891823635205588, -17.646845660965507, -22.185227975224127, -25.716105213934863, -27.436420370152042, -26.498149167864955, -21.95612016100548, -13.342115761079315, -1.6622887665149593, 10.520296694038063, 20.52582175675394, 27.099929861695408, 30.439220914162387, 31.230998773510226, 30.082725955770016, 27.541996270523835, 24.16870928537526, 20.465170512550195, 16.830158459672422, 13.579189087873939, 10.921803162084348, 8.897258427739503, 7.374470687293777, 6.139557279314434, 4.9834647848208, 3.713210871789679, 2.1095354735199723, -0.07783490063569609, -3.0388851766910747, -6.755617493377391, -10.906071380392607, -14.907931481502413, -18.100039261454448, -19.966270971129187, -20.27417515434466, -19.063398409343623, -16.534583938413146, -12.953636368659675, -8.638078054578235, -3.9917116367654217, 0.4917414268188056, 4.293662569571616, 6.967614823245152, 8.20389105448072, 7.849908583238407, 5.931434290721389, 2.676943482708757, -1.5169262198063072, -6.177043845724804, -10.793549634904549, -14.751842939728343, -17.250045696285902, -17.316067591369297, -14.05818711487619, -7.334632549922899, 1.4773513692453162, 9.561735736161928, 13.987991856562262, 13.306975225665703, 8.08035459835699, 0.2580262735073014, -7.6663107049388, -13.386315000838318, -15.57351267226405, -14.346783169506045, -11.00339259739045
-7.785479262285658, -5.101399579880186, -3.5011537533294828, -2.187610070310534, -0.4834084931481176, 1.6609973338105164, 3.8238119520598843, 5.533751885809507, 6.549025596384321, 6.862411361398773, 6.5507224829965365, 5.654631865034499, 4.181201040736812, 2.1972164845369795, -0.07903878058528449, -2.2802203146074587, -4.029665972563334, -5.142753830469048, -5.713478661141384, -5.983606051906159, -6.100893790776378, -5.98944953455601, -5.443915900120424, -4.341309181928828, -2.7778633446881877, -1.0449872201106463, 0.4923615515482825, 1.5055960951476994, 1.759276435273317, 1.1456216684751694, -0.2955054800488822, -2.423663124519163, -5.133701109392626, -8.480381873362182, -12.608230842758504, -17.417724220359027, -22.238507666074522, -25.9299245977544, -27.318303038020975, -25.41626754485925, -19.46713378906871, -9.475343717784995, 3.0285195862124796, 15.268644003544306, 24.787357986323983, 30.668290776874038, 33.26174021274149, 33.31702342324244, 31.586810905327543, 28.783722683417334, 25.47322641910023, 21.963987579434374, 18.410902466159776, 15.015104214417503, 12.046890412280973, 9.690509953622291, 7.932747072595886, 6.604565351148573, 5.49168031291247, 4.39195378803932, 3.0932978858909195, 1.3462632119925884, -1.0849607609389793, -4.289718407073541, -8.081531487446037, -11.976253663364496, -15.320407268756723, -17.51642397496566, -18.221718387143124, -17.410001694110758, -15.28439815178433, -12.142502791114559, -8.305820633812575, -4.133934746266957, -0.05577372807620765, 3.4469945472912764, 5.906303236879864, 6.949657904756469, 6.38046400105633, 4.243066340548322, 0.8203569161122553, -3.4694533826975578, -8.183045555550681, -12.811416840401623, -16.612141228356997, -18.57091725522216, -17.62478927429366, -13.047298426767945, -5.045475746273882, 4.618781807346939, 12.884850691742736, 16.909885684025678, 15.592535664672775, 9.738736188092737, 1.2881340399267667, -7.301927787091935, -13.5904325832829, -16.06360486401734, -14.84295229204712, -11.427314592198105
-8.1642642336214, -5.485265624924201, -3.8922850863005856, -2.5415015199127153, -0.7763337706976665, 1.4021266098850975, 3.5496906863909126, 5.21063070191423, 6.161928904435643, 6.4089175383772945, 6.06631820755577, 5.2403301013411, 3.9631395969923577, 2.214647361516563, 0.04354817536231575, -2.297279310203949, -4.373853408745373, -5.806246216578371, -6.504850649071525, -6.659982845218575, -6.509724909636848, -6.132317986367917, -5.436678494730128, -4.308047702711202, -2.7625312338449195, -1.0153282877518899, 0.5503144540967894, 1.4914082348857542, 1.4672296349119744, 0.4019230315920292, -1.4648753630153417, -3.733784839442139, -6.15946840132332, -8.904847210915552, -12.44760313419039, -17.01679700410495, -21.949196302788298, -25.72478362178207, -26.730636984006924, -23.848161574004624, -16.585833357319466, -5.450814006435989, 7.5802379106321345, 19.630462069735348, 28.47933727511524, 33.47038202982515, 35.08596659880045, 34.22660464036051, 31.893077854826306, 28.996496274375335, 26.070898514042227, 23.148206365582773, 20.034852827950992, 16.73087824060964, 13.535457183104722, 10.804965419571534, 8.703479460688389, 7.162790333598908, 5.991423242108374, 4.977168292318258, 3.9051414863045792, 2.530199904339769, 0.5929170509433859, -2.078808069032165, -5.431133876525448, -9.108010361324512, -12.511228486278949, -14.992345309546788, -16.085680933520297, -15.651896238765296, -13.856359476383627, -11.029930796154613, -7.539715616224851, -3.753661393460222, -0.0727957890227601, 3.0507571984599693, 5.158913456656927, 5.886837926591784, 5.072407873833615, 2.8116204107377807, -0.5995161430452708, -4.8129095029746916, -9.505757984031328, -14.214825155265197, -18.031565540322884, -19.60335355279324, -17.65882774884197, -11.65615393483096, -2.2813914282020114, 8.241397006585553, 16.659576143935812, 20.3036130659779, 18.411861701681506, 11.963925545323978, 2.851608505778405, -6.515191045044075, -13.549784984893936, -16.48811881736707, -15.36988274875403, -11.867967680671557
-8.460742937838292, -5.802165727260364, -4.2515466218780595, -2.9034878281027874, -1.0698335664079517, 1.2184772974011642, 3.4501299987596123, 5.102300377604034, 5.908305983295502, 5.890988131684897, 5.278880630504312, 4.351433177494736, 3.2512602584313317, 1.886033942270293, 0.05846473002085586, -2.2206543892806714, -4.549977211775442, -6.351561540439121, -7.285512235425541, -7.422493143043065, -7.055612148193818, -6.4111326904051635, -5.512389513382508, -4.244802254034823, -2.54701993018822, -0.6093461451334534, 1.0660632829596386, 1.833268627156992, 1.23852457668917, -0.6807087925884524, -3.3594131807859946, -6.015644884240826, -8.174962097270681, -10.087858404389557, -12.643519310134332, -16.5632115710401, -21.337370556553736, -25.08705177049304, -25.693925459290273, -21.88313917465899, -13.466507011075727, -1.4539386419442089, 11.818354716940144, 23.455320086077755, 31.4557339986204, 35.36069153708237, 35.793363261874646, 33.87373784974234, 30.89885406073009, 27.990290479069504, 25.653113558266778, 23.629462067511483, 21.320442652125326, 18.432917055466767, 15.217437529877886, 12.179248618619507, 9.690975840015131, 7.842098425984132, 6.511189436557114, 5.494073976447691, 4.568982274096784, 3.492148216465399, 1.9954856019011495, -0.14841646517495, -3.0015871643557386, -6.351818875318815, -9.704623591861854, -12.413056285249342, -13.904000327551062, -13.88723967424548, -12.427343884679383, -9.851528763518363, -6.589682154954526, -3.0722417925868073, 0.2790097348759376, 3.0340067085920706, 4.786687364131299, 5.243019855722868, 4.307820885482314, 2.1009304451837303, -1.1305359804067803, -5.1531754651105075, -9.7786126478035, -14.607638506703859, -18.589102560137068, -19.98470005785831, -17.194099697645825, -9.813780875635878, 0.902018689404354, 12.191200256411792, 20.648970111062642, 23.83903877470092, 21.3471082183587, 14.347821640423264, 4.7022132620740855, -5.310758007558216, -13.07583400076112, -16.587561950600996, -15.70898999971978, -12.201479829987694
-8.624125748295704, -6.10056919840224, -4.6554003198966765, -3.315486878108997, -1.3359261843751262, 1.2059850146878954, 3.6504898728002444, 5.307515128361933, 5.816079182664474, 5.247817840777185, 4.038557225585111, 2.7580067516933946, 1.7648663105431868, 0.9434661533396933, -0.20668180672329153, -2.0739542852823085, -4.45018171621841, -6.618318007037803, -7.932924645121491, -8.236090302610883, -7.777584181230337, -6.8798584573058434, -5.674854729079978, -4.067696344481207, -1.964191385668564, 0.38132025828891497, 2.235230558377116, 2.6843103881341834, 1.1883752330580424, -2.0167940899501824, -5.941288252283457, -9.312407625858823, -11.320101767849524, -12.24323297600142, -13.422683295012583, -16.225865635311372, -20.486598637671175, -24.05510718734552, -24.26987120928717, -19.643943259116945, -10.279507263937774, 2.339581108426374, 15.598297667658768, 26.637543679359492, 33.64613077360615, 36.32432134753431, 35.45451757729419, 32.40565267977205, 28.762901999412453, 25.843100558439357, 24.148814158459704, 23.186636822346802, 21.96699379758268, 19.840384099162883, 16.90506376340398, 13.737736208913187, 10.904064078513322, 8.689431887578447, 7.099563972792989, 5.978980011314722, 5.110799518396266, 4.250185120397061, 3.126952757540064, 1.48223253627488, -0.8355747790088655, -3.755798008566006, -6.925667967817393, -9.765367019740198, -11.645844444667219, -12.12174628938811, -11.095219053016809, -8.816824914673008, -5.747565503408042, -2.401017431616734, 0.7424689266808985, 3.2601995478139534, 4.809203219757347, 5.165909048382929, 4.260237058098029, 2.1774715811688807, -0.8959125419471181, -4.77438423445985, -9.306995826096033, -14.142665374905047, -18.20904659884731, -19.507062149940175, -16.066452303752094, -7.502081892271397, 4.381580007522638, 16.242855008137372, 24.54229970974116, 27.11996830833584, 23.96253767354485, 16.53256145953805, 6.678852223438446, -3.6079487874019858, -11.892386795658156, -16.000722103343552, -15.539903888209285, -12.235289994706928
-8.628812224714165, -6.432442350530655, -5.164422943928106, -3.772812157364368, -1.4739038848935522, 1.5340356860559052, 4.329365342937002, 5.968591897541882, 5.986315532268833, 4.552283494098398, 2.376606293245886, 0.40327047592615983, -0.6741154049700493, -0.8798473490346109, -1.0034334042524715, -1.976270686980657, -4.0115954117218635, -6.412407405043371, -8.232837763471315, -8.960966999083618, -8.629895350601297, -7.532332902047792, -5.88165796403924, -3.657209596603202, -0.8314949581609663, 2.1572256063845794, 4.250972825543437, 4.258751670146863, 1.6079446890742723, -3.2229798994334775, -8.793464043171198, -13.269832336329586, -15.380039471255236, -15.321242036299832, -14.868224741010714, -16.141743819837906, -19.512928000105546, -22.71287298807622, -22.554231390336994, -17.271139686920964, -7.1929971451464105, 5.777517405176662, 18.813659767923415, 29.123185205377247, 35.05897786972434, 36.46406572229526, 34.29609220371696, 30.164716309132924, 25.885672281849384, 22.917295897843307, 21.78004797002756, 21.84410757097447, 21.82613528685832, 20.725598980464387, 18.39726389692696, 15.372136805504303, 12.335060430596544, 9.762017042156149, 7.831364388281168, 6.492587726530678, 5.568443975340119, 4.822332174836678, 3.9853418342134685, 2.7838554578850414, 1.0060877796541527, -1.39853650633194, -4.234939075053449, -7.051775629718583, -9.24433854682282, -10.258401564734458, -9.80769025406483, -7.982497991199867, -5.190647184677286, -1.9903220661135625, 1.0708238072723042, 3.543652339058848, 5.0958540012013485, 5.497681558663504, 4.626858414919332, 2.5132079114934265, -0.647147158911143, -4.5754848204794545, -9.004063561268591, -13.566880951236254, -17.320387328227792, -18.298544851916553, -14.293841079985338, -4.8089093877659455, 7.958768573524819, 20.12694239571822, 28.028331669515293, 29.812116158176362, 25.944272024756675, 18.27495218527966, 8.63911800535602, -1.429058714208017, -9.898268929946108, -14.538893920718806, -14.66309287924045, -11.840708771968682
-8.505944443563378, -6.827809584883985, -5.771385943898411, -4.179990988877715, -1.2962773781528798, 2.4305405023713007, 5.705351402090953, 7.3067900385741655, 6.709116788607609, 4.205895525470696, 0.7545938506399021, -2.325866404749471, -3.885705862042458, -3.6479316916660007, -2.547884724578425, -2.125975675318179, -3.2755728048299524, -5.592373681498821, -7.945070209534615, -9.374765040659552, -9.467953507958791, -8.276363934181814, -6.031443166808517, -2.874807370894849, 1.0009235070484996, 4.844396450314619, 7.233983355935525, 6.757879644553025, 2.874118692051276, -3.7200195713878825, -11.203877308446692, -17.171560629418266, -19.760732987978756, -18.935645546249262, -16.824610811896587, -16.33159101358189, -18.51191247697894, -21.163271575391995, -20.658456224347805, -14.903392500658644, -4.356043190533021, 8.739837016927504, 21.397489125127354, 30.90498557260835, 35.76275122884013, 35.95590989729438, 32.62433755737508, 27.58013071441256, 22.777341735662056, 19.72653493743682, 18.959592251378947, 19.81962791868701, 20.890390639104247, 20.913127458357764, 19.46284962260234, 16.902568213516968, 13.912038013824297, 11.09115204574051, 8.795913556016288, 7.131286619868641, 6.013629303181513, 5.245673382420171, 4.571396505143635, 3.7149597540157386, 2.431285959364177, 0.5818048210856723, -1.7830671146965174, -4.374903649223694, -6.696868453381522, -8.178272505753483, -8.383676689813475, -7.196724640984702, -4.869650170496798, -1.913659078708701, 1.086231169868135, 3.6127911212074966, 5.254055072132121, 5.68383189650666, 4.697617421396194, 2.3204328023850826, -1.1614766662891938, -5.312700933953846, -9.663243862551639, -13.707651379539241, -16.636969656164972, -16.812708914607104, -12.118325923224251, -1.9354378750144439, 11.386552468244847, 23.577148033757243, 30.86548583777314, 31.72462849362073, 27.15241155824443, 19.443547951513338, 10.415868162818473, 1.035002811307225, -7.261056031184726, -12.314996133026751, -13.138121796766686, -11.050641365288413
-8.319013413147957, -7.252852978753957, -6.35627330954792, -4.336437091436367, -0.5614672939864642, 4.120219735650732, 7.981105068144434, 9.584394560580149, 8.418384912044461, 4.863828026846168, -0.015206790782255253, -4.627285460185605, -7.277973105510273, -7.107178000508016, -4.903928497275541, -2.740570661299149, -2.404534666292739, -4.135329272444746, -6.865973292300828, -9.193337537975525, -10.027566844659988, -8.90226881985951, -5.955593816775646, -1.5937069236833983, 3.583698181675456, 8.398563128941218, 11.094887353122502, 10.158855765249934, 5.151586296014588, -3.0796299911313674, -12.493185402763343, -20.195087535225923, -23.65425503250407, -22.4427328640078, -18.90590125401447, -16.663896280377575, -17.511593905866434, -19.491609405147198, -18.684697130017245, -12.65831590237345, -1.8859549037997263, 11.142270995523686, 23.31861173633474, 32.01265873167058, 35.86520881630006, 35.008418782597516, 30.753321034745728, 25.053081860481452, 19.897934905263575, 16.751215130736206, 16.122820127996263, 17.41317586675741, 19.251467356906694, 20.283412616392937, 19.848498400600658, 18.059901386035218, 15.451722443641533, 12.624945689235663, 10.055973257777637, 8.018414840124173, 6.574096157818048, 5.615857424582703, 4.931120145075564, 4.25985504171164, 3.3475717431548424, 2.0054952567681896, 0.17786043088949707, -2.001330885874433, -4.192611112284262, -5.911159340122528, -6.67554536072188, -6.199819416046966, -4.528720791263441, -2.0316511847519902, 0.7323148376116237, 3.17324885491423, 4.760918397678143, 5.07385321367481, 3.898206264378444, 1.3244260000811008, -2.3251962253228915, -6.631560107309395, -11.012737939947838, -14.649973172916212, -16.589417068951377, -15.555918192875549, -9.912991229069023, 0.8574821131700027, 14.429938149887152, 26.384788394371242, 32.91813369433976, 32.81597511803232, 27.59481312739797, 19.993431956936742, 11.83631017388443, 3.500467428536078, -4.310128912221944, -9.651031674337325, -11.233708709024677, -10.038088019989878
-8.097133260108171, -7.572474907300219, -6.6792211957356535, -3.9787586681667255, 0.9359353108865359, 6.7086840847710745, 11.198917103975369, 12.87137127545242, 11.296248443247, 6.879295075854976, 0.6209853736074029, -5.798891244330587, -10.168585209923766, -10.804988314971261, -7.9671681237541945, -4.005775109565332, -1.6716185734064302, -2.1834063268835124, -4.896790203060424, -8.115819939619312, -9.933654355187157, -9.080765589702859, -5.43787284340523, 0.2509933228199918, 6.799875725418052, 12.525110354268714, 15.426637655616199, 14.056602250101424, 8.183038702841278, -1.2613324600766498, -12.248845591469113, -21.62667007200026, -26.22817716617454, -25.09354483800986, -20.590869119523433, -16.88284926866352, -16.45136376600932, -17.7290149975095, -16.69688566034916, -10.616392639103609, 0.13692492922925842, 12.933043939060274, 24.57340510475532, 32.501653800160234, 35.49575407174808, 33.829261768728344, 28.943134115239516, 22.858465642651527, 17.524217509879207, 14.284034716479182, 13.579177634783276, 14.900624711688579, 17.062356649912367, 18.798138697645406, 19.330716615991292, 18.518876345796443, 16.64568473312987, 14.170383248662752, 11.574117560221195, 9.249949494706309, 7.420854879292547, 6.1179804889324165, 5.218952800306167, 4.511846003013639, 3.7592447314361834, 2.757937110980767, 1.3953968400283325, -0.30199462684688116, -2.142023770991039, -3.7820650630970993, -4.809302643300496, -4.884854346253404, -3.9004284731741095, -2.0607338909046518, 0.16266419991254544, 2.175402340846289, 3.425069204608169, 3.546143693666356, 2.4583673993336053, 0.2987506305991629, -2.8411680292124264, -6.947454770781299, -11.55900158978676, -15.39337412757315, -16.870406347109093, -14.727678167934064, -8.000935670622333, 3.3315862157578566, 16.928755393459305, 28.446067058071126, 34.168331475182015, 33.16353810053809, 27.376505683380913, 19.9396188521891, 12.750873608910243, 5.681539291138925, -1.3871335470398007, -6.893035683663427, -9.257671611830592, -9.000082184690944
-7.804990450237801, -7.577994027271502, -6.451958259218312, -2.8891304550974817, 3.2368569813119485, 10.04500870015197, 15.06080416654423, 16.759462458386984, 14.854200888404492, 9.789983958046893, 2.4225006603458286, -5.719292617281366, -12.140870672415716, -14.281339929587384, -11.505525501670341, -6.036657421239986, -1.4380607974301967, -0.10328537363166287, -2.186971224678534, -5.998025537952942, -8.847932650880132, -8.471088402304147, -4.298746537533219, 2.5969461601423007, 10.335449361476886, 16.70263650107839, 19.582070889821004, 17.77739218161811, 11.397765370062032, 1.4383632825168873, -10.358102493814838, -20.966404248705356, -26.777239226762365, -26.201015741282777, -21.36641023381887, -16.69509538558519, -15.20791702580084, -15.839058149074274, -14.695634608748318, -8.804322469823475, 1.6698900925797338, 14.079670150371845, 25.164506943432922, 32.42667604485906, 34.76934248290548, 32.57062191534897, 27.32547993354339, 21.06147369419642, 15.667560950527566, 12.348959876651108, 11.431156087340385, 12.466823791009586, 14.512565974064275, 16.536175229517145, 17.79961651195843, 17.987908296840978, 17.108475661875737, 15.372503344921837, 13.130211154369345, 10.786160156038619, 8.677778844075517, 6.985017049722459, 5.71505794170926, 4.7452506168862785, 3.888616739625918, 2.9599614418507696, 1.8336192141880951, 0.48702439857992424, -0.9763647119252981, -2.3329746502351907, -3.2852631628642537, -3.5564028706657314, -3.018154900514285, -1.7958402828282674, -0.27153152669636543, 1.0574002568061192, 1.8108676624825908, 1.8994042121564114, 1.4676424813003217, 0.5401717646357451, -1.3535164090966454, -4.899497683485329, -9.919834432050855, -14.677385361083806, -16.66684542794131, -14.10968742292665, -6.516530145997425, 5.328431621290388, 18.817401944726686, 29.77524575557871, 34.71021913791655, 32.92896571870346, 26.653961530504137, 19.33242337233806, 13.043491371239988, 7.329598028846134, 1.2285773950694572, -4.28742559472595, -7.413141078148549, -8.056568194166235
-7.411376750650159, -7.124075632994363, -5.499274320791734, -1.0392479929613825, 6.1143238385781995, 13.661469741803256, 18.906654701935224, 20.400893786650393, 18.07328917693487, 12.545719891371641, 4.5774610674663005, -4.713472650717432, -13.000365685520624, -17.054503933818133, -15.110306996373101, -8.783861223132284, -2.07731074450687, 1.47671186440848, 0.6648839328014509, -3.1716241870314703, -6.796868143202411, -6.971020580691764, -2.5441618176748757, 5.199267875972967, 13.719000173870985, 20.325489591169877, 22.909840059109428, 20.66115311129004, 14.150268434459708, 4.485020686475591, -7.077267241916359, -18.109124566458725, -24.940746448247562, -25.349708259117435, -20.912966445521484, -15.925577532955014, -13.717910809866606, -13.796767323182145, -12.646492493282258, -7.189280680046373, 2.7151471689639615, 14.555897108477872, 25.066561379686647, 31.792074174846302, 33.719909502534726, 31.246912027637425, 25.827664559536473, 19.47798117386727, 14.077409707656772, 10.722877891458525, 9.581082092477699, 10.186759640402999, 11.80690071249434, 13.709679214132649, 15.334967118215335, 16.32979641537677, 16.495405165908732, 15.7742580919945, 14.289905220729855, 12.333249195596599, 10.253882820886838, 8.330472674207785, 6.698797911089062, 5.3515746902664745, 4.183950693894915, 3.056779561384511, 1.85953506604149, 0.5608852879875847, -0.7628443246084406, -1.9312389407035044, -2.7056263945620893, -2.879676227001948, -2.3938679128119253, -1.4192519952542249, -0.32909090744209096, 0.4992480644231916, 0.9662509220781894, 1.3364700529199216, 1.8991445619535745, 2.370802360265808, 1.6541155682632482, -1.4414751017584548, -6.856674689945856, -12.623500810625742, -15.629530481085789, -13.389670830934952, -5.414198816826066, 6.780619151596203, 20.087204063742735, 30.452986744276988, 34.69108103320174, 32.2820246004889, 25.55963479619212, 18.214526631365494, 12.626821883542949, 8.238685885172927, 3.315258410787033, -1.9741185461337718, -5.768803393437659, -7.244596471462637
-6.979075568120623, -6.291536839246924, -3.929324934840997, 1.3129434608039623, 9.077978311916908, 16.872786036539182, 21.928569290036357, 22.897705324773423, 19.990058919633245, 14.19344139471483, 6.309461048430909, -3.145680682818662, -12.55366594234733, -18.494072497329768, -18.074203770574087, -11.86934982415315, -3.790124381020295, 1.7883508233971708, 2.5829224116992844, -0.6389144561030319, -4.451457407948611, -4.95713216639287, -0.48772647191859114, 7.631377299583798, 16.415977779469127, 22.855906464247205, 24.92764754851315, 22.226518426950676, 15.847775625593766, 7.145806674842732, -3.1240693732179743, -13.53904385669676, -20.918161609667145, -22.58359691602258, -19.274656926775293, -14.703678196967298, -12.193006099591926, -11.804541583044497, -10.641454040998099, -5.754072063401144, 3.30769237860028, 14.343636374587996, 24.212880348496796, 30.513114886214577, 32.231384781500175, 29.6551527563704, 24.13255070534039, 17.71279577363644, 12.347812829288298, 9.059998135562818, 7.817308228416209, 8.044390408320107, 9.130741373956276, 10.625238182488667, 12.218639824616929, 13.65257763107806, 14.653252727575685, 14.97014403623902, 14.49258895410608, 13.317220848229354, 11.694241545525008, 9.90482153779562, 8.157942134775931, 6.546770056190737, 5.058169935790696, 3.6149864141893606, 2.1333028148613953, 0.5816558805076362, -0.9693494335048596, -2.3255807081637823, -3.2066539673692347, -3.3630989573601, -2.7390787971756416, -1.5753669912217387, -0.32952001753866783, 0.6225555206457741, 1.31389278880197, 2.14287772480658, 3.2947561834489547, 4.122820699495867, 3.2849182286717586, -0.17631873402062403, -5.774193413009908, -11.563503464053795, -14.742838969666781, -12.69401311758025, -4.630423565703124, 7.6786972780573395, 20.71797892537182, 30.511168500029527, 34.161214135352424, 31.229533746578447, 24.057046968466324, 16.54490797333022, 11.43280126973763, 8.25521995108793, 4.680346615251978, -0.051400276473124035, -4.310652887204238, -6.557798695381968
-6.585271522047635, -5.353240721103885, -2.133228534098656, 3.6778770286892293, 11.51874109631273, 18.97520993348481, 23.39598083586871, 23.565456544861554, 20.00632642563008, 14.189066535439704, 7.100575379833034, -1.3608746826939955, -10.68793276238941, -17.924883659244646, -19.4185851324742, -14.484261416358137, -6.354561860835049, 0.3065293213358973, 2.460479197051409, 0.3108258200315024, -2.8993343786695047, -3.1813036966620514, 1.3322075767007808, 9.401090120991382, 17.93964941760394, 23.856874382859054, 25.257784610605746, 22.08863714867954, 15.961479007750953, 8.6094172896002, 0.44505986328047714, -8.286943389553919, -15.46342439178126, -18.36662216086621, -16.782933419012156, -13.394605781629771, -11.103628880789834, -10.361623015352015, -9.043009159408122, -4.641690332770356, 3.443810186929218, 13.442137558407687, 22.533683378004216, 28.419484075604075, 29.985200960751456, 27.31730208340977, 21.690441283977126, 15.266831574927057, 10.086201812774286, 7.063530241428571, 5.9343858923299, 5.967032013147406, 6.596409311965289, 7.578902113452235, 8.843773891488635, 10.29767672664025, 11.719106490134136, 12.79655165424827, 13.268814923104472, 13.045080031967517, 12.215766129616778, 10.972971606282938, 9.51358789758319, 7.974141685614706, 6.407303398173364, 4.792399347246026, 3.070540837929778, 1.19871478896419, -0.7809136556387423, -2.674083451675573, -4.1228982461569785, -4.719378255493931, -4.241054380402807, -2.8581037963425033, -1.0945825976257766, 0.5175379096370673, 1.8110320785803822, 2.9050567827393396, 3.6193937801732043, 3.090452901332363, 0.33239387035893114, -4.567870891749533, -10.088439186019423, -14.35503852733402, -15.768489746378034, -12.665351933655836, -4.233489847748864, 8.015890760181021, 20.62952028038313, 29.809010607194846, 32.8661781935012, 29.393027891813905, 21.789018398445936, 14.14147304969523, 9.424538719203326, 7.314518832386792, 5.158833297085233, 1.3584295788818506, -2.997499838893019, -5.9131188874068
-6.055645800157186, -4.437657591277799, -0.5187268948117728, 5.5190516096573665, 12.839482220651515, 19.299229866140433, 22.598467221258982, 21.78586117144694, 17.714598436675217, 12.259024821609403, 6.586418219021302, 0.14233434158110464, -7.699362990653161, -15.036981074544208, -18.21117725476053, -15.47269911889795, -8.881136207529519, -2.6164631241711906, 0.13762055816937763, -0.7980041593511091, -2.70800318629624, -2.1455214848950663, 2.512085746504062, 10.13545280081251, 17.867653982301317, 22.822100611973582, 23.349052400512807, 19.741512948608296, 14.016756493185754, 8.212322435935608, 2.572369237300689, -3.6520416275767515, -9.680283463387525, -13.314135764426954, -13.612287681708498, -11.979218934191534, -10.474738585070106, -9.6345071412651, -8.080554064137065, -3.9948674859948436, 3.120609949623479, 11.89607613247461, 19.961959206464865, 25.18718586333031, 26.357471800985014, 23.45264014699895, 17.81602123291071, 11.709347374839533, 7.088392821014883, 4.625296169413329, 3.825536748666102, 3.857020921121661, 4.195675419217319, 4.729040730184671, 5.545180063096859, 6.697762312090976, 8.079942792254412, 9.437546349937445, 10.484738593513052, 11.028892350896339, 11.022570625881421, 10.534553654526896, 9.685251924744561, 8.588003689915604, 7.312050380002139, 5.868092352867202, 4.215215924804527, 2.292840755411276, 0.08731051467481117, -2.2687356689736644, -4.416014853793164, -5.816940145301837, -6.002443470063568, -4.896893481991171, -2.933916284941351, -0.8034975727554484, 0.9224189569506194, 1.8179546991059263, 1.261881552995205, -1.6050228888781564, -7.069970840512688, -13.763261841001595, -18.9873097236327, -20.818297613123544, -19.0198412643752, -13.557910832588947, -4.210155104785785, 7.856763326035521, 19.706365123342714, 27.923103486692384, 30.052408779516124, 25.899499064892122, 18.108669468162876, 10.768068112409257, 6.66880498104157, 5.498547546748784, 4.647279824984098, 2.0702925711550697, -1.8289336678691335, -5.084663494426764
-4.976160415967162, -3.3525380360582906, 0.6310001528840143, 6.176042482637231, 12.173231518585785, 16.866086254762457, 18.58423327528058, 16.874505654060552, 12.84878403198526, 8.398629489142236, 4.603520068800152, 0.7249263926088314, -4.513470062136497, -10.409616803627685, -14.168622363525897, -13.683568517241968, -9.714882492031215, -5.199414015934452, -2.741816863623646, -2.6859512219965986, -3.125913851263185, -1.618425233972221, 2.8957341787124604, 9.386950910875084, 15.48076328196115, 18.838474111883826, 18.3298727544777, 14.623042018456239, 9.794994843677706, 5.751492769347446, 2.605848716090959, -0.8489938859679729, -4.887808175704446, -8.213013669234844, -9.715145220401784, -9.720124569577795, -9.265643180588178, -8.672783680567058, -7.11802765075288, -3.4883539162264485, 2.4508528809689776, 9.605160156586678, 16.060729932453388, 19.979848745446002, 20.296524331959947, 17.163751066073424, 12.036454916890644, 6.981754580559466, 3.5031768705026156, 1.8867892975842673, 1.5156721144474417, 1.6298191539095506, 1.8193141793739926, 2.0522636747639793, 2.470392206198908, 3.191330963864197, 4.2040509197019045, 5.362993070130264, 6.45694339641683, 7.299789854469356, 7.787003047906156, 7.899384047607954, 7.6737814711731795, 7.166788206763214, 6.424500941382328, 5.46140913944746, 4.249881476090156, 2.7269423208109442, 0.834835193545241, -1.3890429067380985, -3.698114881453342, -5.600897641212007, -6.525160757989817, -6.1540917588534505, -4.6836281467489025, -2.759943270804431, -1.1934456357767718, -0.7994346342352366, -2.4368970791612834, -6.820788702165022, -13.73957249324183, -21.173453622266727, -25.883140873906456, -25.848665266959785, -21.49509558941766, -13.999204913789935, -4.025360548084696, 7.248402809977282, 17.43429807621137, 23.738803643954483, 24.330874300523753, 19.643076759515026, 12.518659504152971, 6.463371353688028, 3.468431074642964, 3.079398100509373, 3.1584391749044487, 1.8413029980912363, -0.9895579566277123, -3.8912587590426218
-3.449481793941865, -2.267159212670707, 0.6550262499572297, 4.455573974349593, 8.114583632032737, 10.487920065937582, 10.73947210658825, 8.922247247713829, 6.0229813011895335, 3.3406700168467056, 1.5173394922460925, -0.04918029894994385, -2.4764838081299994, -5.797627445285123, -8.544088269808704, -9.178686792314023, -7.643366929306588, -5.36467799514796, -3.8574044949096113, -3.4170133281176374, -3.039399997338115, -1.4272838862841322, 1.8772961587812376, 6.073138506741545, 9.583248038455189, 11.005416900124091, 9.910821733360326, 7.077262316644839, 4.005477906442588, 1.8893945567902015, 0.7029888687911248, -0.5376565231468003, -2.403821956164346, -4.408656682440301, -5.820180987327755, -6.48790686465312, -6.690965396574315, -6.475601340874555, -5.385343372411326, -2.867145717846177, 1.0905886958623472, 5.6802920220235995, 9.575474188393619, 11.548856836001189, 11.032723094520197, 8.416553841220251, 4.896008399071625, 1.8133798415772588, -0.06780989021347586, -0.7821057156296154, -0.8269411853435766, -0.6852561822589092, -0.5790507868253876, -0.49762580736662976, -0.3339295273210432, 0.004484446716055446, 0.5406537553762711, 1.2199191256461641, 1.9374447355384552, 2.5826519723469974, 3.0743723747373006, 3.3724530934391637, 3.470441377118666, 3.3807899150328913, 3.119671735113426, 2.6934295755758106, 2.0873872289544027, 1.2607417513823906, 0.1592338836803024, -1.236635444977223, -2.8275090294894336, -4.329720392718668, -5.329439078720427, -5.495950326333821, -4.824469644479511, -3.703847865947322, -2.7755444728051186, -2.760662404754295, -4.357415794321901, -8.047078519757507, -13.584904262805535, -19.391005255143984, -22.910103005022957, -22.407819279441718, -18.13973676656559, -11.354916688006636, -3.149266622460843, 5.2120953529226375, 11.93360615041373, 15.253864902244342, 14.435724062954668, 10.461310387727632, 5.600869373981493, 1.9671888507971431, 0.43197188825851346, 0.5113934331900204, 0.9239217455943016, 0.5344666447201962, -0.9098879110748578, -2.6907771458098817
-2.493622341745978, -2.073360662437878, -1.0761223707537315, 0.1358814497436282, 1.168379819118787, 1.674325529459348, 1.4789743716350372, 0.7042303553835664, -0.2787866564633582, -1.0633171489030602, -1.4823327375872624, -1.7678261594888276, -2.330136970434185, -3.2672633444193973, -4.182597173988183, -4.559877677097631, -4.273113869715985, -3.6804792722550577, -3.2280231320446378, -3.0186462371212888, -2.7689363431209997, -2.1217867922651363, -0.998913822843247, 0.2846311240706818, 1.21215222061127, 1.3963209137969834, 0.8115729877648405, -0.20365391744842634, -1.1549033928747772, -1.6989738205181002, -1.8876147915819892, -2.076803174034713, -2.5099805408996203, -3.094381230607882, -3.6063288209121107, -3.941658610571789, -4.112756490076149, -4.088044765371321, -3.719271968948628, -2.860628331529917, -1.562780571928612, -0.14512866084425208, 0.9336975743047558, 1.3051043200925816, 0.8703744227461423, -0.14673299474936644, -1.312617821883194, -2.224148920010917, -2.7078433035234175, -2.834766043394894, -2.7854721497243413, -2.7067440931385, -2.65522241853126, -2.619456293526052, -2.563591379927752, -2.4573016834429176, -2.2893560389504346, -2.070648908087811, -1.8286225845417179, -1.5959747301902896, -1.4000884171337036, -1.258020587472034, -1.176901178601545, -1.1570441039749673, -1.1957909819749097, -1.291470418424605, -1.4473907822474945, -1.6750818791535849, -1.9933299137414302, -2.4161998317936133, -2.9260774373512195, -3.4446636696381594, -3.8368186022940765, -3.9738557846152203, -3.8261231201424346, -3.5089732534982203, -3.246946854617097, -3.3028763994664465, -3.923447503150974, -5.2754648469499035, -7.286770351048026, -9.40658233222488, -10.66403517010113, -10.317036331434522, -8.401861619424826, -5.491142125876898, -2.2244732212350873, 0.7603180844492674, 2.8223571103350285, 3.5140977758464578, 2.8299084098263734, 1.2973091688669658, -0.2905145219559995, -1.3419435787366103, -1.7003738954910956, -1.5754120902364275, -1.3548528261339552, -1.37291010442657, -1.7358413702867053, -2.2632150867947973
