-0.125, -0.0936, -0.1105, -0.125, -0.09326, -0.124, -0.125, -0.11145, -0.0902, -0.12256, -0.125, -0.0939, -0.0867, -0.0884, -0.09717, -0.11475, -0.1146, -0.1162, -0.125, -0.125, -0.125, -0.125, -0.125, -0.125, -0.125, -0.10486, -0.0958, -0.1044, -0.125, -0.125, -0.0814, -0.0625, -0.125, -0.125, -0.1233, -0.1206, -0.125, -0.1167, -0.083, -0.10767, -0.0625, -0.1195, -0.10657, -0.125, -0.1124, -0.0973, -0.07025, -0.04425, -0.0842, -0.08484, -0.0868, -0.10046, -0.10596, -0.125, -0.1189, -0.11084, -0.11084, -0.109, -0.1078, -0.125, -0.125, -0.125, -0.1465, -0.1584, -0.1428, -0.146, -0.1514, -0.2014, -0.178, -0.1953, -0.1686, -0.21, -0.2275, -0.2336, -0.2151, -0.2219, -0.2473, -0.2412, -0.2039, -0.1458, -0.1941, -0.25, -0.1934, -0.2305, -0.1891, -0.1975, -0.2241, -0.1975, -0.164, -0.188, -0.1714, -0.1423, -0.125, -0.125, -0.125, -0.1362, -0.1848, -0.1445, -0.125, -0.125
-0.0814, -0.05518, -0.0646, -0.0625, -0.07214, -0.104, -0.08325, -0.07104, -0.05988, -0.0746, -0.0625, -0.04382, -0.04022, -0.0625, -0.0625, -0.04663, -0.0625, -0.04828, -0.0456, -0.0625, -0.05408, -0.09033, -0.0956, -0.098, -0.09595, -0.0625, -0.0625, -0.0888, -0.0625, -0.0796, -0.0625, -0.03125, -0.0625, -0.0625, -0.09314, -0.0895, -0.0625, -0.06232, -0.0594, -0.05054, -0.03125, -0.0625, -0.04248, -0.0573, -0.0735, -0.05884, -0.04327, -0.04486, -0.0625, -0.0625, -0.0625, -0.0625, -0.0801, -0.1024, -0.0868, -0.0625, -0.0625, -0.0753, -0.0668, -0.09656, -0.10913, -0.09595, -0.125, -0.125, -0.0951, -0.08875, -0.0985, -0.1475, -0.125, -0.125, -0.125, -0.157, -0.1616, -0.125, -0.1736, -0.2129, -0.1614, -0.1643, -0.1487, -0.125, -0.125, -0.1555, -0.125, -0.125, -0.1354, -0.1497, -0.188, -0.125, -0.1279, -0.1335, -0.1095, -0.125, -0.11694, -0.089, -0.125, -0.125, -0.125, -0.0934, -0.0786, -0.09375
-0.0597, -0.04993, -0.05768, -0.0625, -0.0878, -0.09827, -0.0625, -0.0625, -0.05426, -0.05768, -0.06207, -0.05634, -0.05695, -0.06097, -0.03125, -0.0384, -0.03125, -0.04443, -0.03125, -0.0418, -0.02133, -0.04462, -0.0625, -0.0957, -0.0974, -0.04926, -0.03125, -0.03577, -0.0448, -0.0625, -0.05725, -0.03925, -0.03125, -0.05084, -0.0625, -0.03125, -0.0625, -0.0586, -0.05475, -0.03125, -0.02087, -0.0625, -0.0625, -0.06232, -0.0421, 0.01108, -0.01932, -0.0625, -0.0635, -0.0625, -0.0479, -0.04376, -0.03265, -0.0625, -0.0841, -0.07104, -0.03125, -0.04346, -0.0625, -0.08264, -0.072, -0.0641, -0.0936, -0.0637, -0.0665, -0.0437, -0.0625, -0.1034, -0.10474, -0.125, -0.10767, -0.125, -0.0825, -0.09607, -0.125, -0.1375, -0.125, -0.125, -0.1044, -0.125, -0.1034, -0.125, -0.09717, -0.0928, -0.07336, -0.11646, -0.10547, -0.10583, -0.1023, -0.0729, -0.0812, -0.0691, -0.04736, -0.0476, -0.0696, -0.0886, -0.03125, -0.0625, -0.0681, -0.067
-0.03564, -0.03125, -0.04376, -0.0625, -0.0512, -0.03125, -0.0625, -0.0625, -0.05316, -0.03833, -0.05756, -0.0625, -0.04596, -0.01563, -0.007812, -0.01563, -0.01563, -0.0381, -0.007812, 0.00917, 0.0184, -0.01563, -0.04547, -0.0741, -0.0773, -0.0625, -0.03125, -0.0625, -0.0646, -0.03125, -0.04022, -0.05145, -0.04095, -0.04422, -0.03125, -0.03125, -0.02997, -0.0199, -0.03125, -0.01563, -0.04553, -0.04633, -0.03766, -0.0625, -0.01978, 0.003906, -0.03125, -0.07544, -0.0625, -0.03125, -0.03406, -0.04932, -0.0401, -0.03125, -0.0625, -0.03125, -0.03036, -0.03125, -0.03125, -0.0625, -0.0584, -0.01965, -0.0625, -0.03125, -0.04803, -0.026, -0.0357, -0.08325, -0.07214, -0.1201, -0.10767, -0.0625, -0.0742, -0.0835, -0.125, -0.125, -0.1216, -0.1172, -0.0868, -0.07996, -0.1151, -0.08093, -0.06232, -0.0534, -0.01935, -0.03223, -0.0691, -0.0625, -0.0648, -0.0504, -0.03125, -0.0625, -0.03546, -0.007812, -0.008865, -0.0479, -0.03308, -0.01563, -0.00464, -0.03864
-0.03125, -0.03125, -0.03766, -0.03125, -0.01563, -0.02231, -0.010605, -0.03802, -0.03125, -0.02249, -0.03125, -0.03125, -0.03125, -0.0246, -0.03125, -0.01563, -0.01099, 0.03125, 0.04614, 0.0625, 0.0617, 0.03125, -0.01563, -0.03845, -0.0625, -0.05145, -0.03125, -0.0625, -0.04462, -0.0625, -0.0625, -0.02353, -0.0625, -0.04858, -0.03125, -0.01608, -0.011, -0.02692, -0.02075, 0.03564, 0.00347, -0.04218, -0.03125, -0.03125, 0.003849, 0.0404, 0.02658, -0.0432, -0.0625, -0.03125, -0.00702, -0.03125, -0.0625, -0.03125, -0.04077, -0.03125, -0.03125, -0.03125, -0.01334, -0.007812, -0.03473, -0.01807, -0.01563, 0.02063, 0.007812, -0.03125, -0.04346, -0.0625, -0.0625, -0.08655, -0.10034, -0.0696, -0.0625, -0.04272, -0.0912, -0.08813, -0.1155, -0.0925, -0.11206, -0.074, -0.0625, -0.0625, -0.05823, -0.03125, -0.0625, -0.03302, -0.03125, -0.04785, -0.0625, -0.04193, -0.01563, -0.02872, -0.03012, 0.03125, 0.002977, -0.0117, 0.01563, 0.03125, 0.0421, -0.01219
-0.03125, -0.03125, -0.02548, -0.01563, 0.008224, 0.01563, 0.004566, -0.02994, -0.03125, -0.007812, -0.01248, -0.01563, -0.00749, -0.03125, -0.01563, 0.00634, 0.01563, 0.0303, 0.0625, 0.09204, 0.07666, 0.03125, -0.01563, -0.03125, -0.00762, -0.04474, -0.02197, -0.06274, -0.0625, -0.044, -0.03125, -0.03125, -0.01797, -0.01204, -0.01563, -0.0162, 0.01563, 0.02393, 0.0625, 0.0707, 0.0625, 0.005966, -0.02783, -0.01563, 0.0349, 0.05347, -0.007812, -0.03125, -0.03125, -0.03125, -0.05286, -0.02643, 0.007812, -0.03125, 0.02438, 0.01484, 0.03125, 0.002485, -0.01996, 0.02274, -0.007812, -0.01563, -0.007812, 0.01563, 0.01563, -0.01512, -0.03125, -0.05145, -0.04785, -0.0625, -0.07996, -0.0625, -0.05328, -0.05005, -0.0553, -0.0625, -0.05933, -0.0781, -0.0625, -0.0691, -0.05298, -0.03125, -0.03125, -0.042, -0.03052, -0.01563, -0.0184, -0.04443, -0.04962, -0.03125, -0.01563, 0.03125, 0.03125, -0.01462, -0.02716, 0.007675, 0.0359, 0.0625, 0.0489, -0.01854
0.0085, -0.03125, -0.01563, 0.01819, 0.01563, 0.01563, -0.015, -0.01337, -0.0164, -0.04785, -0.05695, -0.0313, -0.00798, -0.02194, -0.007812, 0.007812, 0.03125, 0.03125, 0.04785, 0.077, 0.03125, 0.01563, 0.03125, 0.007133, -0.02814, -0.03125, -0.03192, -0.03735, -0.0625, -0.0381, -0.007812, -0.00932, -0.01822, 0.01563, 0.01103, -0.009964, 0.01563, 0.03125, 0.04095, 0.063, 0.02704, 0.03125, 0.007812, -0.02563, -0.01563, -0.007812, -0.02612, -0.03125, -0.03717, -0.03125, 0.004623, 0.03125, 0.01563, 0.03668, 0.005466, -0.02283, -0.0004964, 0.007454, 0.03766, 0.03125, -0.01874, -0.01563, 0.01563, 0.03125, 0.05682, 0.042, -0.01566, -0.06116, -0.03125, -0.03125, -0.05444, -0.03625, -0.03125, -0.0426, -0.03156, -0.03125, -0.04712, -0.07715, -0.07056, -0.05536, -0.03125, -0.01367, -0.0297, -0.03973, -0.01563, -0.02292, -0.04285, -0.03125, -0.03232, 0.003822, 0.0009336, 0.02197, -0.0221, 3.61e-5, 0.01906, 0.02487, 0.01965, 0.02872, 0.03088, 0.03125
0.05487, 0.01773, 0.01563, 0.01189, 0.02277, 0.03125, -0.007767, 0.0335, -0.002007, -0.0625, -0.03534, 0.00696, -0.003906, -0.02124, -0.03815, -0.05, -0.03125, 0.02945, 0.03125, 0.03632, 0.03125, -0.03125, -0.01563, 0.01563, -0.005245, -0.01715, -0.03125, -0.03125, -0.0357, -0.03125, -0.008255, -0.003906, 0.03125, 0.01563, -0.00804, 0.011505, 0.01749, 0.01563, 0.02155, 0.03125, 0.03125, 0.01563, 0.03125, 0.01563, -0.05005, -0.013824, -0.01599, -0.04517, -0.01563, -0.009415, 0.01563, 0.04266, 0.04053, 0.0625, 0.03125, -0.03125, -0.03125, -0.01898, -0.007812, -0.0542, -0.0625, -0.005764, 0.04315, 0.04248, 0.05048, 0.07153, 0.007812, -0.03125, -0.0476, -0.01563, -0.03644, -0.03125, -0.03534, -0.01563, 0.00567, -0.03125, -0.03049, -0.0625, -0.0625, -0.03503, -0.00873, -0.02737, -0.03125, -0.01563, -0.03125, -0.03125, -0.03424, -0.01563, 0.01566, -0.01135, -0.002728, 0.00944, -0.00824, 0.01563, -0.01904, -0.01563, -0.02206, 0.01563, 0.03125, 0.03125
0.04303, 0.03125, 0.010345, -0.0242, -0.01563, 0.01563, 0.0263, 0.03125, -0.01219, -0.04553, -0.03125, 0.0008507, 0.02899, 0.004326, -0.01959, -0.06097, -0.0625, -0.0404, -0.02667, -0.03125, -0.03125, -0.05157, -0.03125, -0.02756, -0.01563, -0.01962, -0.01563, -0.03125, -0.03125, -0.01563, -0.01454, 0.03125, 0.0335, 0.03125, 0.02899, 0.03125, 0.01303, 0.01791, 0.0085, 0.01164, -0.0202, 0.01563, 0.03125, 0.0379, 0.0647, 0.01563, -0.03125, -0.03125, 0.01886, 0.004326, -0.03125, -0.011185, -0.01563, -0.03442, 0.00859, -0.05988, -0.04382, -0.01935, -0.003878, -0.01321, -0.03125, -0.02826, -0.004196, 0.01563, -0.0102, 0.03125, -0.01593, -0.03125, -0.00579, -0.007812, -0.03125, -0.03613, -0.03125, 0.0228, 0.01926, 0.005394, -0.0368, -0.04736, -0.03125, -0.03125, 0.00607, 0.00857, 0.01192, 0.03125, 0.03967, 0.0448, 0.01822, 0.03308, 0.01166, -0.02533, 0.02008, 0.057, 0.0349, 0.03125, -0.01633, -0.01563, 0.007812, 0.03125, 0.0625, 0.06116
0.0625, 0.03125, 0.01563, -0.0625, -0.03125, -0.02261, -0.03125, 0.02539, 0.03357, -0.011406, -0.01563, 0.01563, 0.01563, 0.01563, -0.03784, -0.07385, -0.0625, -0.04456, -0.02585, -0.01563, -0.03125, -0.0174, 0.004143, -0.03125, -0.01288, 0.006958, 0.01563, 0.01764, -0.003073, -0.00876, 0.0346, 0.01563, 0.0239, 0.03125, 0.03125, 0.01929, 0.01563, 0.03125, 0.01308, 0.02737, 0.01106, 0.01563, 0.02295, 0.0468, 0.0561, -0.01103, -0.0625, -0.01563, 0.01563, 0.02963, -0.02185, -0.0253, -0.0625, -0.03125, -0.0238, -0.02771, 0.00877, 0.003143, -0.00179, 0.01804, -0.007812, -0.01648, 0.01563, -0.03125, -0.05194, -0.04492, -0.03125, -0.03125, -0.03357, -0.03864, -0.03906, -0.03036, 0.005516, 0.02542, 0.01563, -0.007812, -0.04663, -0.03125, -0.04065, -0.03125, -0.02594, -0.001392, 0.007812, 0.0221, 0.03125, 0.03125, 0.02005, 0.01563, 0.03125, -0.002674, 0.01563, 0.02335, 0.0509, 0.01563, -0.03125, -0.01395, 0.007812, 0.0547, 0.0625, 0.03125
-0.01152, -0.017, -0.05096, -0.03125, -0.01563, 0.003906, 0.03125, 0.03894, 0.04156, 0.0252, 0.03387, 0.03033, 0.01546, 0.01563, -0.03125, -0.03906, -0.03125, -0.03125, -0.03125, -0.01563, -0.02762, -0.01563, 0.03125, 0.01563, 0.01868, 0.02878, -0.007812, 0.01294, -0.01044, -0.01563, 0.03125, 0.02771, 0.03125, 0.03815, 0.03125, 0.03091, 0.03125, 0.03125, 0.01563, 0.00862, 0.007812, 0.01563, 0.0199, 0.03644, -0.007812, 0.02518, 0.01563, 0.04443, 0.0625, 0.03204, 0.01126, -0.0207, 0.02756, -0.02078, -0.0203, 0.0421, 0.01563, -0.00488, -0.003906, 0.03125, -0.01642, -0.01563, 0.01163, 0.01103, -0.03125, -0.03387, -0.03125, -0.01563, -0.03125, -0.03595, -0.04425, -0.007812, 0.01563, 0.01843, 0.01315, 0.01369, 0.01071, 0.0275, 0.007812, -0.01563, -0.03125, 0.03125, 0.02283, 0.00888, 0.01563, 0.01978, 0.01608, 0.02307, 0.03125, 0.007812, -0.03125, 0.01563, 0.03174, -0.01563, -0.04352, -0.01593, 0.02448, 0.08044, 0.04053, -0.02057
-0.06146, -0.03125, -0.03125, -0.01868, -0.00853, 0.01091, 0.0407, 0.03778, 0.01563, 0.007812, 0.0528, 0.0625, 0.01563, -0.01563, -0.01563, 0.01053, -0.007812, 0.00902, 0.007812, 0.01563, -0.01514, 0.01563, 0.01584, 0.04327, 0.03125, 0.0462, 0.0177, 0.02579, 0.01563, 0.02884, 0.03125, 0.03125, 0.007812, 0.01563, 0.03314, 0.03333, 0.03394, 0.03387, 0.03125, -0.00375, 0.03125, 0.01563, 0.01563, 0.06055, 0.0625, 0.05127, 0.02304, 0.02365, 0.02704, 0.007812, 0.03125, 0.04242, 0.03125, 0.03125, 0.03125, 0.03125, 0.02457, 0.0384, 0.01563, 0.02258, 0.03522, 0.0245, 0.0114, 0.007812, -0.005066, -0.01563, -0.03125, -0.03625, -0.0517, -0.03125, -0.0169, -0.006283, 0.01405, -0.003906, 0.01134, 0.03125, 0.02408, 0.01724, 0.0592, 0.04138, 0.012245, 0.003906, 0.01605, 0.02267, 0.03125, -0.000977, -0.01709, 0.01563, 0.01259, 0.01563, 0.01563, 0.01563, 0.0625, 0.0625, 0.01563, 0.02234, 0.05096, 0.0625, -0.01563, -0.02539
-0.01553, 0.007812, 0.03125, 0.01563, -0.02148, 0.03125, 0.05304, 0.02094, 0.01563, 0.03125, 0.0597, 0.0625, 0.01563, -0.01563, 0.01563, 0.02014, 0.007812, 0.01563, 0.03125, 0.03125, 0.04053, 0.05084, 0.0625, 0.0523, 0.03125, 0.0625, 0.03125, 0.04633, 0.01633, 0.01077, 0.03125, 0.01563, 0.03125, 0.02963, 0.03125, 0.02838, 0.03119, 0.02652, 0.01563, 0.003906, 0.02435, 0.02118, 0.007202, 0.03125, 0.03925, 0.01203, 0.01246, -0.01678, -0.007812, 0.05664, 0.0327, 0.03125, 0.04498, 0.05078, 0.05072, 0.05804, 0.0625, 0.03943, 0.03125, 0.01563, 0.03436, 0.03125, 0.0246, 0.01678, 0.01688, -0.01425, 0.007812, 0.02307, 0.01563, 0.02301, 0.01563, -0.003906, 0.009125, 0.007812, 0.01235, 0.03125, 0.0326, 0.03125, 0.03125, 0.02777, 0.02963, 0.01563, 0.02087, 0.001446, 0.01341, 0.01079, -0.007812, 0.00666, 0.013824, 0.01528, 0.03125, 0.04657, 0.04462, 0.01666, -0.01213, 0.03125, 0.0625, 0.03125, -0.03125, -0.0594
-0.02966, 0.010925, -0.007812, 0.02536, 0.03125, 0.03125, 0.0456, 0.03674, 0.03125, 0.04742, 0.0573, 0.05536, 0.02985, -0.01137, 0.02417, 0.0595, 0.02036, 0.01137, 0.03424, 0.04498, 0.05322, 0.05438, 0.03125, 0.02954, 0.02563, 0.0625, 0.0625, 0.02972, -0.01733, -0.01563, 0.03125, 0.01868, 0.02408, 0.03265, 0.0409, 0.013596, 0.01065, 0.01889, 0.018, 0.01563, 0.007812, -0.00891, -0.007812, -0.007812, 0.014435, 0.007812, 0.03125, 0.02936, 0.03125, 0.05133, 0.04144, 0.013275, 0.03125, 0.007812, 0.02399, 0.03125, 0.0534, 0.06183, 0.0495, 0.03125, 0.01477, -0.02988, 0.01563, 0.03125, 0.03125, 0.03125, 0.03125, 0.02191, 0.04486, 0.007812, 0.00812, -0.01228, -0.006252, 0.01563, 0.02136, 0.0415, 0.05243, 0.04602, 0.03125, 0.03864, 0.05762, 0.0625, 0.0384, 0.02637, 0.01563, 0.01149, 0.012054, 0.01724, -0.011986, 0.03125, 0.05157, 0.03125, 0.09485, 0.03235, 0.03125, 0.01779, 0.06104, 0.01516, -0.01727, -0.03357
0.01563, -0.007812, -0.03333, 0.01569, 0.03125, 0.02979, 0.03125, 0.04327, 0.03723, 0.03067, 0.03125, 0.03125, 0.000977, 0.01709, 0.03125, 0.05005, 0.05823, 0.02618, 0.003906, 0.03125, 0.05096, 0.04822, 0.01563, 0.01563, 0.05133, 0.0625, 0.0751, 0.03125, 0.00576, 0.03015, 0.02905, 0.03125, 0.003906, 0.01563, 0.04083, 0.01563, -0.003906, 0.02411, 0.04468, 0.01563, 0.03125, 0.03125, 0.02457, 0.01431, 0.007812, 0.01688, 0.04382, 0.03125, 0.0451, 0.02948, 0.03125, 0.04688, 0.03125, -0.002588, 0.03043, 0.03125, 0.03125, 0.02228, 0.05884, 0.03992, 0.018, -0.01563, 0.007812, 0.01563, 0.03125, 0.03125, 0.03125, 0.01149, 0.03534, 0.01563, -0.0177, -0.03125, -0.02179, 0.03125, 0.03125, 0.04987, 0.03876, 0.03125, 0.03104, 0.0454, 0.0625, 0.0558, 0.05878, 0.03125, 0.03418, 0.0387, 0.03125, 0.007812, 0.007812, 0.00731, 0.03125, 0.03125, 0.03009, 0.01511, -0.01743, -0.01563, 0.01563, -0.001078, 0.01598, -0.01953
0.0475, 0.0348, 0.03693, 0.01807, 0.03079, 0.03125, 0.03125, 0.0625, 0.02771, 0.01503, -0.01987, -0.01563, -0.007812, 0.007812, 0.03125, 0.02393, 0.0221, 0.003464, 0.01563, 0.007812, 0.03125, 0.01563, 0.01563, 0.01167, 0.02847, 0.04736, 0.0646, 0.01563, 0.001146, 0.006622, 0.01563, 0.01563, 0.01657, 0.02042, 0.03973, 0.02393, 0.02637, 0.03888, 0.03992, 0.03125, 0.03125, -0.004013, 0.03125, 0.01715, 0.01865, 0.03125, 0.05334, 0.06232, 0.05194, 0.06097, 0.062, 0.05847, 0.047, 0.04718, 0.03055, 0.03125, 0.01563, 0.05225, 0.0625, 0.05536, 0.01563, 0.00798, 0.0173, 0.0249, 0.03772, 0.03125, 0.01913, 0.007812, 0.02283, 0.01103, 0.014694, 0.003906, 0.02048, 0.01563, 0.03125, 0.01898, 0.01563, 0.0221, 0.03125, 0.0614, 0.0625, 0.0625, 0.06183, 0.04095, 0.06006, 0.03384, -0.013, -0.03723, -0.007812, -0.02231, 0.007812, 0.02454, 0.01724, 0.00801, -0.00964, 0.02219, 0.02979, 0.0235, 0.03253, 0.01962
0.04626, 0.03125, 0.01563, 0.03125, 0.04297, 0.0384, 0.04224, 0.06824, 0.03125, -0.001503, 0.00076, 0.007812, 0.02155, 0.03876, 0.05225, 0.01306, -0.007812, 0.00928, 0.0146, -0.01563, 0.004463, 0.01563, 0.01563, 0.02328, 0.02661, 0.03125, 0.02899, 0.007812, 0.007812, 0.01563, 0.01947, 0.0286, 0.01563, 0.02966, 0.04132, 0.02527, 0.03125, 0.0296, 0.02994, 0.03668, 0.03436, 0.03125, 0.01563, 0.0282, 0.0303, 0.01563, 0.05804, 0.0625, 0.03125, 0.02228, 0.03125, 0.05194, 0.03125, 0.03418, 0.0406, 0.01947, 0.01563, 0.03125, 0.0625, 0.0625, -0.0002037, 0.03253, 0.04425, 0.02277, 0.02234, 0.01563, 0.01563, 0.01563, 0.03125, 0.03156, 0.01563, 0.03125, 0.01563, 0.01563, -0.02188, 0.004166, 0.02612, 0.03125, 0.03125, 0.04437, 0.0478, 0.0495, 0.0625, 0.0625, 0.0625, 0.0625, 0.00483, -0.01846, -0.02423, -0.007812, 0.01697, -0.007812, 0.01563, 0.00903, 0.01563, 0.04535, 0.05542, 0.03125, 0.05475, 0.0779
0.05243, 0.01254, 0.04333, 0.0575, 0.03125, -0.007812, -0.006226, 0.03162, 0.01563, -0.0256, -0.01004, 0.002132, 0.01563, 0.03125, 0.03363, 0.01563, 0.01971, 0.03125, 0.03125, 0.01563, 0.01883, 0.03125, 0.0206, 0.02234, 0.02197, 0.02292, 0.02393, 0.02493, 0.01563, 0.01563, 0.02185, 0.02655, 0.007812, 0.01898, 0.04462, 0.0326, 0.02277, 0.02597, 0.03125, 0.03125, 0.02838, 0.03125, 0.03125, 0.03125, 0.03125, 0.01126, 0.01563, 0.0368, 0.0417, 0.01563, 0.02905, 0.04938, 0.04486, 0.0561, 0.05884, 0.03296, 0.02744, 0.01944, 0.02847, 0.01978, 0.01372, 0.01376, 0.01563, 0.014435, 0.01563, 0.01184, 0.01563, 0.02539, 0.03125, 0.04803, 0.01563, 0.03333, 0.0334, 0.03802, 0.03125, 0.01593, 0.03125, 0.03125, 0.05353, 0.0625, 0.0625, 0.0609, 0.0592, 0.0625, 0.0785, 0.04822, 0.04547, 0.02615, 0.03125, -0.004005, -0.01563, 0.003906, -0.0169, 0.01883, 0.0625, 0.04688, 0.0528, 0.03125, 0.03125, 0.05096
0.03125, 0.02075, 0.03943, 0.04578, -0.01563, -0.007812, 0.007812, 0.03125, 0.0299, 0.01563, 0.03125, 0.02786, 0.0465, 0.05176, 0.0539, 0.0415, 0.03595, 0.03125, 0.03418, 0.05084, 0.04626, 0.03125, 0.0267, 0.02747, 0.013794, 0.01543, 0.01563, 0.03125, 0.02893, 0.02545, 0.03442, 0.03125, 0.02145, 0.03125, 0.03687, 0.03674, 0.02301, 0.0198, 0.0357, 0.03455, 0.03125, 0.02985, 0.02805, 0.03125, 0.03125, 0.03015, 0.01804, 0.00553, 0.003906, 0.03094, 0.03125, 0.0256, 0.04785, 0.03125, 0.03125, 0.02097, 0.03125, 0.022, 0.01398, 0.00906, 0.01855, 0.03125, 0.01846, 0.007812, 0.01563, 0.011566, 0.01001, 0.007812, 0.02072, 0.0431, 0.03412, 0.04102, 0.05627, 0.0625, 0.03073, 0.03677, 0.03125, 0.02258, 0.03125, 0.03125, 0.03125, 0.01434, 0.005898, 0.03125, 0.0625, 0.06018, 0.03125, 0.02515, 0.0432, 0.0376, 0.01563, 0.02017, 0.02911, 0.03772, 0.04126, 0.03467, 0.0351, 0.01563, 0.007812, 0.02014
0.0234, 0.03125, 0.0456, 0.02322, 0.01563, -0.005974, 0.01563, 0.02213, 0.01169, 0.03125, 0.03827, 0.01563, 0.01563, 0.03125, 0.0475, 0.04138, 0.0382, 0.03125, 0.0442, 0.0537, 0.03998, 0.01996, 0.01898, 0.02032, 0.01563, 0.01102, 0.02768, 0.03394, 0.03125, 0.04913, 0.03442, 0.03827, 0.02643, 0.02759, 0.03125, 0.02652, 0.02557, 0.03125, 0.04596, 0.04266, 0.03802, 0.02563, 0.02448, 0.02707, 0.03125, 0.03125, 0.03125, 0.01563, 0.02164, 0.01563, 0.03125, 0.03125, 0.0537, 0.05347, 0.02765, 0.03125, 0.03125, 0.03125, 0.01886, 0.02917, 0.0398, 0.05182, 0.0311, 0.03125, 0.03125, 0.0297, 0.01563, 0.02649, 0.02548, 0.03125, 0.03473, 0.03967, 0.0489, 0.05603, 0.0523, 0.03296, 0.03998, 0.03125, 0.03125, 0.01563, 0.03125, 0.01563, 0.01547, 0.01563, 0.03125, 0.03528, 0.013275, 0.03125, 0.02899, 0.01682, 0.01596, 0.01563, 0.02203, 0.03125, 0.03125, 0.04382, 0.04596, 0.03802, 0.02866, 0.01666
0.0345, 0.0454, 0.0443, 0.03766, 0.02423, 0.03125, 0.018, 0.01941, 0.0169, 0.003906, 0.02881, 0.03125, 0.01563, 0.007812, 0.02658, 0.02448, 0.03116, 0.03125, 0.03577, 0.05194, 0.0504, 0.03125, 0.02255, 0.01791, 0.01633, 0.02371, 0.03125, 0.03125, 0.03125, 0.0329, 0.03613, 0.0542, 0.03125, 0.0235, 0.0292, 0.03125, 0.02084, 0.03125, 0.0379, 0.04364, 0.0517, 0.04852, 0.0231, 0.02933, 0.03125, 0.03125, 0.0173, 0.01563, 0.03125, 0.01563, 0.03125, 0.03644, 0.0428, 0.0418, 0.0374, 0.03125, 0.03125, 0.0348, 0.03253, 0.03125, 0.03125, 0.05164, 0.05176, 0.017, 0.02454, 0.02817, 0.02487, 0.02316, 0.01563, 0.03125, 0.037, 0.03125, 0.0465, 0.05463, 0.0401, 0.03125, 0.04535, 0.03125, 0.01563, 0.03125, 0.0421, 0.03125, 0.02286, 0.01563, 0.03125, 0.0228, 0.01233, 0.01445, 0.007812, 0.03125, 0.04297, 0.007812, 0.01563, 0.03125, 0.03125, 0.0362, 0.05048, 0.0504, 0.02829, 0.01859
0.05743, 0.04932, 0.0401, 0.03125, 0.03043, 0.03125, 0.03497, 0.03125, 0.02753, 0.0199, 0.007812, 0.03125, 0.02289, 0.03009, 0.03122, 0.03125, 0.03235, 0.01563, 0.03693, 0.04706, 0.0481, 0.0509, 0.03125, 0.02557, 0.03125, 0.01563, 0.03125, 0.0428, 0.0311, 0.03125, 0.03125, 0.04987, 0.03125, 0.02814, 0.03125, 0.03024, 0.03125, 0.03125, 0.0345, 0.05237, 0.05975, 0.04584, 0.047, 0.04608, 0.04065, 0.0278, 0.02707, 0.02658, 0.03036, 0.02606, 0.03125, 0.03186, 0.0448, 0.02386, 0.01584, 0.01797, 0.03424, 0.04388, 0.04236, 0.03375, 0.03638, 0.04242, 0.03717, 0.03125, 0.02435, 0.02841, 0.01563, 0.03992, 0.0504, 0.0454, 0.0501, 0.03125, 0.03827, 0.04382, 0.04688, 0.03125, 0.0384, 0.03125, 0.03125, 0.04584, 0.03998, 0.02838, 0.03125, 0.03125, 0.02615, 0.004227, -0.007935, 0.007812, 0.03125, 0.03125, 0.03882, 0.0188, 0.01563, 0.01563, 0.03125, 0.03125, 0.0385, 0.03125, 0.03125, 0.04926
0.0512, 0.03125, 0.01563, 0.01563, 0.02225, 0.03265, 0.0234, 0.02866, 0.03049, 0.03125, 0.01563, 0.01563, 0.03125, 0.03125, 0.0473, 0.02933, 0.03125, 0.02975, 0.04614, 0.0526, 0.05182, 0.0537, 0.03125, 0.01563, 0.01563, 0.03125, 0.03906, 0.03387, 0.04395, 0.03125, 0.04065, 0.03125, 0.02234, 0.03125, 0.03125, 0.03125, 0.03125, 0.02313, 0.02902, 0.04736, 0.05786, 0.04626, 0.05103, 0.07275, 0.03125, 0.03125, 0.02805, 0.02072, 0.03125, 0.01837, 0.02377, 0.03723, 0.0481, 0.0475, 0.03055, 0.03125, 0.04254, 0.03937, 0.05273, 0.05328, 0.04803, 0.03857, 0.03644, 0.03125, 0.02963, 0.03125, 0.02478, 0.04254, 0.0517, 0.057, 0.05963, 0.04553, 0.0451, 0.03125, 0.03766, 0.03125, 0.03125, 0.04474, 0.04645, 0.0407, 0.03314, 0.03125, 0.02972, 0.03125, 0.03125, 0.003906, 0.007812, 0.0187, 0.02377, 0.03125, 0.0393, 0.03125, 0.03125, 0.01804, 0.02783, 0.02835, 0.03125, 0.03125, 0.03406, 0.04053
0.03308, 0.02258, 0.01563, 0.01938, 0.03125, 0.03125, 0.01563, 0.01563, 0.02518, 0.03125, 0.0365, 0.03125, 0.02234, 0.03125, 0.04187, 0.03595, 0.02618, 0.02637, 0.03125, 0.04712, 0.04218, 0.05182, 0.03125, 0.010895, 0.007812, 0.02576, 0.04053, 0.04083, 0.04144, 0.03125, 0.02957, 0.03064, 0.01563, 0.012924, 0.02054, 0.03125, 0.03125, 0.03125, 0.0217, 0.03125, 0.03125, 0.03967, 0.05164, 0.06116, 0.03125, 0.03125, 0.03894, 0.03967, 0.03436, 0.02808, 0.02615, 0.03455, 0.049, 0.0479, 0.04504, 0.05298, 0.04547, 0.03613, 0.0553, 0.0553, 0.0451, 0.03125, 0.04144, 0.03668, 0.02533, 0.03125, 0.03516, 0.0564, 0.05762, 0.05804, 0.05804, 0.0625, 0.04486, 0.04858, 0.04364, 0.0409, 0.0459, 0.04926, 0.05536, 0.05774, 0.04987, 0.0465, 0.0421, 0.03125, 0.0257, 0.01804, 0.015305, 0.03125, 0.02371, 0.02405, 0.0467, 0.0545, 0.03125, 0.01563, 0.02533, 0.0275, 0.03125, 0.03125, 0.0346, 0.03125
0.04327, 0.03162, 0.02313, 0.02835, 0.02747, 0.03125, 0.02396, 0.0257, 0.03125, 0.05743, 0.05853, 0.04742, 0.03125, 0.03125, 0.05566, 0.04883, 0.02808, 0.03125, 0.01563, 0.03125, 0.03436, 0.04474, 0.02786, 0.02567, 0.01372, 0.01563, 0.0382, 0.0551, 0.0492, 0.03125, 0.03125, 0.03085, 0.03125, 0.03125, 0.03125, 0.03125, 0.03333, 0.03125, 0.01563, 0.0231, 0.03067, 0.04114, 0.04193, 0.05585, 0.02844, 0.01563, 0.02155, 0.02142, 0.04523, 0.0407, 0.03125, 0.03125, 0.04303, 0.03992, 0.03125, 0.02869, 0.0454, 0.03125, 0.03583, 0.04492, 0.03918, 0.03125, 0.02887, 0.03125, 0.02798, 0.03833, 0.03125, 0.0478, 0.04578, 0.05127, 0.0475, 0.04858, 0.03625, 0.03693, 0.04938, 0.04895, 0.0428, 0.04718, 0.04468, 0.03125, 0.04688, 0.0525, 0.04144, 0.03125, 0.02026, 0.0199, 0.02197, 0.03125, 0.01959, 0.0304, 0.0434, 0.0448, 0.03125, 0.02759, 0.03125, 0.0384, 0.04266, 0.03125, 0.03125, 0.03125
0.03186, 0.03125, 0.01563, 0.0206, 0.02591, 0.02313, 0.03125, 0.03125, 0.03125, 0.0415, 0.05585, 0.04712, 0.03125, 0.03125, 0.0625, 0.04047, 0.02542, 0.02542, 0.01834, 0.03125, 0.05267, 0.04657, 0.02618, 0.01563, 0.01883, 0.03644, 0.0468, 0.0625, 0.05493, 0.0467, 0.03125, 0.01563, 0.01563, 0.03125, 0.0279, 0.01563, 0.03125, 0.03125, 0.01563, 0.01259, 0.03125, 0.05804, 0.04095, 0.0481, 0.02444, 0.01563, 0.01563, 0.01563, 0.03125, 0.0504, 0.03125, 0.03125, 0.0321, 0.02661, 0.01563, 0.02179, 0.03314, 0.0188, 0.03125, 0.03125, 0.03473, 0.03888, 0.03918, 0.03735, 0.03125, 0.04163, 0.03125, 0.03125, 0.02719, 0.03125, 0.04352, 0.04572, 0.04504, 0.04346, 0.0492, 0.03918, 0.03125, 0.039, 0.02277, 0.0163, 0.03632, 0.04572, 0.03125, 0.03125, 0.0184, 0.02155, 0.017, 0.01666, 0.01563, 0.03125, 0.05365, 0.04193, 0.02591, 0.02853, 0.03125, 0.04364, 0.04395, 0.03418, 0.0338, 0.03125
0.03125, 0.01563, 0.01855, 0.00893, 0.01563, 0.01779, 0.01749, 0.02853, 0.03125, 0.03125, 0.04028, 0.0357, 0.01563, 0.003906, 0.03125, 0.03125, 0.0108, 0.01563, 0.02805, 0.03125, 0.03632, 0.03125, 0.02939, 0.02753, 0.03125, 0.0451, 0.04083, 0.0528, 0.05, 0.044, 0.04242, 0.01563, 0.01129, 0.01563, 0.03098, 0.03125, 0.01563, 0.02481, 0.02939, 0.01175, 0.02551, 0.0625, 0.06183, 0.0261, 0.01563, 0.015305, 0.01335, 0.0163, 0.03125, 0.03937, 0.03125, 0.02475, 0.02039, 0.0238, 0.01855, 0.03253, 0.03125, 0.02924, 0.01563, 0.01563, 0.01599, 0.03125, 0.03125, 0.04413, 0.04022, 0.0395, 0.03394, 0.01706, 0.02484, 0.03125, 0.04242, 0.03125, 0.03125, 0.03412, 0.04126, 0.02823, 0.03125, 0.03125, 0.01657, 0.01645, 0.03125, 0.03125, 0.03253, 0.03125, 0.03455, 0.03125, 0.01563, 0.007812, 0.01563, 0.04803, 0.0509, 0.03418, 0.01216, 0.01563, 0.03613, 0.0548, 0.03125, 0.01642, 0.03125, 0.02985
0.03125, 0.03125, 0.0216, 0.03125, 0.03125, 0.0285, 0.03125, 0.0338, 0.03125, 0.04657, 0.03125, 0.03125, 0.03125, 0.01563, 0.04852, 0.03125, 0.01563, 0.007812, 0.007812, 0.003906, 0.02475, 0.03125, 0.02808, 0.03125, 0.04797, 0.05682, 0.0407, 0.04517, 0.04785, 0.042, 0.03595, 0.00969, 0.008606, 0.01517, 0.02744, 0.04474, 0.03125, 0.03125, 0.02353, 0.01563, 0.02536, 0.05212, 0.03906, 0.02548, 0.01563, 0.01563, 0.007812, 0.01563, 0.02295, 0.02557, 0.03125, 0.0252, 0.01563, 0.01563, 0.02844, 0.02893, 0.02914, 0.02917, 0.03125, 0.01563, 0.01563, 0.02463, 0.03003, 0.04095, 0.0442, 0.04382, 0.0476, 0.03058, 0.03125, 0.02853, 0.02414, 0.03125, 0.03125, 0.03125, 0.02408, 0.02518, 0.0526, 0.0515, 0.01563, 0.00954, 0.0297, 0.03125, 0.03937, 0.0348, 0.04547, 0.0445, 0.03125, 0.01563, 0.02512, 0.04608, 0.05658, 0.05475, 0.03125, 0.03125, 0.05078, 0.03217, 0.01099, 0.01563, 0.03125, 0.03125
0.03955, 0.03125, 0.03125, 0.03125, 0.04852, 0.042, 0.04266, 0.04376, 0.04584, 0.05396, 0.03125, 0.02545, 0.04132, 0.03125, 0.05835, 0.0575, 0.03125, 0.02802, 0.01563, 0.007812, 0.01843, 0.03125, 0.03125, 0.0245, 0.03522, 0.05945, 0.05408, 0.04034, 0.03802, 0.05475, 0.05457, 0.03067, 0.01563, 0.01427, 0.03125, 0.0625, 0.05157, 0.0539, 0.03125, 0.014145, 0.02487, 0.03125, 0.03024, 0.03125, 0.03125, 0.02386, 0.017, 0.01468, 0.02863, 0.03125, 0.03125, 0.02802, 0.01993, 0.01563, 0.02814, 0.02832, 0.0267, 0.02435, 0.02148, 0.01563, 0.01563, 0.0396, 0.04303, 0.0454, 0.03143, 0.03265, 0.0406, 0.0465, 0.0429, 0.04474, 0.03125, 0.03125, 0.03125, 0.03125, 0.01563, 0.01846, 0.05212, 0.0456, 0.03125, 0.02386, 0.02966, 0.03125, 0.03455, 0.03333, 0.0274, 0.03125, 0.0307, 0.01868, 0.0345, 0.0376, 0.03125, 0.04333, 0.03748, 0.01563, 0.02832, 0.03046, 0.01563, 0.03125, 0.02795, 0.01563
0.03125, 0.03125, 0.03125, 0.02899, 0.04218, 0.04333, 0.04028, 0.0393, 0.02805, 0.03125, 0.01889, 0.039, 0.05292, 0.02798, 0.04114, 0.03125, 0.02762, 0.02899, 0.03125, 0.02493, 0.03125, 0.03644, 0.03125, 0.03125, 0.03012, 0.04358, 0.05255, 0.04285, 0.03125, 0.03125, 0.04602, 0.03125, 0.02707, 0.03162, 0.03119, 0.036, 0.0558, 0.04578, 0.018, 0.007812, 0.0232, 0.04108, 0.02573, 0.03125, 0.0321, 0.03125, 0.022, 0.03125, 0.0423, 0.03766, 0.03125, 0.02228, 0.01563, 0.00859, 0.0292, 0.03125, 0.02185, 0.03125, 0.0311, 0.02829, 0.03125, 0.0396, 0.04535, 0.02127, 0.02539, 0.03125, 0.03125, 0.03125, 0.04675, 0.04663, 0.03125, 0.0385, 0.03125, 0.0434, 0.03442, 0.03125, 0.03754, 0.03125, 0.03125, 0.02203, 0.02551, 0.03116, 0.03125, 0.02866, 0.02182, 0.02017, 0.01794, 0.0311, 0.03125, 0.01666, 0.03424, 0.03125, 0.03107, 0.010086, 0.01042, 0.007812, 0.01117, 0.01563, 0.02441, 0.01563
0.01076, 0.02222, 0.01563, 0.02502, 0.03125, 0.02652, 0.01563, 0.01563, 0.01999, 0.03125, 0.02493, 0.03912, 0.0443, 0.02966, 0.034, 0.03125, 0.03278, 0.03079, 0.03125, 0.02618, 0.0228, 0.04755, 0.0415, 0.03033, 0.03577, 0.0359, 0.03467, 0.01563, 0.03125, 0.03036, 0.03125, 0.02979, 0.02545, 0.03125, 0.03125, 0.02917, 0.03864, 0.0473, 0.01563, 0.01146, 0.0202, 0.04657, 0.03125, 0.02844, 0.03049, -0.01563, 0.02188, 0.03125, 0.02765, 0.04388, 0.01968, 0.01563, 0.0105, 0.003906, 0.01868, 0.03125, 0.03125, 0.04742, 0.04547, 0.03442, 0.03125, 0.0275, 0.01563, 0.004013, 0.02197, 0.0542, 0.04492, 0.03125, 0.03986, 0.04895, 0.03125, 0.04596, 0.04327, 0.04297, 0.04352, 0.05164, 0.04657, 0.03125, 0.02545, 0.02383, 0.02295, 0.03125, 0.03125, 0.03125, 0.02563, 0.01563, 0.01563, 0.026, 0.03125, 0.0261, 0.02914, 0.03125, 0.007812, -0.0008154, 0.007812, 0.007812, 0.007812, 0.01141, 0.01563, 0.007812
0.04108, 0.03125, 0.00405, 0.007675, 0.01563, 0.01184, 0.01563, 0.0107, 0.02094, 0.02255, 0.01773, 0.012146, 0.02936, 0.03125, 0.03125, 0.03125, 0.03125, 0.02942, 0.03125, 0.03125, 0.01996, 0.03125, 0.02985, 0.02039, 0.01563, 0.03125, 0.03125, 0.01236, 0.01563, 0.007812, 0.01752, -0.01315, 0.010925, 0.0404, 0.03308, 0.03043, 0.03796, 0.04364, 0.03326, 0.02332, 0.01563, 0.0617, 0.06226, 0.0625, 0.03125, -0.007812, 0.03125, 0.03125, 0.03223, 0.01103, 0.007133, 0.009415, 0.007812, 0.007812, 0.014206, 0.0227, 0.01563, 0.03125, 0.03125, 0.02213, 0.00955, 0.0206, 0.01563, 0.03125, 0.0492, 0.06012, 0.04346, 0.02936, 0.03473, 0.0625, 0.04895, 0.04138, 0.03265, 0.0525, 0.04498, 0.04346, 0.04248, 0.03125, 0.02313, 0.00818, 0.007812, 0.03125, 0.03018, 0.03125, 0.01563, -0.003906, -0.00641, 0.03125, 0.026, 0.01743, 0.00724, 0.01563, 0.003906, -0.001324, 0.02658, 0.03125, 0.03125, 0.03302, 0.04193, 0.04187
0.0625, 0.05945, 0.05072, 0.007996, 0.02615, 0.02603, 0.02335, 0.02151, 0.03125, 0.03125, 0.01468, 0.01563, 0.01563, 0.03125, 0.03876, 0.02478, 0.03125, 0.02762, 0.01189, 0.04047, 0.03815, 0.03125, 0.03485, 0.0238, 0.0187, 0.01563, 0.02243, 0.007812, 0.004547, 0.03125, 0.01563, -0.004204, 0.0206, 0.0404, 0.03125, 0.02658, 0.03284, 0.03125, 0.03125, 0.01239, 0.01563, 0.02286, 0.04102, 0.0625, 0.0625, 0.04962, 0.03125, 0.03125, 0.02542, 0.01563, 0.007812, 0.01563, 0.01112, 0.01563, -0.00708, 0.007812, -0.01022, 0.02783, 0.02106, 0.01563, 0.01563, 0.003174, 0.03125, 0.0468, 0.03564, 0.04657, 0.05096, 0.0625, 0.0658, 0.06604, 0.0625, 0.03754, 0.03125, 0.055, 0.04126, 0.03125, 0.0459, 0.03125, 0.01563, 0.01779, 0.01563, 0.02417, 0.02078, 0.01563, -0.00862, -0.0187, -0.007812, 0.03125, 0.0188, 0.01563, 0.009476, 0.007812, 0.007812, -0.009, 0.00418, 0.0501, 0.0625, 0.0625, 0.0625, 0.062
0.05267, 0.03967, 0.0578, 0.05725, 0.04437, 0.03125, 0.02155, 0.03625, 0.0625, 0.04755, 0.014755, 0.005478, -0.0159, -0.006203, 0.03125, 0.01563, 0.009674, 0.01563, 0.01563, 0.02252, 0.05676, 0.03125, 0.03723, 0.03125, 0.03113, 0.02264, 0.01746, 0.007812, 0.01776, 0.02768, 0.02585, 0.01889, 0.03125, 0.03412, 0.03125, 0.03125, 0.03125, 0.01563, 0.01563, 0.01563, -0.004128, 0.01706, 0.007812, 0.049, 0.04968, 0.03125, 0.007812, 0.02304, 0.02887, 0.00932, -0.02036, 0.03125, 0.04016, 0.03125, 0.03125, 0.01563, 0.003826, 0.01228, -0.03125, -0.004204, 0.02695, 0.01563, 0.01448, 0.0121, 0.04095, 0.0401, 0.0431, 0.03125, 0.0625, 0.05817, 0.0625, 0.04462, 0.02374, 0.04962, 0.0432, 0.02707, 0.04492, 0.02206, 0.01563, 0.01563, 0.0371, 0.02338, 0.02258, 0.03125, 0.01953, 0.01563, 0.02728, 0.0329, 0.01563, 0.02249, 0.00946, 0.007812, 0.002823, -0.01563, 0.007812, 0.0384, 0.0625, 0.05804, 0.0531, 0.05865
0.01459, 0.01563, 0.03125, 0.0465, 0.04712, 0.0426, 0.03125, 0.03662, 0.0625, 0.02905, 0.007812, -0.01563, -0.01584, -0.02966, -0.03125, -0.01993, -0.003906, 0.01563, 0.01563, 0.007812, 0.05914, 0.0324, -0.007812, 0.01672, 0.0297, 0.01563, -0.007812, -0.02097, 0.007812, 0.02634, 0.03125, 0.02393, 0.02158, 0.03125, 0.02759, 0.01965, 0.03125, 0.01563, 0.01091, 0.01938, 0.007812, -0.003906, -0.00267, 0.009094, 0.001953, -0.02176, -0.0285, 0.00392, 0.03125, 0.02313, 0.01563, 0.01563, 0.01497, 0.02362, 0.03125, 0.002632, -0.001646, -0.02246, -0.01563, 0.007812, 0.04065, 0.01764, -0.01563, 0.03125, 0.0625, 0.04907, 0.03125, 0.03125, 0.0556, 0.0625, 0.0415, 0.04242, 0.02658, 0.0081, 0.0625, 0.05786, 0.04358, 0.02869, 0.0209, 0.007812, 0.001255, -0.006832, 0.002768, 0.03125, 0.02707, 0.01563, 0.03125, 0.03125, 0.01822, 0.02835, 0.01642, 0.01563, 0.00931, -0.00336, 0.02567, 0.04425, 0.03125, 0.03125, 0.03125, 0.01563
0.01367, 0.01563, 0.04236, 0.04407, 0.03125, 0.01387, 0.00899, 0.01563, 0.01703, 0.015396, -0.01224, -0.01947, -0.02612, -0.03125, -0.02054, -0.01563, 0.00986, 0.0625, 0.05487, 0.03296, 0.03125, 0.01164, 0.012924, 0.01578, 0.01088, -0.01213, -0.01563, -0.03125, -0.03125, 0.01752, 0.03125, 0.03125, 0.01563, 0.02509, 0.02689, 0.02106, 0.022, 0.01227, 0.004303, 0.02559, 0.02426, -0.01007, 2.86e-6, -0.01218, -0.007698, -0.003906, -0.01228, 0.00865, 0.007812, 0.007812, -0.006523, -0.013214, -0.01563, -0.01563, 0.003906, -0.003906, -0.003906, 0.00628, 0.03125, 0.03125, 0.05682, 0.0381, 0.01837, 0.04865, 0.0625, 0.0625, 0.04932, 0.0324, 0.03125, 0.03125, 0.03125, 0.02374, -0.01563, 0.0169, 0.0625, 0.03125, 0.02313, 0.01563, 0.005844, 0.003906, 0.007683, 0.02328, 0.01999, 0.0146, 0.01563, 0.01563, 0.02759, 0.007812, 0.02795, 0.03125, 0.01563, 0.003422, -0.007812, -0.02252, 0.004517, 0.03125, 0.01587, 0.03192, -0.00317, 0.0171
0.014435, -0.00422, 0.01563, 0.02795, 0.0082, 0.01563, 0.01563, 0.012436, 0.007812, -0.00964, -0.00864, -0.01563, 0.013855, 0.007812, 0.01563, 0.01563, 0.0187, 0.01563, 0.01563, 0.01563, 0.007812, 0.01563, -0.01663, -0.01563, -0.02762, -0.03125, -0.00894, -0.00502, 0.01563, 0.01563, 0.01596, 0.03125, 0.01563, 0.00983, 0.02692, 0.03027, 0.02591, 0.01563, 0.003153, 0.01453, -0.01563, 0.0195, 0.03125, 0.04462, 0.02121, 0.01941, 0.01825, 0.01563, -0.0003448, -0.03125, -0.02856, -0.03125, -0.01563, -0.0349, -0.03125, -0.01901, 0.01563, 0.0625, 0.0514, 0.0279, 0.02347, 0.03125, 0.01563, 0.01563, 0.05963, 0.05615, 0.03125, 0.03125, 0.03125, 0.02429, 0.00848, 0.003595, -0.01678, -0.001375, 0.0625, 0.03125, 0.02649, 0.03125, 0.02863, 0.01929, 0.007812, 0.03668, 0.0606, 0.02626, 0.03125, 0.03125, 0.02563, 0.01563, -0.003906, -0.001953, -0.01563, 0.01563, 0.03125, 0.0232, 0.02823, 0.0464, 0.0261, 0.01764, -0.001387, 0.00635
0.02054, -0.00773, -0.007935, -0.007812, 0.03394, 0.04675, 0.03125, 0.00853, -0.007812, 0.01563, 0.007812, 0.01259, 0.03125, 0.01563, 0.0362, 0.03125, 0.01163, 0.03125, 0.007812, 0.0105, 0.007812, 0.01547, -0.03125, -0.03125, -0.03125, -0.01761, 0.01466, 0.03125, 0.00853, -0.007812, 0.01563, 0.0326, 0.03125, 0.00275, 0.0047, 0.03674, 0.0453, 0.03125, -0.00734, 0.0348, 0.0185, 0.02109, 0.0177, 0.0625, 0.04395, 0.02167, 0.012314, 0.007812, 0.01563, -0.007812, -0.02194, -0.03125, -0.04877, -0.01804, 0.00896, -0.00935, 0.03125, 0.03125, 0.03125, 0.03125, 0.01743, 0.03125, 0.007812, 0.01563, 0.02853, 0.01563, 0.01563, 0.03125, 0.03442, 0.0429, 0.03125, 0.03125, 0.01971, 0.04663, 0.0417, 0.0631, 0.05756, 0.0594, 0.03125, 0.02429, -0.01627, 0.01563, 0.0625, 0.01563, 0.03125, 0.02231, 0.01563, 0.003906, 0.01563, 0.007812, -0.00489, 0.03125, 0.0625, 0.0625, 0.0586, 0.03772, 0.01563, -0.01358, 0.02269, 0.01563
0.01563, 0.00998, -0.01563, -0.007812, 0.01563, 0.02994, 0.02078, -0.01563, 0.01563, 0.03125, 0.01222, 0.02768, 0.03125, 0.02292, 0.02881, 0.03125, 0.01563, 0.03125, 0.01563, 0.01938, 0.002132, 0.01563, -0.0221, -0.01654, -0.007812, -0.02432, -0.006096, 0.0423, 0.01439, -0.007812, -0.01563, 0.03125, 0.01103, 0.02905, -0.01785, 0.02155, 0.03485, 0.02951, -0.01563, 0.01129, 0.03265, 0.02032, -0.004944, 0.06183, 0.04913, 0.03125, -0.006767, -0.01563, 0.02985, 0.02924, 0.01033, -0.02414, -0.03125, 0.01563, 0.0625, 0.03583, 0.03125, 0.01563, 0.01563, 0.01563, 0.003906, -0.0365, 0.01563, 0.02475, 0.03864, 0.03125, 0.02234, 0.01703, 0.0214, 0.05432, 0.03125, 0.01563, -0.00827, 0.03265, 0.03125, 0.0625, 0.0735, 0.03735, 0.01184, 0.02063, 0.003813, -0.01572, 0.01563, 0.01201, 0.01752, 0.03125, 0.0292, 0.03125, 0.02325, 0.01563, -0.01563, 0.03125, 0.03674, 0.03125, 0.04004, 0.01627, 0.005753, -0.01563, -0.01563, -0.007812
0.01488, 0.02054, 0.009735, 0.02034, 0.02805, 0.03125, 0.01563, 0.011566, 0.013, 0.01563, 0.007812, 0.0504, 0.03125, 0.03125, 0.02872, 0.008514, -0.01563, 0.007812, -0.01563, -0.02618, -0.02402, -0.03125, -0.03125, -0.03552, -0.01563, -0.02649, 0.01509, 0.05432, 0.01563, -0.013916, -0.03125, -0.003906, 0.00807, 0.01563, 0.0172, -0.01497, 0.03125, 0.003763, -0.02667, -0.015144, 0.02399, 0.01959, -0.004875, 0.01297, -0.008026, -0.01563, -0.04742, -0.02118, 0.03125, 0.03125, -0.02591, -0.0536, -0.0625, 0.02731, 0.0625, 0.0625, 0.05115, 0.01993, -0.01563, -0.01971, -0.03125, -0.01918, -0.04144, 0.003422, 0.03125, 0.0264, -0.02634, -0.03125, 0.003836, 0.03473, 0.03522, -0.004314, -0.01117, 0.01301, -0.00804, 0.00834, 0.0625, 0.05286, 0.03125, 0.01608, 0.007812, -0.0108, 0.0138, 0.0181, 0.04138, 0.0476, 0.05774, 0.0625, 0.06097, 0.05988, 0.013885, 0.04742, 0.03125, 0.007812, -0.00755, -0.005707, -0.003906, -0.01563, -0.02084, -0.0257
0.01563, 0.01797, 0.02652, 0.01563, 0.01563, 0.007812, 0.02228, 0.01318, -0.01563, -0.0216, 0.03125, 0.0908, 0.05157, 0.01987, 0.01563, -0.03125, -0.03125, 0.01563, -0.0105, -0.013336, -0.003906, -0.01563, -0.01563, -0.01575, -0.01563, -0.03125, 0.03079, 0.0228, -0.00349, -0.02954, -0.04156, -0.03125, -0.01563, -0.001953, -0.01563, 0.001401, 0.002459, 0.00676, 0.00953, 0.0008273, -0.01563, 0.007812, -0.00114, -0.01831, -0.03125, -0.03125, -0.05383, -0.01563, 0.007812, -0.01563, -0.02545, -0.0606, -0.0625, -0.007812, 0.04193, 0.05273, 0.03302, 0.009186, -0.02188, -0.01733, -0.03278, -0.06024, -0.0625, -0.0368, 0.00981, -0.003094, -0.02948, -0.02432, 0.001847, 0.03125, 0.0184, 0.007595, -0.001067, 0.007812, -0.00444, 0.011795, 0.0478, 0.03125, 0.03113, 0.01563, 0.01563, 0.01033, -0.01773, 0.01563, 0.03125, 0.03125, 0.03235, 0.01563, 0.03125, 0.05627, 0.05945, 0.0417, 0.03125, 0.007698, 0.00969, 0.007812, 0.01294, -0.03125, -0.04224, -0.01944
0.03503, 0.0003612, 0.01563, -0.01384, -0.03577, -0.02206, -0.01648, 0.01563, -0.003597, -0.02432, 0.01559, 0.0625, 0.03278, 0.0203, -0.007812, -0.05756, -0.02808, 0.03864, 0.01563, 0.01563, 0.02875, 0.0214, -0.02374, -0.02148, -0.03125, -0.03125, 0.02405, 0.03125, -0.003906, -0.0143, -0.01563, -0.01721, -0.004906, -0.02994, -0.02109, -0.001385, 0.00494, 0.02286, 0.000977, 0.01563, 0.01563, 0.03125, 0.03125, 0.01563, 0.010895, 0.013466, -0.03125, -0.02716, -0.0177, -0.03125, -0.05353, -0.04987, -0.04608, -0.01563, 0.03125, 0.03125, 0.003906, -0.02148, -0.02664, -0.01837, -0.0625, -0.0625, -0.0625, -0.02983, 0.03265, 0.01428, 0.006668, 0.01008, 0.03125, 0.03125, 0.00844, -0.001939, 0.01764, 0.005684, -0.003063, -0.007404, 0.03125, 0.02011, 0.0232, 0.01563, 0.01563, 0.03119, 0.01563, 0.01563, 0.03125, 0.03125, -0.005775, -0.01563, 0.007812, 0.03125, 0.0481, 0.04224, 0.01563, -0.009, -0.01271, -0.03125, -0.00925, -0.03125, -0.0442, -0.0329
-0.02225, -0.007812, -0.007812, -0.00641, -0.006832, 0.00923, 0.03125, 0.0253, 0.007812, 0.00356, 0.01563, 0.003757, 0.00952, 0.0008564, 0.000977, -0.0289, -0.0132, 0.01825, 0.001642, -0.009094, 0.03105, 0.0188, -0.003544, -0.005733, -0.0625, -0.0625, -0.02362, -0.01563, -0.007812, 0.003773, -0.01563, -0.03125, -0.01563, -0.014755, -0.0338, -0.03125, 0.01563, 0.05212, 0.022, 0.05322, 0.03125, 0.03125, 0.0478, 0.037, 0.01563, -0.0141, 0.01563, 0.01563, 0.007042, -0.01042, -0.03125, -0.03125, -0.03693, -0.03125, 0.01563, 0.03125, 0.03125, 0.01779, -0.03125, -0.03125, -0.06146, -0.0625, -0.0509, -0.01923, 0.014755, 0.01373, 0.01611, -0.0002352, -0.0006433, -0.02008, -0.01563, -0.01663, 0.02478, -0.000884, -0.003792, -0.009254, 0.013336, -0.03125, -0.03552, 0.01039, 0.02588, 0.02774, 0.02325, 0.011505, -0.03125, -0.01135, 0.01563, -0.03125, -0.00847, 0.01831, 0.0216, 0.01563, 0.01563, 0.009094, -0.003906, -0.02255, 0.007812, -0.01907, -0.02185, -0.03125
0.01563, 0.01563, -0.00441, -0.0418, -0.01321, -0.02844, 0.007812, 0.03265, 0.012726, -0.01627, -0.04053, -0.0261, -0.001953, -0.0311, -0.01563, -0.00689, -0.01563, -0.03003, 0.01563, -0.03125, -0.02972, 0.01785, 0.00789, -0.007812, -0.03125, -0.0625, -0.04742, -0.04083, 0.004547, 0.04333, 0.02808, 0.01965, -0.0252, -0.03009, -0.03778, -0.04065, -0.02008, -0.01624, 0.02869, 0.0271, 0.03125, 0.01959, 0.05804, 0.0393, -0.007484, -0.03125, 0.00865, 0.00992, 0.01247, 0.0286, -0.01563, -0.01712, -0.03125, -0.03125, -0.03125, -0.01563, -0.004982, 0.01563, -0.007812, -0.01563, -0.03125, -0.03125, -0.03802, -0.01511, -0.001623, 0.0296, 0.02277, 0.01563, 0.00971, 0.0006847, -0.011696, -0.01672, 0.004097, 0.00806, -0.03802, -0.03894, -0.01563, -0.03125, -0.03125, 0.00876, 0.0097, 0.00472, -0.01323, -0.01387, -0.01752, -0.017, -0.00561, -0.00865, -0.01706, -0.01563, -0.008514, 0.02899, 0.02856, 0.01221, -0.01563, 0.002758, 0.02698, 0.01944, 0.01563, 0.01563
-0.00431, -0.007812, -0.02414, -0.0625, -0.0514, -0.04187, -0.04657, -0.03876, -0.05334, -0.01859, -0.03125, -0.02927, 0.013626, 0.001941, -0.01259, -0.012375, -0.015144, -0.0504, -0.0625, -0.04504, -0.03125, -0.00734, 0.01563, -0.02002, -0.01947, -0.007812, -0.03125, -0.03125, 0.03125, 0.03345, 0.01563, -0.010704, -0.01563, -0.0261, -0.0462, -0.0625, -0.03882, -0.02118, -0.013794, 0.01563, 0.0327, 0.02454, 0.0395, 0.0489, -0.007812, -0.0625, -0.01563, 0.0221, 0.0264, 0.01007, -0.003372, -0.014694, -0.03076, -0.03125, -0.02728, -0.01962, -0.03558, -0.0169, -0.02899, -0.02802, -0.02637, -0.0348, -0.03125, -0.0187, 0.02231, 0.03125, 0.03973, 0.03125, 0.01563, -0.02353, -0.03125, -0.01525, 0.02109, 0.002207, -0.01999, -0.02837, -0.04333, -0.01563, 0.01376, 0.02261, 0.01563, 0.01721, 0.03125, 0.03125, 0.03125, 0.01874, 0.02286, -0.01749, -0.0252, -0.01563, -0.02371, -0.01563, -0.01563, -0.02472, -0.03125, -0.003906, 0.01563, -0.04626, -0.02643, -0.01563
-0.01563, -0.01645, -0.03125, -0.06183, -0.0625, -0.03125, -0.03125, -0.03125, -0.05078, -0.0625, -0.05188, -0.0625, -0.01733, 0.03046, 0.0221, 0.02795, 0.04105, 0.02725, -0.01147, -0.02426, -0.003105, -0.004185, 0.007812, -0.0143, -0.00925, -0.01727, -0.03125, -0.01663, 0.01563, 0.02124, -0.007812, 0.001315, 0.01563, 0.006874, -0.00894, -0.02852, -0.03125, -0.03125, -0.03125, -0.01563, -0.01563, -0.01563, -0.005596, 0.007812, -0.022, -0.03125, 0.01272, 0.01563, -0.02228, -0.03265, -0.01563, -0.005302, -0.02036, -0.03125, -0.007812, -0.02892, -0.04266, -0.03125, -0.03125, -0.02875, -0.03802, -0.04333, -0.04755, -0.02032, 0.03125, 0.01563, 0.03125, 0.03766, 0.02277, -0.02145, -0.01907, -0.03125, -0.03125, -0.03375, -0.0431, -0.03125, -0.01935, -0.03125, -0.006866, -0.03125, 0.03125, 0.03125, 0.014114, -0.008865, 0.02005, -0.00842, -0.03125, -0.03125, -0.07153, -0.0421, -0.05182, -0.03583, -0.03125, -0.03125, -0.0359, -0.0184, -0.03125, -0.03006, -0.0195, -0.01563
-0.0357, -0.01944, -0.03125, -0.0428, -0.05713, -0.03125, -0.02673, -0.03125, -0.04962, -0.0625, -0.0625, -0.03174, 0.007812, 0.007812, 0.03125, 0.00476, -0.01563, -0.03125, -0.0373, -0.03125, -0.04236, 0.01761, -0.01938, -0.03125, -0.0184, -0.01465, -0.03125, -0.03156, -0.03125, -0.007713, -0.01563, 0.002253, -0.007812, -0.03125, -0.01563, -0.004715, -0.01563, -0.07117, -0.0625, -0.01978, -0.010315, -0.03638, -0.03125, -0.01563, -0.01563, -0.01767, -0.00809, -0.02643, -0.03284, -0.0509, -0.0551, -0.02026, -0.03125, -0.0267, -0.03894, -0.03125, -0.0625, -0.0625, -0.04053, -0.0625, -0.04303, -0.05243, -0.0625, -0.02469, -0.02066, -0.01712, -0.02512, -0.01563, -0.03674, -0.0432, -0.01563, -0.03125, -0.0625, -0.03674, -0.0625, -0.0736, -0.05145, -0.01563, -0.0217, -0.03125, -0.01563, 0.01563, 0.01401, -0.01563, -0.0625, -0.03125, -0.03125, -0.0625, -0.0657, -0.0625, -0.0625, -0.06226, -0.02933, -0.04083, -0.03125, -0.03003, -0.03091, -0.0002248, 0.01126, -0.03125
-0.0625, -0.0625, -0.0625, -0.0509, -0.05786, -0.039, -0.0407, -0.04944, -0.05365, -0.03455, -0.03125, -0.02261, -0.01335, -0.0614, 0.010025, -0.0625, -0.0625, -0.0531, -0.09546, -0.05878, -0.0559, -0.02365, -0.03125, -0.03125, -0.0547, -0.0548, -0.03125, -0.0658, -0.04718, -0.04266, -0.01563, -0.02817, -0.03082, -0.0464, -0.04828, -0.01563, -0.007812, -0.0401, -0.05988, -0.04932, -0.02655, -0.03125, -0.01805, 0.01785, -0.03125, -0.03125, -0.0418, -0.04987, -0.0468, -0.04102, -0.05743, -0.04675, -0.03833, -0.04138, -0.0351, -0.0625, -0.0617, -0.0556, -0.04462, -0.0589, -0.05463, -0.0625, -0.0625, -0.0398, -0.02786, -0.03436, -0.0625, -0.03424, -0.06238, -0.0625, -0.03125, -0.0625, -0.074, -0.0735, -0.06726, -0.08154, -0.07825, -0.0522, -0.03125, -0.0583, -0.04688, -0.01563, -0.03055, -0.0415, -0.0598, -0.05804, -0.05792, -0.06128, -0.03394, -0.01993, -0.03143, -0.01663, -0.01563, -0.03125, -0.04443, -0.03006, -0.03125, -0.03125, -0.02106, -0.03125
-0.0912, -0.06433, -0.0625, -0.0609, -0.05988, -0.0625, -0.0625, -0.07117, -0.0625, -0.03125, -0.01563, -0.01825, -0.03125, -0.0719, -0.08594, -0.0995, -0.07983, -0.10425, -0.1107, -0.0741, -0.06207, -0.0625, -0.0625, -0.0625, -0.08386, -0.07104, -0.0676, -0.1012, -0.06885, -0.0768, -0.04663, -0.05682, -0.03314, -0.04742, -0.03223, -0.03125, -0.01563, -0.02243, -0.0359, -0.05487, -0.0625, -0.0625, -0.02832, -0.01172, -0.0625, -0.06073, -0.0625, -0.0512, -0.04852, -0.03125, -0.07007, -0.0625, -0.0625, -0.067, -0.04944, -0.0625, -0.03125, -0.03125, -0.06018, -0.06665, -0.08154, -0.09656, -0.08875, -0.04944, -0.03333, -0.06396, -0.08545, -0.0842, -0.0884, -0.0751, -0.0814, -0.0742, -0.0846, -0.0896, -0.0747, -0.08435, -0.1002, -0.0625, -0.05127, -0.0763, -0.0873, -0.03943, -0.0625, -0.047, -0.0823, -0.0769, -0.06097, -0.04474, -0.04083, 0.01251, -0.03125, -0.0382, -0.015594, -0.0597, -0.0625, -0.0564, -0.03125, -0.0536, -0.0625, -0.0886
-0.125, -0.08167, -0.0918, -0.0963, -0.0902, -0.0825, -0.094, -0.09436, -0.08923, -0.0856, -0.09875, -0.0863, -0.125, -0.1543, -0.1433, -0.125, -0.1127, -0.125, -0.125, -0.125, -0.125, -0.125, -0.121, -0.1188, -0.1157, -0.125, -0.10583, -0.125, -0.125, -0.125, -0.125, -0.125, -0.1134, -0.0951, -0.08655, -0.0807, -0.07776, -0.07495, -0.0818, -0.10315, -0.0902, -0.08435, -0.0625, -0.06714, -0.125, -0.11597, -0.125, -0.125, -0.09973, -0.1138, -0.1207, -0.125, -0.1072, -0.115, -0.125, -0.125, -0.0974, -0.0934, -0.109, -0.1218, -0.134, -0.145, -0.125, -0.1116, -0.125, -0.11975, -0.125, -0.125, -0.125, -0.11633, -0.1355, -0.1404, -0.12274, -0.125, -0.125, -0.125, -0.125, -0.125, -0.1124, -0.125, -0.125, -0.1124, -0.125, -0.12256, -0.125, -0.125, -0.1144, -0.0625, -0.0625, -0.0625, -0.0625, -0.09973, -0.125, -0.125, -0.1167, -0.125, -0.1196, -0.1113, -0.11194, -0.125
