5.04, 5.48, 5.66, 5.65, 5.562, 5.414, 5.195, 4.94, 4.727, 4.598, 4.47, 4.41, 4.5, 4.633, 4.797, 4.977, 5.13, 5.207, 5.242, 5.254, 5.273, 5.26, 5.207, 5.156, 5.04, 4.887, 4.727, 4.53, 4.375, 4.23, 4.164, 4.15, 4.227, 4.316, 4.48, 4.688, 4.844, 4.945, 4.977, 4.965, 4.965, 4.945, 4.9, 4.8, 4.617, 4.39, 4.18, 3.879, 3.445, 2.967, 2.527, 2.223, 2.146, 2.178, 2.336, 2.621, 2.918, 3.062, 3.258, 3.4, 3.46, 3.566, 3.719, 3.809, 3.924, 4.023, 4.098, 4.098, 4.18, 4.195, 4.273, 4.32, 4.33, 4.375, 4.41, 4.42, 4.535, 4.64, 4.742, 4.867, 4.867, 4.895, 4.89, 4.93, 5.03, 4.977, 5.023, 5.074, 5.08, 5.01, 4.93, 4.734, 4.4, 4.055, 3.69, 3.488, 3.396, 3.395, 3.703, 4.355
4.047, 5.414, 5.914, 5.92, 5.754, 5.367, 4.74, 4.008, 3.242, 2.807, 2.488, 2.426, 2.738, 3.238, 3.836, 4.406, 4.875, 5.164, 5.363, 5.49, 5.53, 5.508, 5.438, 5.254, 4.945, 4.5, 4.03, 3.527, 3.023, 2.625, 2.426, 2.447, 2.746, 3.215, 3.762, 4.297, 4.695, 5.004, 5.18, 5.242, 5.305, 5.285, 5.17, 4.867, 4.414, 3.938, 3.31, 2.44, 1.429, 0.3164, -0.722, -1.308, -1.438, -1.2, -0.721, -0.03708, 0.642, 1.12, 1.519, 1.927, 2.234, 2.5, 2.848, 3.137, 3.42, 3.637, 3.799, 3.936, 4.07, 4.227, 4.348, 4.438, 4.47, 4.504, 4.637, 4.773, 5.016, 5.44, 5.81, 6.047, 6.234, 6.168, 6.2, 6.203, 6.215, 6.11, 6.047, 5.906, 5.613, 5.207, 4.71, 3.922, 2.94, 1.812, 0.778, 0.05176, -0.376, -0.3672, 0.405, 2.102
2.193, 3.975, 4.766, 4.883, 4.703, 4.25, 3.41, 2.441, 1.46, 0.7217, 0.2717, 0.1652, 0.5596, 1.235, 2.068, 2.832, 3.473, 3.934, 4.21, 4.42, 4.49, 4.496, 4.39, 4.18, 3.766, 3.217, 2.645, 1.913, 1.228, 0.7056, 0.4187, 0.421, 0.7847, 1.396, 2.178, 2.898, 3.418, 3.793, 4.023, 4.14, 4.242, 4.28, 4.15, 3.82, 3.34, 2.762, 1.874, 0.7524, -0.5366, -1.897, -3.049, -3.611, -3.715, -3.508, -2.934, -2.14, -1.42, -0.8076, -0.381, 0.04956, 0.45, 0.8345, 1.256, 1.604, 1.889, 2.152, 2.408, 2.633, 2.812, 2.95, 3.082, 3.219, 3.387, 3.527, 3.723, 4.016, 4.5, 5.17, 5.766, 6.14, 6.33, 6.375, 6.3, 6.15, 6.027, 5.824, 5.57, 5.242, 4.773, 4.227, 3.516, 2.5, 1.221, -0.1559, -1.429, -2.352, -2.879, -2.871, -2.031, -0.1179
1.031, 2.498, 3.258, 3.455, 3.338, 2.926, 2.168, 1.224, 0.3076, -0.499, -1.0, -1.092, -0.7505, -0.1342, 0.6157, 1.315, 1.896, 2.375, 2.666, 2.902, 3.016, 3.078, 3.012, 2.875, 2.535, 2.102, 1.525, 0.777, 0.08276, -0.415, -0.7007, -0.6904, -0.3987, 0.1444, 0.853, 1.511, 1.999, 2.285, 2.535, 2.688, 2.826, 2.879, 2.848, 2.691, 2.328, 1.774, 0.7964, -0.3967, -1.64, -2.662, -3.309, -3.59, -3.594, -3.492, -3.207, -2.75, -2.266, -1.818, -1.4795, -1.123, -0.7466, -0.3467, 0.01857, 0.303, 0.521, 0.746, 1.033, 1.274, 1.455, 1.58, 1.679, 1.799, 2.02, 2.291, 2.58, 3.021, 3.637, 4.344, 4.984, 5.406, 5.586, 5.57, 5.438, 5.195, 4.9, 4.594, 4.28, 3.953, 3.56, 3.062, 2.363, 1.389, 0.1906, -1.019, -2.037, -2.621, -2.906, -2.89, -2.223, -0.73
0.6396, 1.652, 2.324, 2.576, 2.473, 2.062, 1.327, 0.4302, -0.402, -1.145, -1.611, -1.674, -1.388, -0.93, -0.3757, 0.1914, 0.704, 1.137, 1.477, 1.781, 1.97, 2.117, 2.16, 2.113, 1.883, 1.459, 0.8145, 0.0653, -0.602, -1.049, -1.241, -1.232, -1.018, -0.6426, -0.07794, 0.4768, 0.9277, 1.232, 1.516, 1.711, 1.8545, 1.978, 2.066, 2.027, 1.75, 1.107, 0.1404, -0.954, -1.863, -2.348, -2.486, -2.459, -2.432, -2.447, -2.43, -2.367, -2.234, -2.094, -1.885, -1.596, -1.307, -0.9736, -0.693, -0.481, -0.319, -0.1394, 0.0865, 0.313, 0.4907, 0.607, 0.6865, 0.764, 0.98, 1.289, 1.712, 2.264, 2.918, 3.672, 4.316, 4.75, 4.88, 4.785, 4.53, 4.168, 3.74, 3.39, 3.127, 2.926, 2.684, 2.32, 1.685, 0.797, -0.2168, -1.062, -1.541, -1.732, -1.808, -1.781, -1.405, -0.47
0.5, 1.227, 1.827, 2.08, 1.977, 1.501, 0.759, -0.0943, -0.8345, -1.41, -1.742, -1.787, -1.607, -1.326, -0.977, -0.5967, -0.173, 0.2524, 0.6553, 1.034, 1.329, 1.5625, 1.707, 1.727, 1.529, 1.041, 0.3618, -0.382, -0.956, -1.281, -1.414, -1.434, -1.359, -1.146, -0.779, -0.3271, 0.09406, 0.4548, 0.768, 1.046, 1.27, 1.473, 1.668, 1.669, 1.305, 0.5737, -0.334, -1.167, -1.638, -1.697, -1.511, -1.344, -1.31, -1.413, -1.547, -1.688, -1.811, -1.889, -1.861, -1.736, -1.535, -1.316, -1.119, -0.9688, -0.8247, -0.707, -0.572, -0.418, -0.2507, -0.1445, -0.08264, 0.02065, 0.1974, 0.5728, 1.065, 1.701, 2.45, 3.188, 3.797, 4.188, 4.31, 4.168, 3.865, 3.406, 2.93, 2.523, 2.293, 2.219, 2.129, 1.861, 1.273, 0.4866, -0.283, -0.706, -0.789, -0.7285, -0.784, -0.883, -0.76, -0.2314
0.2047, 0.845, 1.428, 1.742, 1.633, 1.142, 0.445, -0.3008, -0.887, -1.283, -1.492, -1.551, -1.523, -1.459, -1.328, -1.112, -0.7656, -0.3384, 0.11395, 0.5493, 0.967, 1.277, 1.463, 1.499, 1.277, 0.768, 0.1079, -0.4773, -0.8613, -1.075, -1.223, -1.345, -1.416, -1.377, -1.191, -0.903, -0.533, -0.1475, 0.2351, 0.5854, 0.937, 1.248, 1.466, 1.387, 0.907, 0.1409, -0.693, -1.281, -1.492, -1.377, -1.114, -0.91, -0.8594, -0.926, -1.067, -1.24, -1.3955, -1.537, -1.615, -1.595, -1.52, -1.424, -1.309, -1.217, -1.166, -1.096, -1.023, -0.9272, -0.83, -0.747, -0.714, -0.5806, -0.329, 0.1215, 0.7427, 1.414, 2.15, 2.84, 3.41, 3.754, 3.828, 3.664, 3.324, 2.844, 2.34, 1.967, 1.816, 1.848, 1.824, 1.551, 0.973, 0.306, -0.2437, -0.4502, -0.3818, -0.2925, -0.395, -0.626, -0.6934, -0.3716
-0.1548, 0.468, 1.057, 1.41, 1.348, 0.924, 0.3088, -0.2942, -0.7266, -0.975, -1.119, -1.221, -1.326, -1.453, -1.498, -1.378, -1.084, -0.661, -0.1914, 0.2954, 0.7676, 1.115, 1.307, 1.301, 1.064, 0.63, 0.1133, -0.282, -0.506, -0.67, -0.877, -1.129, -1.321, -1.432, -1.404, -1.23, -0.928, -0.535, -0.079, 0.3538, 0.774, 1.125, 1.277, 1.08, 0.527, -0.2295, -0.958, -1.469, -1.666, -1.633, -1.473, -1.335, -1.218, -1.179, -1.156, -1.162, -1.193, -1.257, -1.339, -1.378, -1.406, -1.39, -1.346, -1.336, -1.346, -1.35, -1.345, -1.334, -1.293, -1.262, -1.201, -1.002, -0.6357, -0.1287, 0.536, 1.252, 1.99, 2.617, 3.129, 3.43, 3.488, 3.307, 2.91, 2.422, 1.916, 1.582, 1.52, 1.611, 1.597, 1.268, 0.712, 0.10205, -0.3508, -0.543, -0.564, -0.5547, -0.6943, -0.9277, -1.0, -0.709
-0.4385, 0.1509, 0.7236, 1.113, 1.139, 0.8105, 0.3135, -0.161, -0.4854, -0.673, -0.8257, -0.9775, -1.162, -1.375, -1.521, -1.473, -1.234, -0.834, -0.3506, 0.1562, 0.6445, 1.0, 1.174, 1.139, 0.923, 0.5806, 0.2489, 0.02635, -0.1366, -0.328, -0.6123, -0.9453, -1.213, -1.391, -1.451, -1.355, -1.086, -0.6963, -0.209, 0.2634, 0.6895, 1.004, 1.059, 0.776, 0.1805, -0.5234, -1.187, -1.702, -1.996, -2.094, -2.086, -1.988, -1.84, -1.662, -1.449, -1.264, -1.133, -1.107, -1.16, -1.226, -1.303, -1.324, -1.335, -1.363, -1.424, -1.475, -1.541, -1.583, -1.604, -1.574, -1.477, -1.242, -0.846, -0.3306, 0.3452, 1.059, 1.738, 2.375, 2.809, 3.021, 3.0, 2.824, 2.469, 1.994, 1.543, 1.283, 1.283, 1.381, 1.332, 0.988, 0.4321, -0.153, -0.6055, -0.9033, -1.063, -1.111, -1.18, -1.266, -1.254, -0.957
-0.6104, -0.0692, 0.4785, 0.907, 1.017, 0.7827, 0.3936, 0.00842, -0.2812, -0.4897, -0.6895, -0.8804, -1.072, -1.292, -1.457, -1.45, -1.253, -0.887, -0.4175, 0.09735, 0.584, 0.913, 1.064, 1.024, 0.837, 0.5938, 0.3835, 0.2383, 0.071, -0.1725, -0.4875, -0.8438, -1.124, -1.32, -1.395, -1.316, -1.07, -0.682, -0.195, 0.2654, 0.6543, 0.879, 0.834, 0.495, -0.0717, -0.74, -1.359, -1.844, -2.17, -2.338, -2.375, -2.31, -2.145, -1.903, -1.613, -1.343, -1.1455, -1.063, -1.093, -1.176, -1.267, -1.311, -1.327, -1.381, -1.457, -1.541, -1.641, -1.718, -1.756, -1.736, -1.62, -1.37, -1.009, -0.493, 0.0989, 0.756, 1.413, 2.031, 2.45, 2.578, 2.535, 2.355, 2.031, 1.621, 1.244, 1.075, 1.121, 1.1875, 1.064, 0.6875, 0.147, -0.3965, -0.8647, -1.24, -1.469, -1.496, -1.43, -1.359, -1.271, -1.035
-0.6455, -0.1636, 0.3657, 0.799, 0.956, 0.775, 0.4448, 0.08923, -0.2068, -0.46, -0.6943, -0.883, -1.052, -1.237, -1.372, -1.356, -1.174, -0.839, -0.396, 0.10175, 0.55, 0.8486, 0.976, 0.9346, 0.7847, 0.581, 0.3953, 0.2417, 0.05258, -0.1897, -0.4731, -0.787, -1.047, -1.218, -1.277, -1.197, -0.9336, -0.547, -0.0985, 0.3188, 0.6216, 0.7563, 0.6377, 0.2795, -0.2642, -0.873, -1.428, -1.858, -2.145, -2.312, -2.354, -2.281, -2.121, -1.896, -1.633, -1.385, -1.199, -1.115, -1.127, -1.204, -1.287, -1.336, -1.348, -1.382, -1.45, -1.552, -1.687, -1.797, -1.831, -1.795, -1.68, -1.458, -1.14, -0.676, -0.1333, 0.4944, 1.135, 1.725, 2.129, 2.3, 2.266, 2.078, 1.768, 1.404, 1.109, 1.008, 1.051, 1.043, 0.829, 0.406, -0.0951, -0.5923, -1.033, -1.418, -1.644, -1.62, -1.457, -1.295, -1.168, -0.9873
-0.6343, -0.2002, 0.315, 0.743, 0.8945, 0.744, 0.4194, 0.05298, -0.2688, -0.5347, -0.757, -0.91, -1.058, -1.219, -1.321, -1.273, -1.088, -0.754, -0.3203, 0.1404, 0.5396, 0.786, 0.8936, 0.842, 0.6855, 0.4768, 0.2605, 0.0703, -0.1483, -0.361, -0.5566, -0.785, -1.0, -1.146, -1.189, -1.084, -0.8096, -0.406, 0.0166, 0.3708, 0.619, 0.673, 0.4824, 0.11395, -0.3965, -0.948, -1.46, -1.838, -2.09, -2.24, -2.266, -2.188, -2.043, -1.85, -1.646, -1.459, -1.314, -1.234, -1.229, -1.289, -1.365, -1.407, -1.418, -1.429, -1.485, -1.598, -1.724, -1.816, -1.86, -1.836, -1.725, -1.554, -1.277, -0.8936, -0.3906, 0.204, 0.7954, 1.359, 1.832, 2.072, 2.066, 1.893, 1.598, 1.275, 1.074, 1.031, 1.041, 0.9326, 0.6196, 0.1792, -0.3093, -0.7754, -1.203, -1.57, -1.746, -1.682, -1.473, -1.26, -1.104, -0.9287
-0.632, -0.2042, 0.2937, 0.695, 0.831, 0.6543, 0.3083, -0.0792, -0.4143, -0.6685, -0.83, -0.927, -1.054, -1.214, -1.307, -1.232, -1.02, -0.6846, -0.2717, 0.1614, 0.5107, 0.7227, 0.795, 0.7197, 0.535, 0.305, 0.03897, -0.207, -0.4294, -0.575, -0.6865, -0.8105, -0.959, -1.088, -1.145, -1.0205, -0.734, -0.34, 0.0614, 0.4014, 0.6113, 0.6084, 0.3828, -0.0299, -0.5117, -1.012, -1.492, -1.859, -2.088, -2.229, -2.258, -2.184, -2.049, -1.887, -1.739, -1.606, -1.49, -1.408, -1.372, -1.407, -1.477, -1.518, -1.522, -1.5205, -1.552, -1.634, -1.734, -1.831, -1.888, -1.877, -1.777, -1.633, -1.426, -1.119, -0.693, -0.1487, 0.4316, 0.9766, 1.468, 1.785, 1.826, 1.701, 1.439, 1.207, 1.092, 1.082, 1.039, 0.833, 0.4463, -0.02061, -0.513, -0.9873, -1.406, -1.745, -1.887, -1.8125, -1.604, -1.367, -1.158, -0.9346
-0.6323, -0.191, 0.281, 0.6514, 0.747, 0.535, 0.1456, -0.2605, -0.5947, -0.8003, -0.8857, -0.9316, -1.047, -1.218, -1.319, -1.236, -1.023, -0.6953, -0.295, 0.1279, 0.451, 0.6475, 0.6807, 0.5557, 0.339, 0.0807, -0.2, -0.4883, -0.6855, -0.785, -0.8184, -0.8447, -0.9287, -1.044, -1.108, -1.006, -0.738, -0.3552, 0.0415, 0.376, 0.5723, 0.535, 0.265, -0.1497, -0.6123, -1.08, -1.551, -1.916, -2.145, -2.29, -2.33, -2.262, -2.129, -1.983, -1.869, -1.775, -1.686, -1.605, -1.553, -1.562, -1.618, -1.659, -1.657, -1.642, -1.648, -1.697, -1.775, -1.852, -1.901, -1.9, -1.838, -1.732, -1.57, -1.332, -0.9814, -0.5156, 0.010254, 0.553, 1.049, 1.395, 1.508, 1.443, 1.285, 1.139, 1.101, 1.106, 1.01, 0.7314, 0.3113, -0.17, -0.688, -1.184, -1.594, -1.889, -2.01, -1.965, -1.785, -1.551, -1.285, -0.993
-0.6274, -0.1709, 0.2637, 0.593, 0.625, 0.368, -0.0435, -0.4568, -0.772, -0.9355, -0.963, -0.9775, -1.07, -1.242, -1.356, -1.295, -1.098, -0.7793, -0.373, 0.02486, 0.3452, 0.54, 0.547, 0.3813, 0.1316, -0.1584, -0.463, -0.732, -0.9414, -1.01, -0.992, -0.9414, -0.9434, -1.016, -1.078, -1.006, -0.776, -0.4297, -0.04276, 0.2993, 0.482, 0.4233, 0.1478, -0.2766, -0.7314, -1.175, -1.635, -2.0, -2.238, -2.395, -2.443, -2.371, -2.223, -2.07, -1.975, -1.914, -1.859, -1.793, -1.742, -1.746, -1.785, -1.807, -1.795, -1.766, -1.747, -1.767, -1.816, -1.869, -1.914, -1.933, -1.909, -1.832, -1.709, -1.52, -1.244, -0.8613, -0.392, 0.1232, 0.612, 0.9814, 1.133, 1.157, 1.107, 1.055, 1.059, 1.066, 0.9473, 0.6387, 0.2084, -0.2786, -0.827, -1.342, -1.734, -1.984, -2.088, -2.078, -1.949, -1.717, -1.411, -1.045
-0.6143, -0.1487, 0.2426, 0.4866, 0.4207, 0.0957, -0.3247, -0.6963, -0.959, -1.083, -1.107, -1.114, -1.189, -1.331, -1.434, -1.4, -1.204, -0.8936, -0.504, -0.1241, 0.1969, 0.4006, 0.395, 0.2003, -0.0833, -0.4004, -0.717, -0.992, -1.188, -1.264, -1.209, -1.096, -1.018, -1.031, -1.074, -1.032, -0.8467, -0.5303, -0.1526, 0.1785, 0.357, 0.2815, -0.007, -0.418, -0.8867, -1.33, -1.75, -2.102, -2.348, -2.516, -2.564, -2.477, -2.31, -2.154, -2.068, -2.021, -1.988, -1.95, -1.918, -1.914, -1.935, -1.941, -1.922, -1.883, -1.849, -1.8545, -1.887, -1.922, -1.965, -2.002, -2.01, -1.965, -1.871, -1.711, -1.498, -1.201, -0.7925, -0.3135, 0.1427, 0.533, 0.7705, 0.884, 0.913, 0.924, 0.9663, 0.9775, 0.8516, 0.539, 0.0982, -0.4258, -1.0, -1.512, -1.864, -2.066, -2.146, -2.145, -2.05, -1.834, -1.503, -1.086
-0.6104, -0.1497, 0.1736, 0.3125, 0.16, -0.2015, -0.6006, -0.943, -1.16, -1.271, -1.316, -1.333, -1.378, -1.471, -1.533, -1.508, -1.332, -1.038, -0.661, -0.295, 0.02025, 0.2202, 0.2122, 0.01634, -0.3147, -0.653, -0.9844, -1.281, -1.474, -1.535, -1.459, -1.313, -1.178, -1.115, -1.112, -1.084, -0.917, -0.622, -0.2668, 0.0491, 0.2092, 0.1174, -0.1787, -0.6143, -1.096, -1.533, -1.908, -2.229, -2.473, -2.633, -2.664, -2.568, -2.41, -2.262, -2.166, -2.104, -2.059, -2.035, -2.02, -2.023, -2.035, -2.045, -2.041, -2.012, -1.99, -1.993, -2.012, -2.027, -2.066, -2.107, -2.12, -2.086, -2.01, -1.906, -1.773, -1.539, -1.193, -0.7544, -0.2966, 0.0908, 0.4053, 0.6396, 0.762, 0.8213, 0.885, 0.909, 0.7705, 0.4404, -0.03854, -0.608, -1.2, -1.6875, -2.0, -2.168, -2.223, -2.201, -2.121, -1.93, -1.598, -1.135
-0.6553, -0.2064, 0.05472, 0.09534, -0.1381, -0.503, -0.8594, -1.168, -1.383, -1.506, -1.561, -1.574, -1.582, -1.626, -1.655, -1.613, -1.455, -1.185, -0.8384, -0.4844, -0.1578, 0.05402, 0.04852, -0.193, -0.5337, -0.893, -1.242, -1.5625, -1.746, -1.781, -1.718, -1.572, -1.4, -1.276, -1.229, -1.168, -0.994, -0.7085, -0.3809, -0.0893, 0.0292, -0.09625, -0.415, -0.8687, -1.352, -1.762, -2.102, -2.39, -2.617, -2.758, -2.77, -2.676, -2.53, -2.385, -2.273, -2.182, -2.105, -2.064, -2.055, -2.066, -2.086, -2.12, -2.146, -2.156, -2.178, -2.193, -2.201, -2.203, -2.219, -2.244, -2.236, -2.188, -2.133, -2.07, -2.004, -1.846, -1.575, -1.173, -0.72, -0.2886, 0.09576, 0.4226, 0.664, 0.7812, 0.8633, 0.8643, 0.6973, 0.3389, -0.1974, -0.8135, -1.395, -1.836, -2.113, -2.26, -2.291, -2.258, -2.186, -2.027, -1.709, -1.216
-0.7764, -0.336, -0.1169, -0.1555, -0.4417, -0.804, -1.148, -1.443, -1.641, -1.751, -1.791, -1.784, -1.767, -1.781, -1.788, -1.742, -1.598, -1.36, -1.049, -0.7036, -0.38, -0.1667, -0.2056, -0.4707, -0.8335, -1.178, -1.518, -1.784, -1.92, -1.95, -1.904, -1.794, -1.648, -1.504, -1.4, -1.281, -1.09, -0.8047, -0.4932, -0.255, -0.1946, -0.377, -0.753, -1.176, -1.611, -1.977, -2.273, -2.543, -2.754, -2.879, -2.89, -2.809, -2.672, -2.535, -2.42, -2.322, -2.227, -2.146, -2.11, -2.102, -2.125, -2.195, -2.273, -2.332, -2.395, -2.432, -2.443, -2.44, -2.426, -2.422, -2.395, -2.332, -2.268, -2.227, -2.193, -2.113, -1.912, -1.566, -1.143, -0.649, -0.2076, 0.2188, 0.5547, 0.7573, 0.8594, 0.833, 0.6035, 0.1694, -0.4124, -1.047, -1.584, -1.951, -2.195, -2.322, -2.336, -2.305, -2.246, -2.121, -1.832, -1.34
-0.9355, -0.509, -0.334, -0.4358, -0.7534, -1.115, -1.443, -1.713, -1.865, -1.932, -1.942, -1.922, -1.907, -1.913, -1.915, -1.867, -1.745, -1.542, -1.26, -0.9507, -0.6445, -0.4768, -0.55, -0.828, -1.184, -1.496, -1.77, -1.9375, -2.008, -2.023, -2.02, -1.972, -1.8545, -1.723, -1.59, -1.437, -1.219, -0.9326, -0.6475, -0.4468, -0.4546, -0.679, -1.066, -1.492, -1.846, -2.12, -2.38, -2.637, -2.838, -2.953, -2.984, -2.93, -2.822, -2.705, -2.605, -2.516, -2.418, -2.307, -2.22, -2.182, -2.201, -2.303, -2.43, -2.545, -2.643, -2.695, -2.709, -2.703, -2.676, -2.648, -2.61, -2.547, -2.479, -2.43, -2.402, -2.355, -2.223, -1.961, -1.592, -1.082, -0.5425, -0.04562, 0.3813, 0.677, 0.8276, 0.7637, 0.4458, -0.0602, -0.674, -1.287, -1.758, -2.064, -2.254, -2.352, -2.367, -2.352, -2.305, -2.191, -1.936, -1.482
-1.137, -0.7495, -0.619, -0.7695, -1.077, -1.416, -1.701, -1.911, -2.008, -2.027, -2.016, -1.996, -1.984, -1.988, -1.995, -1.967, -1.871, -1.701, -1.478, -1.215, -0.962, -0.8374, -0.9307, -1.205, -1.509, -1.775, -1.955, -2.033, -2.049, -2.059, -2.092, -2.107, -2.047, -1.9375, -1.796, -1.621, -1.389, -1.123, -0.869, -0.7104, -0.773, -1.02, -1.393, -1.762, -2.033, -2.215, -2.43, -2.664, -2.85, -2.967, -3.023, -3.014, -2.94, -2.842, -2.756, -2.68, -2.598, -2.486, -2.371, -2.309, -2.328, -2.447, -2.611, -2.762, -2.887, -2.959, -2.982, -2.979, -2.959, -2.928, -2.877, -2.812, -2.754, -2.707, -2.686, -2.637, -2.52, -2.316, -2.004, -1.541, -0.9478, -0.383, 0.1044, 0.4868, 0.6763, 0.5493, 0.1598, -0.4043, -1.034, -1.576, -1.945, -2.158, -2.295, -2.385, -2.416, -2.408, -2.348, -2.236, -2.016, -1.622
-1.345, -1.033, -0.952, -1.123, -1.414, -1.703, -1.908, -2.023, -2.06, -2.059, -2.04, -2.018, -2.012, -2.02, -2.035, -2.027, -1.97, -1.844, -1.682, -1.471, -1.277, -1.211, -1.304, -1.525, -1.769, -1.949, -2.04, -2.06, -2.062, -2.074, -2.123, -2.172, -2.172, -2.111, -2.004, -1.832, -1.619, -1.389, -1.181, -1.066, -1.162, -1.398, -1.699, -1.986, -2.18, -2.309, -2.465, -2.656, -2.812, -2.934, -3.02, -3.043, -2.994, -2.898, -2.809, -2.752, -2.703, -2.617, -2.512, -2.45, -2.473, -2.605, -2.79, -2.957, -3.092, -3.186, -3.244, -3.27, -3.262, -3.234, -3.19, -3.129, -3.08, -3.06, -3.043, -2.992, -2.861, -2.664, -2.38, -1.96, -1.41, -0.81, -0.2328, 0.1979, 0.3933, 0.2062, -0.23, -0.801, -1.385, -1.822, -2.094, -2.244, -2.355, -2.455, -2.502, -2.477, -2.38, -2.262, -2.07, -1.742
-1.537, -1.316, -1.287, -1.461, -1.693, -1.893, -2.016, -2.059, -2.066, -2.059, -2.037, -2.023, -2.021, -2.035, -2.05, -2.045, -2.027, -1.97, -1.857, -1.721, -1.584, -1.535, -1.626, -1.786, -1.943, -2.027, -2.04, -2.043, -2.05, -2.07, -2.121, -2.188, -2.227, -2.227, -2.172, -2.047, -1.887, -1.708, -1.541, -1.456, -1.529, -1.703, -1.925, -2.125, -2.27, -2.379, -2.5, -2.637, -2.76, -2.87, -2.965, -3.004, -2.957, -2.848, -2.754, -2.715, -2.695, -2.645, -2.568, -2.53, -2.566, -2.71, -2.91, -3.094, -3.254, -3.38, -3.475, -3.531, -3.54, -3.521, -3.5, -3.463, -3.426, -3.422, -3.414, -3.355, -3.207, -2.973, -2.658, -2.285, -1.82, -1.275, -0.6846, -0.2075, -0.03004, -0.2207, -0.6553, -1.199, -1.686, -2.031, -2.22, -2.332, -2.443, -2.531, -2.57, -2.521, -2.402, -2.273, -2.11, -1.846
-1.756, -1.618, -1.604, -1.735, -1.884, -1.994, -2.049, -2.074, -2.068, -2.05, -2.033, -2.025, -2.031, -2.047, -2.057, -2.05, -2.047, -2.04, -1.988, -1.929, -1.867, -1.841, -1.881, -1.963, -2.027, -2.049, -2.041, -2.033, -2.04, -2.053, -2.098, -2.164, -2.225, -2.264, -2.246, -2.172, -2.082, -1.9795, -1.879, -1.819, -1.84, -1.934, -2.059, -2.18, -2.285, -2.395, -2.508, -2.613, -2.707, -2.793, -2.865, -2.883, -2.824, -2.71, -2.617, -2.59, -2.598, -2.578, -2.537, -2.523, -2.578, -2.73, -2.938, -3.143, -3.344, -3.516, -3.64, -3.715, -3.727, -3.72, -3.74, -3.738, -3.707, -3.688, -3.69, -3.648, -3.5, -3.236, -2.914, -2.574, -2.227, -1.755, -1.209, -0.7456, -0.527, -0.6753, -1.067, -1.533, -1.919, -2.174, -2.303, -2.395, -2.486, -2.549, -2.559, -2.498, -2.373, -2.25, -2.135, -1.963
-1.941, -1.88, -1.873, -1.934, -2.01, -2.05, -2.07, -2.08, -2.064, -2.035, -2.021, -2.023, -2.04, -2.059, -2.062, -2.053, -2.057, -2.064, -2.059, -2.043, -2.02, -2.01, -2.027, -2.06, -2.078, -2.074, -2.059, -2.043, -2.033, -2.04, -2.072, -2.12, -2.176, -2.236, -2.25, -2.217, -2.18, -2.145, -2.1, -2.053, -2.04, -2.07, -2.123, -2.176, -2.246, -2.352, -2.473, -2.578, -2.656, -2.715, -2.744, -2.717, -2.637, -2.54, -2.465, -2.44, -2.457, -2.469, -2.46, -2.477, -2.545, -2.682, -2.867, -3.066, -3.293, -3.508, -3.678, -3.781, -3.797, -3.803, -3.842, -3.87, -3.85, -3.826, -3.822, -3.793, -3.656, -3.416, -3.113, -2.836, -2.531, -2.164, -1.704, -1.296, -1.059, -1.129, -1.42, -1.795, -2.062, -2.219, -2.307, -2.379, -2.453, -2.5, -2.49, -2.414, -2.281, -2.16, -2.094, -2.03
-2.025, -2.033, -2.03, -2.037, -2.06, -2.072, -2.066, -2.066, -2.047, -2.004, -1.973, -1.971, -2.004, -2.033, -2.049, -2.053, -2.068, -2.084, -2.082, -2.06, -2.04, -2.027, -2.043, -2.076, -2.082, -2.074, -2.062, -2.041, -2.027, -2.03, -2.043, -2.062, -2.098, -2.156, -2.203, -2.209, -2.205, -2.197, -2.172, -2.129, -2.102, -2.11, -2.123, -2.135, -2.172, -2.262, -2.4, -2.527, -2.602, -2.625, -2.611, -2.547, -2.453, -2.379, -2.334, -2.32, -2.332, -2.352, -2.377, -2.414, -2.475, -2.566, -2.691, -2.875, -3.11, -3.348, -3.562, -3.705, -3.746, -3.766, -3.807, -3.844, -3.836, -3.816, -3.826, -3.824, -3.74, -3.531, -3.266, -3.008, -2.71, -2.383, -2.023, -1.711, -1.537, -1.555, -1.729, -1.945, -2.1, -2.184, -2.238, -2.299, -2.363, -2.4, -2.371, -2.244, -2.047, -1.912, -1.901, -1.976
-2.004, -2.08, -2.078, -2.06, -2.053, -2.035, -2.012, -2.004, -1.97, -1.896, -1.834, -1.818, -1.871, -1.931, -1.982, -2.021, -2.055, -2.082, -2.082, -2.059, -2.035, -2.023, -2.03, -2.041, -2.04, -2.037, -2.02, -1.988, -1.95, -1.914, -1.898, -1.912, -1.963, -2.047, -2.117, -2.148, -2.166, -2.178, -2.174, -2.14, -2.104, -2.098, -2.09, -2.086, -2.111, -2.184, -2.309, -2.438, -2.506, -2.508, -2.453, -2.371, -2.297, -2.248, -2.232, -2.225, -2.22, -2.238, -2.287, -2.334, -2.367, -2.395, -2.469, -2.629, -2.852, -3.094, -3.309, -3.457, -3.54, -3.582, -3.625, -3.66, -3.678, -3.688, -3.738, -3.793, -3.768, -3.615, -3.37, -3.104, -2.812, -2.488, -2.215, -1.992, -1.887, -1.869, -1.929, -2.027, -2.084, -2.117, -2.158, -2.215, -2.264, -2.283, -2.201, -1.982, -1.709, -1.557, -1.615, -1.822
-1.924, -2.082, -2.086, -2.033, -1.9795, -1.912, -1.858, -1.825, -1.763, -1.657, -1.58, -1.565, -1.618, -1.72, -1.832, -1.926, -2.0, -2.049, -2.049, -2.02, -2.0, -1.995, -1.986, -1.972, -1.947, -1.936, -1.917, -1.863, -1.785, -1.685, -1.627, -1.633, -1.716, -1.851, -1.967, -2.035, -2.072, -2.102, -2.123, -2.12, -2.084, -2.062, -2.043, -2.033, -2.064, -2.121, -2.209, -2.309, -2.367, -2.365, -2.297, -2.217, -2.164, -2.137, -2.129, -2.113, -2.09, -2.102, -2.164, -2.215, -2.217, -2.207, -2.25, -2.373, -2.555, -2.754, -2.922, -3.047, -3.148, -3.22, -3.268, -3.309, -3.367, -3.451, -3.574, -3.695, -3.717, -3.598, -3.398, -3.148, -2.857, -2.568, -2.34, -2.18, -2.08, -2.047, -2.021, -2.031, -2.049, -2.06, -2.094, -2.146, -2.186, -2.166, -2.002, -1.684, -1.334, -1.169, -1.303, -1.627
-1.809, -2.05, -2.041, -1.926, -1.802, -1.684, -1.609, -1.565, -1.493, -1.369, -1.265, -1.242, -1.297, -1.418, -1.576, -1.74, -1.873, -1.95, -1.966, -1.933, -1.894, -1.863, -1.842, -1.828, -1.809, -1.796, -1.783, -1.723, -1.607, -1.447, -1.323, -1.301, -1.377, -1.533, -1.707, -1.844, -1.931, -1.984, -2.027, -2.043, -2.021, -1.991, -1.961, -1.955, -2.0, -2.06, -2.125, -2.197, -2.248, -2.244, -2.178, -2.098, -2.047, -2.02, -2.008, -1.971, -1.928, -1.9375, -2.002, -2.05, -2.04, -2.014, -2.035, -2.127, -2.256, -2.383, -2.492, -2.594, -2.688, -2.766, -2.83, -2.895, -2.975, -3.086, -3.27, -3.457, -3.54, -3.475, -3.32, -3.11, -2.85, -2.617, -2.426, -2.281, -2.176, -2.088, -2.021, -1.986, -1.987, -2.0, -2.035, -2.092, -2.129, -2.049, -1.791, -1.375, -0.95, -0.753, -0.9517, -1.383
-1.676, -1.991, -1.962, -1.754, -1.559, -1.43, -1.377, -1.347, -1.264, -1.104, -0.958, -0.897, -0.948, -1.08, -1.248, -1.447, -1.6045, -1.699, -1.75, -1.742, -1.691, -1.632, -1.598, -1.609, -1.633, -1.655, -1.658, -1.59, -1.4375, -1.242, -1.045, -0.9434, -1.0, -1.16, -1.363, -1.566, -1.711, -1.805, -1.868, -1.89, -1.869, -1.826, -1.791, -1.811, -1.898, -1.994, -2.06, -2.117, -2.158, -2.152, -2.088, -1.987, -1.923, -1.898, -1.872, -1.809, -1.736, -1.721, -1.766, -1.81, -1.797, -1.77, -1.785, -1.85, -1.9375, -2.02, -2.098, -2.182, -2.266, -2.338, -2.41, -2.496, -2.586, -2.693, -2.875, -3.078, -3.21, -3.217, -3.133, -3.002, -2.812, -2.617, -2.453, -2.312, -2.182, -2.053, -1.936, -1.859, -1.84, -1.881, -1.953, -2.047, -2.074, -1.922, -1.55, -1.0625, -0.5635, -0.3347, -0.6025, -1.132
-1.496, -1.852, -1.803, -1.551, -1.338, -1.247, -1.237, -1.217, -1.089, -0.8525, -0.6406, -0.5337, -0.5664, -0.7188, -0.91, -1.098, -1.251, -1.346, -1.426, -1.462, -1.434, -1.377, -1.348, -1.385, -1.45, -1.504, -1.529, -1.453, -1.268, -1.016, -0.7617, -0.587, -0.61, -0.7837, -1.036, -1.277, -1.463, -1.583, -1.654, -1.662, -1.625, -1.58, -1.557, -1.607, -1.744, -1.897, -1.994, -2.04, -2.059, -2.043, -1.959, -1.835, -1.76, -1.751, -1.728, -1.654, -1.553, -1.486, -1.477, -1.493, -1.478, -1.456, -1.477, -1.527, -1.588, -1.652, -1.713, -1.779, -1.857, -1.9375, -2.027, -2.13, -2.234, -2.352, -2.512, -2.676, -2.82, -2.879, -2.871, -2.824, -2.71, -2.559, -2.42, -2.283, -2.127, -1.939, -1.754, -1.622, -1.602, -1.706, -1.859, -1.986, -1.984, -1.754, -1.322, -0.775, -0.2343, -0.00542, -0.3032, -0.895
-1.248, -1.611, -1.568, -1.342, -1.182, -1.155, -1.1875, -1.146, -0.9497, -0.6416, -0.3425, -0.1759, -0.1987, -0.3645, -0.5806, -0.7686, -0.907, -0.996, -1.075, -1.137, -1.15, -1.138, -1.139, -1.195, -1.287, -1.371, -1.401, -1.309, -1.082, -0.7725, -0.4663, -0.2524, -0.2505, -0.4397, -0.7314, -1.021, -1.232, -1.355, -1.418, -1.407, -1.371, -1.353, -1.365, -1.434, -1.584, -1.77, -1.892, -1.925, -1.902, -1.844, -1.735, -1.609, -1.541, -1.551, -1.552, -1.5, -1.399, -1.294, -1.215, -1.169, -1.145, -1.135, -1.16, -1.199, -1.244, -1.301, -1.349, -1.398, -1.467, -1.551, -1.67, -1.811, -1.947, -2.078, -2.219, -2.355, -2.477, -2.555, -2.596, -2.598, -2.543, -2.441, -2.326, -2.193, -2.02, -1.785, -1.532, -1.364, -1.367, -1.535, -1.74, -1.857, -1.807, -1.527, -1.076, -0.542, -0.03485, 0.1951, -0.074, -0.6475
-0.975, -1.35, -1.348, -1.186, -1.088, -1.123, -1.1875, -1.117, -0.8486, -0.48, -0.1076, 0.1355, 0.15, -0.01267, -0.2385, -0.4265, -0.577, -0.668, -0.747, -0.8228, -0.8774, -0.912, -0.9585, -1.047, -1.166, -1.265, -1.271, -1.154, -0.882, -0.526, -0.1769, 0.0727, 0.1087, -0.0738, -0.3977, -0.707, -0.9297, -1.057, -1.119, -1.129, -1.132, -1.156, -1.211, -1.303, -1.439, -1.6, -1.707, -1.719, -1.658, -1.559, -1.4375, -1.346, -1.307, -1.338, -1.362, -1.342, -1.262, -1.123, -0.9775, -0.875, -0.8247, -0.826, -0.849, -0.8887, -0.9194, -0.9688, -1.01, -1.054, -1.107, -1.176, -1.303, -1.489, -1.684, -1.858, -2.004, -2.123, -2.219, -2.293, -2.354, -2.39, -2.38, -2.307, -2.2, -2.06, -1.859, -1.598, -1.328, -1.168, -1.203, -1.4, -1.613, -1.6875, -1.572, -1.275, -0.866, -0.394, 0.06793, 0.3013, 0.1274, -0.3816
-0.678, -1.072, -1.15, -1.072, -1.033, -1.1045, -1.176, -1.082, -0.7705, -0.3477, 0.0733, 0.383, 0.4556, 0.317, 0.099, -0.1069, -0.274, -0.4084, -0.5244, -0.616, -0.6826, -0.749, -0.8276, -0.9453, -1.088, -1.18, -1.152, -0.987, -0.6816, -0.3015, 0.05746, 0.3354, 0.4229, 0.2627, -0.03494, -0.3452, -0.5796, -0.7295, -0.8193, -0.88, -0.9336, -0.9956, -1.086, -1.188, -1.299, -1.414, -1.488, -1.469, -1.369, -1.233, -1.121, -1.068, -1.092, -1.16, -1.217, -1.221, -1.149, -0.9746, -0.7783, -0.617, -0.539, -0.5264, -0.548, -0.5903, -0.621, -0.6504, -0.6743, -0.7197, -0.7764, -0.837, -0.9526, -1.154, -1.4, -1.623, -1.793, -1.928, -2.025, -2.102, -2.17, -2.234, -2.256, -2.197, -2.09, -1.936, -1.6875, -1.395, -1.155, -1.043, -1.11, -1.309, -1.493, -1.523, -1.367, -1.058, -0.693, -0.3086, 0.0941, 0.3757, 0.318, -0.1056
-0.313, -0.7285, -0.913, -0.958, -0.991, -1.072, -1.126, -1.002, -0.673, -0.2329, 0.1987, 0.54, 0.6704, 0.577, 0.3894, 0.1963, 0.003021, -0.2031, -0.3716, -0.4873, -0.5615, -0.6416, -0.748, -0.878, -1.025, -1.11, -1.055, -0.841, -0.509, -0.1194, 0.234, 0.533, 0.6475, 0.54, 0.3003, 0.01581, -0.2324, -0.4302, -0.576, -0.6807, -0.782, -0.882, -0.995, -1.096, -1.178, -1.254, -1.291, -1.232, -1.082, -0.9033, -0.797, -0.802, -0.8984, -1.018, -1.109, -1.125, -1.037, -0.868, -0.632, -0.4329, -0.2986, -0.2646, -0.2856, -0.3335, -0.3816, -0.3948, -0.413, -0.4546, -0.505, -0.583, -0.7046, -0.898, -1.123, -1.346, -1.537, -1.699, -1.844, -1.949, -2.035, -2.117, -2.15, -2.107, -2.0, -1.818, -1.527, -1.211, -1.0205, -0.9697, -1.058, -1.232, -1.365, -1.351, -1.174, -0.87, -0.539, -0.2155, 0.1503, 0.4717, 0.5195, 0.1841
0.03177, -0.372, -0.6387, -0.821, -0.9365, -1.02, -1.04, -0.8975, -0.575, -0.1562, 0.2559, 0.597, 0.7656, 0.7373, 0.621, 0.4692, 0.2815, 0.04886, -0.1775, -0.345, -0.4604, -0.562, -0.68, -0.827, -0.9746, -1.044, -0.961, -0.7246, -0.392, -0.02895, 0.336, 0.6406, 0.776, 0.711, 0.541, 0.331, 0.1084, -0.1179, -0.3235, -0.49, -0.642, -0.7896, -0.925, -1.027, -1.088, -1.121, -1.111, -0.987, -0.8027, -0.6035, -0.5156, -0.5625, -0.706, -0.871, -1.004, -1.025, -0.9404, -0.757, -0.51, -0.2617, -0.0966, -0.02602, -0.05667, -0.1393, -0.1937, -0.202, -0.2139, -0.2534, -0.328, -0.4167, -0.5527, -0.714, -0.9004, -1.088, -1.277, -1.453, -1.639, -1.797, -1.92, -2.006, -2.041, -2.008, -1.898, -1.686, -1.36, -1.0625, -0.9297, -0.9243, -1.019, -1.154, -1.232, -1.182, -0.9863, -0.6797, -0.3606, -0.0546, 0.275, 0.6074, 0.7197, 0.4705
0.3186, -0.0608, -0.3928, -0.6875, -0.874, -0.964, -0.961, -0.8105, -0.53, -0.147, 0.2458, 0.5767, 0.7695, 0.7915, 0.7427, 0.662, 0.532, 0.3027, 0.0555, -0.1627, -0.3516, -0.5, -0.6484, -0.8076, -0.9414, -0.9883, -0.9014, -0.6777, -0.3682, -0.02568, 0.325, 0.6436, 0.8105, 0.801, 0.7075, 0.581, 0.3945, 0.1515, -0.1037, -0.331, -0.545, -0.7324, -0.885, -0.9893, -1.03, -1.025, -0.951, -0.785, -0.5547, -0.333, -0.2272, -0.2961, -0.4775, -0.6904, -0.865, -0.9434, -0.8633, -0.6885, -0.4097, -0.1328, 0.0773, 0.1683, 0.1515, 0.05594, -0.01288, -0.0364, -0.05063, -0.08765, -0.1687, -0.274, -0.3982, -0.5474, -0.708, -0.871, -1.035, -1.238, -1.436, -1.648, -1.804, -1.892, -1.93, -1.895, -1.762, -1.52, -1.203, -0.958, -0.874, -0.9, -0.9873, -1.09, -1.117, -1.021, -0.8115, -0.4949, -0.1447, 0.1978, 0.5234, 0.8164, 0.917, 0.7007
0.5464, 0.1583, -0.2168, -0.58, -0.826, -0.9307, -0.9155, -0.786, -0.539, -0.1968, 0.1786, 0.5127, 0.7256, 0.7827, 0.7793, 0.763, 0.698, 0.5283, 0.282, 0.00392, -0.25, -0.4658, -0.647, -0.809, -0.9233, -0.961, -0.881, -0.696, -0.4224, -0.11084, 0.2391, 0.582, 0.7856, 0.827, 0.799, 0.7295, 0.587, 0.3484, 0.06964, -0.2092, -0.4805, -0.6997, -0.8633, -0.9697, -0.9946, -0.95, -0.8213, -0.5967, -0.3135, -0.02739, 0.122, 0.0609, -0.1617, -0.4375, -0.701, -0.8506, -0.854, -0.655, -0.345, -0.03253, 0.2085, 0.344, 0.3418, 0.26, 0.1918, 0.1371, 0.1119, 0.06757, -0.01207, -0.1206, -0.2583, -0.4077, -0.5654, -0.705, -0.872, -1.064, -1.269, -1.484, -1.648, -1.74, -1.744, -1.651, -1.514, -1.292, -1.035, -0.868, -0.838, -0.8926, -0.9756, -1.046, -1.043, -0.921, -0.6826, -0.3281, 0.08344, 0.501, 0.8247, 1.053, 1.1045, 0.9043
0.704, 0.3064, -0.0949, -0.4937, -0.7793, -0.918, -0.9175, -0.8037, -0.597, -0.2998, 0.0676, 0.4321, 0.677, 0.7637, 0.784, 0.801, 0.7905, 0.6865, 0.465, 0.1531, -0.1577, -0.4282, -0.6494, -0.8125, -0.9116, -0.9414, -0.8867, -0.745, -0.5156, -0.2262, 0.1284, 0.503, 0.7476, 0.826, 0.829, 0.796, 0.6865, 0.479, 0.1917, -0.1108, -0.4158, -0.662, -0.838, -0.9463, -0.961, -0.8857, -0.707, -0.4082, -0.02454, 0.3662, 0.581, 0.532, 0.2693, -0.08374, -0.4565, -0.7256, -0.789, -0.664, -0.3416, 0.011215, 0.2947, 0.4827, 0.509, 0.4558, 0.3948, 0.3452, 0.2915, 0.2474, 0.1648, 0.0484, -0.10345, -0.2734, -0.4395, -0.6113, -0.795, -0.985, -1.181, -1.381, -1.514, -1.546, -1.498, -1.367, -1.205, -1.018, -0.8457, -0.7686, -0.8013, -0.879, -0.962, -1.027, -1.022, -0.8735, -0.578, -0.1554, 0.3467, 0.8525, 1.184, 1.309, 1.27, 1.055
0.802, 0.4004, -0.02165, -0.4438, -0.7534, -0.91, -0.9287, -0.8496, -0.6885, -0.4307, -0.05673, 0.3577, 0.645, 0.7656, 0.7905, 0.807, 0.8223, 0.7695, 0.583, 0.272, -0.0753, -0.3809, -0.634, -0.7983, -0.888, -0.926, -0.907, -0.8154, -0.634, -0.3591, 0.01539, 0.4404, 0.7373, 0.8477, 0.846, 0.8096, 0.7246, 0.5513, 0.28, -0.03232, -0.3513, -0.6084, -0.792, -0.913, -0.9336, -0.836, -0.5986, -0.2032, 0.3003, 0.829, 1.135, 1.1, 0.8013, 0.3909, -0.09753, -0.4983, -0.6855, -0.633, -0.3638, 0.01519, 0.333, 0.5635, 0.635, 0.617, 0.581, 0.5415, 0.4854, 0.4143, 0.3223, 0.1953, 0.03888, -0.1278, -0.3115, -0.526, -0.753, -0.9517, -1.145, -1.341, -1.457, -1.47, -1.383, -1.215, -1.021, -0.841, -0.706, -0.676, -0.746, -0.8525, -0.959, -1.04, -1.045, -0.842, -0.456, 0.0924, 0.698, 1.234, 1.543, 1.568, 1.42, 1.152
0.8457, 0.444, 0.002874, -0.4414, -0.7534, -0.914, -0.952, -0.9155, -0.798, -0.5674, -0.1853, 0.2742, 0.632, 0.801, 0.8125, 0.798, 0.798, 0.763, 0.6094, 0.3086, -0.03613, -0.358, -0.6104, -0.7803, -0.875, -0.9233, -0.9453, -0.9023, -0.76, -0.4785, -0.0582, 0.417, 0.766, 0.8994, 0.8774, 0.798, 0.6987, 0.5273, 0.284, -0.01393, -0.318, -0.5586, -0.746, -0.8867, -0.923, -0.7935, -0.4736, 0.0376, 0.6855, 1.338, 1.701, 1.654, 1.359, 0.901, 0.363, -0.1267, -0.4604, -0.537, -0.3335, 0.014275, 0.3533, 0.589, 0.6934, 0.709, 0.7065, 0.693, 0.6406, 0.562, 0.481, 0.3457, 0.2008, 0.0258, -0.1754, -0.405, -0.666, -0.901, -1.134, -1.353, -1.498, -1.53, -1.45, -1.277, -1.066, -0.8555, -0.7, -0.665, -0.7334, -0.8506, -0.971, -1.078, -1.051, -0.7544, -0.231, 0.4355, 1.141, 1.65, 1.844, 1.762, 1.519, 1.21
0.8545, 0.4458, -0.01831, -0.4731, -0.7812, -0.9326, -0.9966, -1.0, -0.923, -0.714, -0.316, 0.1854, 0.621, 0.8525, 0.864, 0.7734, 0.707, 0.6484, 0.4883, 0.234, -0.07806, -0.3738, -0.624, -0.788, -0.8887, -0.956, -1.002, -0.9863, -0.8516, -0.54, -0.0909, 0.4092, 0.8037, 0.955, 0.9, 0.752, 0.593, 0.4072, 0.1808, -0.08356, -0.3462, -0.56, -0.747, -0.912, -0.956, -0.76, -0.3262, 0.322, 1.086, 1.768, 2.11, 2.055, 1.775, 1.371, 0.839, 0.3066, -0.1362, -0.328, -0.2426, 0.02583, 0.3313, 0.572, 0.6895, 0.7324, 0.7734, 0.803, 0.787, 0.732, 0.6396, 0.505, 0.357, 0.1604, -0.04828, -0.2593, -0.5215, -0.779, -1.025, -1.281, -1.471, -1.574, -1.553, -1.428, -1.238, -1.02, -0.831, -0.756, -0.79, -0.898, -1.034, -1.114, -0.9893, -0.561, 0.0976, 0.8687, 1.582, 2.012, 2.07, 1.889, 1.573, 1.227
0.8027, 0.3599, -0.1032, -0.5625, -0.8477, -1.002, -1.078, -1.112, -1.063, -0.8496, -0.434, 0.1159, 0.624, 0.914, 0.921, 0.748, 0.566, 0.4202, 0.2495, 0.0327, -0.2249, -0.4717, -0.6836, -0.8433, -0.942, -1.01, -1.057, -1.029, -0.8555, -0.506, -0.0381, 0.454, 0.843, 1.004, 0.909, 0.6826, 0.4214, 0.1715, -0.074, -0.2915, -0.485, -0.658, -0.838, -1.0, -1.011, -0.7285, -0.1538, 0.6235, 1.461, 2.125, 2.396, 2.324, 2.07, 1.693, 1.225, 0.719, 0.2517, -0.0212, -0.07697, 0.06726, 0.2988, 0.502, 0.6196, 0.704, 0.796, 0.8916, 0.93, 0.8853, 0.8203, 0.6797, 0.522, 0.2861, 0.05667, -0.1667, -0.3809, -0.6035, -0.795, -1.008, -1.201, -1.311, -1.35, -1.301, -1.178, -1.021, -0.8955, -0.843, -0.8833, -1.0, -1.124, -1.133, -0.8633, -0.2537, 0.5435, 1.318, 1.971, 2.305, 2.273, 2.02, 1.639, 1.224
0.6924, 0.171, -0.3096, -0.7236, -0.9854, -1.111, -1.166, -1.188, -1.128, -0.8975, -0.4539, 0.1069, 0.6543, 0.996, 1.016, 0.7817, 0.4795, 0.1912, -0.05286, -0.2605, -0.4565, -0.631, -0.801, -0.929, -0.993, -1.014, -0.9844, -0.9062, -0.6494, -0.2764, 0.1508, 0.5713, 0.916, 1.062, 0.957, 0.673, 0.2925, -0.0851, -0.3787, -0.5903, -0.7427, -0.8633, -1.0, -1.101, -1.013, -0.6064, 0.09576, 0.9688, 1.863, 2.547, 2.78, 2.7, 2.418, 2.023, 1.598, 1.137, 0.702, 0.362, 0.1726, 0.1666, 0.271, 0.412, 0.503, 0.6064, 0.756, 0.8955, 0.984, 1.01, 0.98, 0.873, 0.716, 0.49, 0.2113, -0.05515, -0.3086, -0.4658, -0.5684, -0.6465, -0.71, -0.7305, -0.713, -0.659, -0.6045, -0.5967, -0.671, -0.8013, -0.9683, -1.123, -1.238, -1.141, -0.6943, 0.07855, 0.9478, 1.739, 2.344, 2.625, 2.56, 2.248, 1.776, 1.234
0.573, -0.0782, -0.544, -0.911, -1.107, -1.152, -1.128, -1.082, -0.9717, -0.7197, -0.3235, 0.198, 0.7236, 1.097, 1.16, 0.912, 0.505, 0.115, -0.24, -0.4905, -0.655, -0.785, -0.9077, -0.96, -0.9355, -0.8516, -0.727, -0.511, -0.1976, 0.1539, 0.4988, 0.7993, 1.061, 1.179, 1.094, 0.794, 0.3237, -0.1704, -0.549, -0.8115, -0.9814, -1.073, -1.141, -1.117, -0.8574, -0.3125, 0.503, 1.441, 2.355, 3.027, 3.268, 3.205, 2.922, 2.516, 2.121, 1.699, 1.227, 0.8193, 0.539, 0.398, 0.3555, 0.4128, 0.464, 0.543, 0.689, 0.829, 0.976, 1.088, 1.121, 1.08, 0.9355, 0.7354, 0.4421, 0.0883, -0.2568, -0.4795, -0.5635, -0.539, -0.4507, -0.3027, -0.12366, 0.02861, 0.0645, -0.09186, -0.4062, -0.7773, -1.078, -1.257, -1.312, -1.086, -0.4753, 0.3823, 1.296, 2.125, 2.766, 3.05, 3.023, 2.668, 2.062, 1.322
0.5645, -0.2544, -0.7, -0.9316, -0.9844, -0.8877, -0.74, -0.6006, -0.4402, -0.206, 0.0979, 0.4792, 0.9004, 1.254, 1.363, 1.164, 0.7656, 0.2827, -0.1711, -0.4993, -0.7017, -0.8154, -0.832, -0.755, -0.5967, -0.383, -0.1252, 0.1792, 0.55, 0.8706, 1.092, 1.232, 1.372, 1.443, 1.369, 1.076, 0.583, 0.03815, -0.432, -0.8, -1.043, -1.152, -1.115, -0.9062, -0.4272, 0.2798, 1.127, 2.062, 2.922, 3.484, 3.729, 3.723, 3.531, 3.23, 2.91, 2.496, 1.991, 1.522, 1.133, 0.847, 0.701, 0.662, 0.6514, 0.6787, 0.751, 0.823, 0.951, 1.107, 1.207, 1.229, 1.148, 0.9985, 0.728, 0.3105, -0.1398, -0.52, -0.768, -0.8433, -0.828, -0.6885, -0.4258, -0.1522, -0.06042, -0.2372, -0.638, -1.047, -1.289, -1.342, -1.215, -0.8193, -0.0707, 0.9043, 1.823, 2.676, 3.357, 3.684, 3.723, 3.375, 2.629, 1.625
0.8896, -0.09863, -0.4954, -0.5234, -0.34, -0.0504, 0.2156, 0.426, 0.625, 0.826, 1.006, 1.207, 1.434, 1.661, 1.757, 1.621, 1.288, 0.7974, 0.2947, -0.1456, -0.3972, -0.4417, -0.2854, -0.003492, 0.2717, 0.5884, 0.9355, 1.299, 1.684, 1.97, 2.074, 2.059, 2.055, 2.047, 1.911, 1.635, 1.153, 0.5884, 0.02908, -0.4219, -0.7544, -0.8647, -0.674, -0.2393, 0.4739, 1.304, 2.172, 3.02, 3.703, 4.15, 4.383, 4.48, 4.438, 4.273, 4.06, 3.695, 3.156, 2.629, 2.094, 1.695, 1.449, 1.344, 1.267, 1.214, 1.15, 1.082, 1.129, 1.238, 1.341, 1.384, 1.365, 1.291, 1.068, 0.6704, 0.1692, -0.338, -0.811, -1.164, -1.441, -1.592, -1.526, -1.287, -1.094, -1.104, -1.295, -1.443, -1.412, -1.175, -0.7607, -0.10175, 0.847, 1.957, 2.945, 3.832, 4.555, 4.902, 4.93, 4.5, 3.574, 2.266
1.851, 0.7876, 0.4485, 0.6567, 1.109, 1.592, 2.0, 2.26, 2.475, 2.645, 2.719, 2.703, 2.707, 2.719, 2.723, 2.59, 2.324, 1.867, 1.392, 0.8794, 0.6016, 0.681, 1.034, 1.555, 2.0, 2.371, 2.768, 3.125, 3.465, 3.66, 3.703, 3.566, 3.395, 3.244, 3.02, 2.744, 2.3, 1.677, 1.098, 0.62, 0.2847, 0.2502, 0.6626, 1.3545, 2.246, 3.062, 3.783, 4.414, 4.906, 5.29, 5.547, 5.668, 5.75, 5.67, 5.54, 5.227, 4.72, 4.156, 3.617, 3.17, 2.818, 2.56, 2.375, 2.25, 2.09, 1.92, 1.838, 1.853, 1.926, 1.936, 1.967, 1.905, 1.752, 1.434, 0.957, 0.438, -0.0936, -0.5674, -1.117, -1.68, -2.008, -2.0, -1.775, -1.574, -1.365, -1.089, -0.6704, -0.105, 0.6226, 1.494, 2.545, 3.684, 4.67, 5.523, 6.203, 6.477, 6.418, 5.906, 4.883, 3.393
3.479, 2.648, 2.473, 2.809, 3.324, 3.824, 4.227, 4.484, 4.64, 4.707, 4.715, 4.633, 4.47, 4.32, 4.258, 4.145, 3.973, 3.625, 3.287, 2.959, 2.785, 2.895, 3.23, 3.71, 4.18, 4.535, 4.86, 5.125, 5.312, 5.395, 5.37, 5.25, 5.043, 4.79, 4.523, 4.266, 3.928, 3.434, 2.963, 2.629, 2.453, 2.545, 2.973, 3.621, 4.297, 4.81, 5.22, 5.527, 5.695, 5.97, 6.164, 6.254, 6.3, 6.207, 6.1, 5.902, 5.6, 5.25, 4.883, 4.547, 4.184, 3.906, 3.703, 3.564, 3.416, 3.24, 3.13, 3.09, 3.08, 3.11, 3.13, 3.11, 3.01, 2.793, 2.516, 2.1, 1.697, 1.303, 0.7935, 0.1953, -0.2474, -0.3757, -0.2002, 0.0676, 0.47, 0.9976, 1.547, 2.184, 2.918, 3.676, 4.52, 5.305, 5.945, 6.484, 6.88, 7.016, 6.94, 6.6, 5.89, 4.723
4.92, 4.656, 4.64, 4.81, 5.06, 5.29, 5.414, 5.523, 5.535, 5.48, 5.477, 5.42, 5.28, 5.22, 5.2, 5.18, 5.1, 4.97, 4.863, 4.77, 4.773, 4.785, 4.9, 5.062, 5.273, 5.434, 5.58, 5.68, 5.72, 5.73, 5.72, 5.703, 5.547, 5.406, 5.215, 5.08, 4.883, 4.72, 4.527, 4.363, 4.375, 4.39, 4.543, 4.723, 4.875, 4.973, 4.984, 5.0, 4.965, 5.04, 5.1, 5.105, 5.062, 5.06, 5.016, 4.934, 4.867, 4.74, 4.598, 4.492, 4.28, 4.15, 4.113, 4.055, 4.023, 3.934, 3.922, 3.867, 3.86, 3.9, 3.902, 3.965, 3.96, 3.887, 3.79, 3.691, 3.55, 3.428, 3.285, 3.121, 3.021, 3.043, 3.16, 3.242, 3.5, 3.785, 4.086, 4.383, 4.703, 5.008, 5.297, 5.55, 5.73, 5.875, 6.008, 6.035, 6.03, 5.953, 5.75, 5.36
