-7.298971517494133, -7.737126940034262, -8.017828077615299, -8.31437708671593, -8.637763358181116, -8.93184646278988, -9.166621125803037, -9.334026214665869, -9.388895534945012, -9.226199130294829, -8.770085516249006, -8.108141569350948, -7.489863511779672, -7.144132107151934, -7.120424293012912, -7.3292738551880925, -7.663522853236161, -8.030327339683577, -8.334918408645741, -8.502932076015497, -8.516502342235544, -8.413978872416953, -8.256557194208364, -8.102312467452181, -8.014818856220844, -8.074790856616223, -8.328486333212938, -8.681373085118024, -8.873102778919797, -8.650357263973962, -8.01784319384975, -7.277391910944459, -6.7646805277062825, -6.572756197747555, -6.580353148126483, -6.670724692398296, -6.818546588223919, -7.023901466195555, -7.267380978644853, -7.524935641068605, -7.787885500995142, -8.066911642004161, -8.38405934361525, -8.757320500203265, -9.181219663473378, -9.608290644962835, -9.939498889076868, -10.039214384363293, -9.79925205591641, -9.245264599085063, -8.598229208634008, -8.198796006124121, -8.323124068674673, -9.026618952163682, -10.13384306273898, -11.351598526911959, -12.388243203492205, -13.01523398969816, -13.084656136235042, -12.548840147713003, -11.507304349177286, -10.230325812165853, -9.06976983664891, -8.26767426096919, -7.825736000849536, -7.589976695122135, -7.455396058669591, -7.435513603612357, -7.563528724159885, -7.812826292462518, -8.11321608949417, -8.396066965120754, -8.621459452380304, -8.78486762971282, -8.908917035689207, -9.025759925598829, -9.15811159355284, -9.307807773908374, -9.457321902691005, -9.58212093000739, -9.663927565622553, -9.69506728345733, -9.67427539489019, -9.603378398945791, -9.490914568930885, -9.357706117891405, -9.234231158553937, -9.145344931694096, -9.088682954481447, -9.022578113177353, -8.882754341934579, -8.632051463896792, -8.304243435862652, -7.974042155986131, -7.656712472669088, -7.276473573540825, -6.801489921992333, -6.3892084525456, -6.316230689166158, -6.705751855578878
-2.730617611556316, -4.041122389966166, -5.068017208700629, -6.192331472072216, -7.33508646497914, -8.294942823025572, -9.020318359719948, -9.558937345229968, -9.816360807057885, -9.432178254234836, -8.06187669845828, -5.884639386606826, -3.7010440903526036, -2.35447481734945, -2.1121970125196627, -2.7230037818584916, -3.82890482707439, -5.101831364089224, -6.202106053702567, -6.850989813056337, -6.954245975792858, -6.618257537037509, -6.054790280986943, -5.491992724591746, -5.182294923756216, -5.414966359732315, -6.335462832717966, -7.616882608593073, -8.394562879115995, -7.799749919687031, -5.767881961026643, -3.2419735215553875, -1.3743954654580588, -0.5575979200291411, -0.4472011566521957, -0.6835602007797755, -1.1881227667092364, -1.954849237275741, -2.9079552175012027, -3.9501603433728136, -5.028567622963685, -6.149037053154229, -7.350549166714618, -8.657462059937263, -10.025697641855597, -11.298515216708315, -12.185382528037604, -12.29698223829582, -11.327172151308002, -9.399158487219422, -7.27879752794338, -6.07924118766129, -6.568995252911459, -8.709976689737212, -11.8271933561077, -15.091020267321294, -17.8327016418243, -19.589206833617006, -20.014830399791986, -18.845038379107113, -16.069218241695975, -12.210647135978618, -8.289786852732657, -5.258329880208305, -3.3860092448279677, -2.3368724133242313, -1.7950201434488116, -1.7488256959091448, -2.2378819880019867, -3.129816831478471, -4.174758269320638, -5.140776452038108, -5.892074195079446, -6.407985074278785, -6.7600731139858246, -7.058806395177537, -7.390082938664685, -7.770960208666621, -8.147886328071026, -8.435570600070848, -8.565203441281032, -8.507475259803776, -8.267095960679555, -7.874471329589208, -7.390904994322786, -6.912317315220964, -6.545664269718125, -6.353525291717209, -6.293101335853138, -6.196959677104941, -5.846039451204983, -5.137430874229082, -4.217157695496009, -3.364009898015203, -2.6481948802187003, -1.8197699104335352, -0.7334811859357473, 0.1923363191121883, 0.1916710295336119, -1.035579015682063
2.661177719457289, 0.4502676330361864, -1.701461191137119, -4.005616048283399, -6.105005913762792, -7.653190557077936, -8.705214507701971, -9.54360604096428, -10.149069865579651, -9.86839954156883, -7.859818676703875, -4.117662777565118, 0.07732952295502296, 3.040683186256564, 3.982448168596422, 3.1675955594212004, 1.2052701692351884, -1.278800415111572, -3.6006070555890775, -5.148543570467948, -5.6302208702058305, -5.15432822841119, -4.098556026610284, -2.938634607160054, -2.210547110406125, -2.4863451579045237, -4.056922568441599, -6.39516927811127, -8.01987345971276, -7.3035655969064255, -3.8675333355127353, 0.8298615465619971, 4.672179499710436, 6.698132859122788, 7.308522728161179, 7.060009063207988, 6.092009673631743, 4.451132869595944, 2.329660619621658, -0.023883219673133105, -2.4315151908192916, -4.821935617804625, -7.192082624706327, -9.530690722829766, -11.737384379371083, -13.563088855044024, -14.581364193646895, -14.228506063865069, -12.08414653949925, -8.466975518133909, -4.792836902071611, -2.943428748961565, -3.9569658547582485, -7.4212841614077885, -12.100151622054485, -16.81622322570171, -20.80550673962816, -23.62781137954226, -24.909988281071733, -24.13240266897378, -20.79686316904161, -15.08976213947062, -8.330637408815377, -2.3492554537153216, 1.7962924334780987, 4.227862824397532, 5.4038059845627275, 5.47272047487163, 4.499232480686836, 2.777719840016895, 0.7641218746923291, -1.1203061160412782, -2.6077774514114576, -3.6239325538898126, -4.268222953205517, -4.736865608318821, -5.209493327938875, -5.7519481177687535, -6.291552689009434, -6.678098828277728, -6.780356870214634, -6.548096896594426, -6.017844710287285, -5.294706448024528, -4.537119306590032, -3.9303865894845624, -3.625417915495564, -3.6520987805015532, -3.8506255098276885, -3.8783090211082283, -3.351511787080389, -2.1232802300252644, -0.49651294605628643, 0.9744192858186517, 2.0751332014137263, 3.1909407162175425, 4.684099750787034, 6.106946362543826, 6.388849378283257, 4.9700441694337645
7.521252597132369, 4.626969677093239, 1.358958222414781, -2.0347617110024534, -4.833274780804017, -6.6023057050796154, -7.618909582088895, -8.532926696730398, -9.527151925412028, -9.734560308108977, -7.7384659652533845, -3.0394717755231384, 2.9676760107139595, 7.845263447208183, 10.028808120899726, 9.503454321071308, 6.98060925638788, 3.337239461990078, -0.38667177279012926, -3.1682556487200526, -4.382477180092265, -4.006529539397752, -2.5165075935482166, -0.6531155615891394, 0.7083799346989207, 0.6773882316885194, -1.2142702120040796, -4.358928793616398, -6.874465493428171, -6.484567715021984, -2.2884012818907498, 4.161309539585219, 10.02147882310655, 13.594361549265951, 15.013948630744125, 14.866735387132103, 13.364546672625824, 10.664551551364287, 7.142212215829043, 3.2576177867324057, -0.6322709382153365, -4.335583344141036, -7.777137268136217, -10.894808988661225, -13.531612895213211, -15.365722470879877, -15.899676504665333, -14.54536422551281, -10.99226766490617, -5.92736130973336, -1.3612639736133978, 0.40551171300948496, -1.477322328087742, -6.013279916815549, -11.551118895575094, -16.837881986504023, -21.209261610978437, -24.398236933861803, -26.232913111605388, -26.22390765487724, -23.46768218563753, -17.419140381569377, -8.977703214687962, -0.39167347001814967, 6.3117950076173, 10.543391111215715, 12.635279233463232, 12.899425106008602, 11.575562776334122, 9.111160847090863, 6.128388558479881, 3.2277354628759523, 0.8425495967571768, -0.8352626927653302, -1.865626887069574, -2.490425044729478, -2.987905106203514, -3.5150337984208826, -4.034680023912993, -4.37594553317296, -4.3728250738564975, -3.9733740041989667, -3.264105578028658, -2.4351646281280015, -1.7258767696529969, -1.3563348410903515, -1.4421756847243068, -1.9139497766539557, -2.4773928946850616, -2.6539060554115457, -1.9576919711906127, -0.2265902745862873, 2.107997206663273, 4.238401921748688, 5.723544605467872, 6.937553582706816, 8.47094969152076, 10.133181143199549, 10.876923224912089, 9.867545751524062
11.180520710182531, 8.073476373610257, 4.060844167481737, -0.09564330171110523, -3.311301980234575, -5.074117100934623, -5.867428567431216, -6.692182425136547, -7.985006212911696, -8.820088284889717, -7.341053500354334, -2.430780036505721, 4.820509383274308, 11.58685211749062, 15.48614258593268, 15.91286461722376, 13.42582969457571, 9.016856444899902, 4.014312363942792, -0.14191857332914443, -2.402106831177142, -2.471641267729767, -0.8108088182152331, 1.6198223622375092, 3.618995540808681, 4.020203549305134, 2.209783935481517, -1.250314031653404, -4.4126723288636605, -4.6724359236396875, -0.5691414803718452, 6.707772483518323, 14.075816190366368, 19.144813913546923, 21.472565026948857, 21.458977204991232, 19.39632102036084, 15.633225493161772, 10.775449464968691, 5.503101046024564, 0.3407313181927757, -4.416932951064766, -8.640507862621405, -12.233413764585595, -14.993007523434162, -16.527800619694613, -16.292071473401613, -13.783771360803998, -9.004757183414746, -3.1177455646867513, 1.4940813940808397, 2.602483465300417, -0.12018413813297084, -5.224309057142299, -11.020213551516523, -16.399529935442278, -20.745948302355963, -23.81260897172422, -25.61419583915771, -25.964715541559173, -23.998884785649775, -18.61616242396429, -9.867011703004627, 0.3284622091611166, 9.345644510681133, 15.653055545459758, 19.08912047672215, 19.973415044942264, 18.68488354699265, 15.776547581329643, 11.989093718221405, 8.087946280606136, 4.6940247339282966, 2.1732036527178464, 0.5868775955671727, -0.2756957392365642, -0.7573208564972416, -1.1312890061970595, -1.4644610086793532, -1.6425984809575571, -1.5215761446174443, -1.0707177753976251, -0.41501989338717216, 0.21374980863417659, 0.5637937502537989, 0.45426345105654975, -0.1462559085720755, -1.0708245905657094, -1.947544390956846, -2.252811571179907, -1.4795180371670666, 0.5397829929069395, 3.3398241699494857, 5.992108184658835, 7.848295488560554, 9.123930028199949, 10.502015176035158, 12.145695319716525, 13.310478801527413, 13.040553495375127
13.2999200321751, 10.57004229427071, 6.3433901905570655, 1.783375219192117, -1.693390630567677, -3.444792140826601, -4.030518633319703, -4.672045164323234, -6.056829202522016, -7.389716605493609, -6.6388464638666775, -2.1389064517861556, 5.623500266937379, 13.911945269330921, 19.731162263834428, 21.693051505682, 19.92788442310253, 15.362150131086768, 9.490770569175398, 4.088970842168322, 0.6266485176566886, -0.24741669911567735, 1.1448907443020404, 3.7364276293970127, 6.110300162625086, 6.953732702833859, 5.592679080673182, 2.44157754017547, -0.842679090169825, -1.7671046880700951, 1.5266484805221772, 8.526297716317126, 16.45809039079462, 22.520736297366565, 25.569032965492447, 25.630454671640923, 23.04993095242676, 18.410246992860728, 12.549132029063024, 6.316261643604452, 0.3358344784782977, -5.052406680537799, -9.705542924468569, -13.522262852632313, -16.28020038940504, -17.53868724213814, -16.715458279360057, -13.41210372851954, -7.9558590423463675, -1.8820979384246623, 2.365319138977528, 2.9588778267184246, 0.050175913431811936, -4.876861979216107, -10.456682945413485, -15.782784092815705, -20.140130528724146, -23.087399796425167, -24.629833245184, -24.885896523874994, -23.380991308874922, -18.95184240634475, -10.898213702729908, -0.2835757865524272, 10.356932821623138, 18.748208023975614, 23.958052357757694, 26.009001178978952, 25.274617317217327, 22.360446295178544, 18.099732967027663, 13.403556033647236, 9.065026986616504, 5.631809217199803, 3.338556338242936, 2.0896619706925708, 1.5493985212844203, 1.3457580932478646, 1.2644710725087531, 1.2890199315957422, 1.4808733564345526, 1.8324450140792186, 2.2124323796276353, 2.4125922836388005, 2.2375650606509576, 1.5872531120493991, 0.5097700370932886, -0.778475926789603, -1.9010447837667783, -2.36814422923165, -1.714020773510581, 0.22842594905691888, 3.054287995155059, 5.8837722854960885, 7.981898204830179, 9.35566416905846, 10.601282980037459, 12.130138552556799, 13.619210666305948, 14.229165482779369
13.840765801336945, 11.946338524704387, 7.9965196682618815, 3.368316107428824, -0.2599150991149459, -2.0622284880311486, -2.514327871566342, -2.8868602275520847, -4.085773010177217, -5.627864688974344, -5.606444980667568, -1.9979999542251157, 5.449568764838014, 14.527516364415897, 22.01545913507909, 25.762847290349928, 25.26881373324255, 21.207863614762335, 15.082733991876857, 8.842368087491684, 4.262748788911232, 2.341809858687683, 3.000243750880179, 5.229088702980227, 7.573789708528153, 8.731086204524289, 8.056152937419792, 5.783174924503531, 3.0484263107001817, 1.8077666700355217, 3.9645922790853323, 9.73305259734683, 17.084698254333265, 23.260062336411465, 26.562856974494654, 26.584887634655896, 23.649449871917103, 18.518906839027903, 12.18341562691266, 5.562125661472148, -0.7057381762977059, -6.287115785037737, -11.051436104027035, -14.90955126722996, -17.64611695819187, -18.815364818841964, -17.828599914107695, -14.3412336961088, -8.833912081789501, -2.946576819587798, 1.0678885311226043, 1.7934685320082533, -0.4941619182883306, -4.684997975511279, -9.827789515461372, -15.078263016730654, -19.530291992429067, -22.512697866820083, -23.8915114517184, -23.907193194071066, -22.519605862969737, -18.91245498306016, -12.06484067895544, -2.109035762244557, 9.118080502262742, 19.14051746562991, 26.27317863361882, 29.952101684492945, 30.31903743238487, 27.943622633873307, 23.717361801788826, 18.659754993543935, 13.685908701790446, 9.483953806243337, 6.464505196801222, 4.705674438301708, 3.96349312853984, 3.828515233535778, 3.9464287298241936, 4.133457409564914, 4.3266175443235255, 4.468183141905342, 4.447246578821076, 4.125580812449524, 3.399886514257876, 2.253416241013309, 0.7830936075416322, -0.7907750496009992, -2.128163526286599, -2.8046115076378957, -2.4222881730977774, -0.8261988521594593, 1.6738874505913115, 4.345329812851887, 6.483772384722491, 7.927093861567858, 9.089353996735612, 10.480249492957492, 12.17367770223049, 13.621337835529372
13.135059622531541, 12.228392744091312, 8.87286022434848, 4.4616538455027035, 0.8123063971014677, -1.0683474812468325, -1.453440923890072, -1.4950220059918486, -2.237313409558236, -3.6205119895360687, -4.146641890595687, -1.7188337430807161, 4.608612255013221, 13.4614140941996, 21.867171288599106, 27.174177799210643, 28.203605759600382, 25.215098491588552, 19.535268840442846, 13.079273607302099, 7.740995460864731, 4.777917904585925, 4.40343798572642, 5.823803248926754, 7.72531421585717, 8.938746743325499, 8.91834052079221, 7.786162385502855, 6.167518865601421, 5.241086366349788, 6.501474758709358, 10.610076090152289, 16.451488546937078, 21.781440962568347, 24.74592936915205, 24.608281198344095, 21.57572481357849, 16.42924412212738, 10.158271173656583, 3.6443410247165655, -2.508625855356914, -7.985161951979788, -12.661673046249135, -16.454186342570914, -19.16078751772771, -20.36670517187543, -19.52030003266321, -16.291464878686725, -11.121479556069984, -5.490281743778959, -1.3411156650222003, 0.11255993799264143, -1.1286855050270506, -4.495267000652945, -9.266014692760692, -14.453046908588117, -18.976140202855674, -22.065754426454912, -23.462204676751234, -23.34273928150883, -21.918120916756006, -18.859273447237605, -13.287621383242177, -4.720239216500003, 5.9535877420064915, 16.67162403318704, 25.370460632766587, 30.83719647277772, 32.763185102962765, 31.523224708950057, 27.971466943049247, 23.162051911071313, 18.062989356757488, 13.440041809854057, 9.845494035924633, 7.549655516518489, 6.467754518390712, 6.234407989252411, 6.410835148715614, 6.6605169420506325, 6.785728911062609, 6.670151694893701, 6.228957032376417, 5.405264788222129, 4.187882735329239, 2.6244299873580457, 0.832029034931213, -0.98457288353706, -2.519852535783725, -3.396597329118267, -3.271443453360042, -2.0129711179950527, 0.13162443480702365, 2.556737747980856, 4.612568853622148, 6.019330731843339, 7.020911021510481, 8.160824373087653, 9.844898089354142, 11.87695455696516
11.74584917976457, 11.6679547710975, 9.002261463538337, 5.002137728595143, 1.469369830702651, -0.4801185213606332, -0.8738862089860355, -0.6090027209914535, -0.7276844673870874, -1.5783066472864504, -2.271568555232922, -0.9838796194200895, 3.6805988239206266, 11.279300818188604, 19.519282933701962, 25.69334728598297, 28.10541680739535, 26.51514996900832, 21.893158033276364, 15.914097717531071, 10.38933541260603, 6.692599428600602, 5.29523223359434, 5.694306463040266, 6.833432905160189, 7.754174351816027, 8.057690499403977, 7.879801562847024, 7.555797385567299, 7.557417527574363, 8.646797116165676, 11.433369145290037, 15.514950158601607, 19.429671009058392, 21.604620116047474, 21.20150802948516, 18.256421318817264, 13.396087249450872, 7.471531051660282, 1.272387922809561, -4.629118624117404, -9.913513888822541, -14.44397209439195, -18.122946045825582, -20.745725828571352, -21.93167782168867, -21.19800086474957, -18.24200184037923, -13.391843590481175, -7.854757389228084, -3.294029885814597, -0.9655525535444252, -1.331896983172188, -4.218414361065229, -8.840522867638436, -13.968420583113959, -18.472680073904318, -21.660584426127134, -23.227886733122936, -23.18705262409892, -21.760958824339003, -19.0022748754813, -14.453451441884669, -7.4944339701601494, 1.7657051994871733, 12.053035858683124, 21.474949315827104, 28.428595449901756, 32.095685578723014, 32.483692476131324, 30.245602142199935, 26.345508677076477, 21.717422502304963, 17.139247322585078, 13.255650165851046, 10.513039518413416, 9.018468065198752, 8.522616505710669, 8.581670542789961, 8.762025093733957, 8.753230443681552, 8.37876519623217, 7.567786606193742, 6.327055509499144, 4.71368477956869, 2.8135363473797104, 0.7470141421438479, -1.2919333814517788, -3.0016199291661625, -4.004362427934532, -3.971448699077103, -2.8000114855968206, -0.745491395713889, 1.60789607220276, 3.5999438340367, 4.858856762702039, 5.532344066453699, 6.222104843770391, 7.611905058990133, 9.828629652294781
10.172198527829472, 10.597442735343597, 8.546379820269761, 5.046280959767259, 1.740273843122398, -0.2552347318899146, -0.7507425710617479, -0.3112460250350445, 0.18715785925975623, 0.13372062021929892, -0.2318258515673495, 0.3384642270461896, 3.3003724337838443, 8.981204715461345, 16.008332526584205, 22.095096928006964, 25.36751385624661, 25.13827871813772, 21.90536852158728, 16.94518498747748, 11.829142669315308, 7.900223548010545, 5.782699349252561, 5.2326329215494365, 5.4750478340454505, 5.790032686805553, 5.947196938378579, 6.193193537764416, 6.842940413652615, 7.988778917838982, 9.678726974793511, 12.049512183695924, 14.94066858681494, 17.571887277338647, 18.884531885222483, 18.157550994286456, 15.287429592756123, 10.68547944541183, 5.032463392153339, -0.9564316137608793, -6.709128014263435, -11.879179356565427, -16.300529867014312, -19.843500081007615, -22.274277711594358, -23.22319117216004, -22.285110772808164, -19.236537082369377, -14.359614972402833, -8.67211441002294, -3.7046728013305037, -0.8820320992964288, -0.9960593923062492, -3.9113501330041345, -8.571565244127617, -13.590788333383532, -17.972686379517565, -21.22588581823203, -23.06558930926863, -23.31742429511195, -22.04350101504197, -19.45484889246308, -15.538040795585882, -9.921732060491683, -2.3551067689662517, 6.660154913615507, 15.812828130319565, 23.551623761585443, 28.728364960535895, 30.925350390028566, 30.437704780380667, 27.98590395407845, 24.36327834588201, 20.292700378311974, 16.45944802286854, 13.448324469750048, 11.554463617402199, 10.686832749249286, 10.470622886470851, 10.44856856465486, 10.242775877185395, 9.626041449645857, 8.52365804509455, 6.973542028042257, 5.065665438832823, 2.8975711979511387, 0.5863526513071642, -1.6666191398394832, -3.524299323265504, -4.558559294422926, -4.4143598134148485, -3.0199566282248997, -0.7133917228534903, 1.8207924842333154, 3.827517773176884, 4.8642855405156675, 5.074492901457677, 5.165877656556861, 6.038582660734456, 8.056241158632366
8.66301719449196, 9.281806545286456, 7.705068545129061, 4.71398934701446, 1.7001246522574336, -0.31616067494714367, -0.997159769920893, -0.5746456568220811, 0.3625236628485499, 1.153787408996809, 1.528711724151574, 2.030242866960713, 3.785224461360762, 7.520948235307834, 12.737956906122989, 17.880425382470353, 21.280623435638965, 22.00236484380816, 20.08661934372296, 16.35365979577764, 12.047471899338365, 8.360855932430878, 5.940567633180211, 4.703403167938124, 4.110871982860145, 3.6706941237982234, 3.3136355582406765, 3.4116802578193277, 4.408655268286387, 6.375485990078802, 8.974647637830662, 11.792638284290945, 14.467733361626463, 16.513697817997805, 17.30018731278823, 16.315291375524648, 13.411344363542312, 8.856403188474612, 3.2282388512382187, -2.781551043608586, -8.575836847905965, -13.76839328445557, -18.148203220900857, -21.531972330780714, -23.63149554655071, -24.063621425410982, -22.502274815423142, -18.871956790030495, -13.56062097258113, -7.598702568996539, -2.539289226731324, 0.09881691790017831, -0.44486336974914686, -3.737796043597447, -8.44863742692366, -13.247682933006459, -17.42469069452917, -20.723452833005627, -22.89229778821187, -23.5935486756733, -22.660973289647863, -20.254644596326763, -16.6410711441007, -11.844975230028872, -5.672383669357196, 1.8356824611197646, 10.029424138427615, 17.767008436516583, 23.89076156860441, 27.677715698057924, 29.017605497696845, 28.27193923071585, 25.98974236419221, 22.77035602931683, 19.28701412852472, 16.21313898824475, 14.000016663011124, 12.722622417958238, 12.12466441339938, 11.793241513106963, 11.33709016073079, 10.498241182568474, 9.183757473122194, 7.427470176802917, 5.314172717397114, 2.9293101563653203, 0.38721993316672076, -2.0805476597910126, -4.0681340500731995, -5.064420928231046, -4.666847544009549, -2.842839921863449, -0.06730536907361383, 2.794064017205577, 4.848743548993768, 5.623502290597727, 5.33613613838636, 4.821026644870255, 5.111657318282852, 6.700739370342532
7.261203524693888, 7.883705392466528, 6.657706590513137, 4.138123843209419, 1.434576125983971, -0.5777448040118904, -1.4832522823307865, -1.2456748474821575, -0.1395050537468593, 1.306369150475786, 2.5634647010834715, 3.564750834594847, 4.885282289614529, 7.234742206902913, 10.688650703659267, 14.448167729237106, 17.31328430983571, 18.3658723603763, 17.35357177918276, 14.708633178489807, 11.33189831759446, 8.177351910646868, 5.79294192294207, 4.1531222680709545, 2.8985624207854364, 1.7436956842200435, 0.7562756089708463, 0.3754256878777978, 1.149595523826104, 3.306645609763864, 6.508181799755685, 10.048764048629401, 13.223304828041837, 15.456862690117626, 16.259637244978375, 15.26000738777772, 12.336732469364211, 7.721942992787057, 1.9715415869695228, -4.209993659694498, -10.187878724400477, -15.518479170964422, -19.915341981122506, -23.11126514701519, -24.746440765848767, -24.42060302840615, -21.9042720489448, -17.34463602122779, -11.393209354605291, -5.273311854268542, -0.598556732446922, 1.2531679689027362, -0.09255085194167817, -3.782504350833276, -8.387019258092614, -12.842383453840112, -16.781177660054723, -20.13474381837287, -22.65962077834516, -23.89508607429942, -23.46543820164572, -21.359638280824477, -17.904568363925556, -13.442282643784813, -8.065004596028729, -1.7333598640007986, 5.3570053827369915, 12.577233461192044, 19.029745301522954, 23.91293801704162, 26.804436293616824, 27.690941906361306, 26.8189894242403, 24.608560683899764, 21.668980458201823, 18.70607659222043, 16.278330997922893, 14.607599264650466, 13.57754891323998, 12.869321461626438, 12.127963999512469, 11.089220796558763, 9.633325626987164, 7.758374554500052, 5.509102265819848, 2.939982812366942, 0.16817583019186763, -2.5218058917290707, -4.631999055270098, -5.5574147308842345, -4.851778462627574, -2.537928847658016, 0.7460308283425813, 3.9313566006644582, 5.999169947588988, 6.495381726412765, 5.758219707968576, 4.73636927654222, 4.514092518406232, 5.620970360117689
5.959303785707915, 6.512294260499245, 5.549893288471805, 3.4342669302268467, 1.0155585832616263, -0.9709632541618237, -2.0779951004213353, -2.1009571574310746, -1.0696314357204968, 0.6966412313038041, 2.6574886948308536, 4.387364373917177, 5.923160110510088, 7.669055666730331, 9.889127832071171, 12.325798210119977, 14.300152139506663, 15.131393213833315, 14.508778517515346, 12.630765300888438, 10.093357439398503, 7.557018394983692, 5.383353446571533, 3.5369636785538177, 1.8076634658724182, 0.1082643695398923, -1.3817162566098258, -2.241641594499869, -1.9502995857460599, -0.1587619082839543, 3.0070891485999134, 6.904929771536993, 10.660867633446669, 13.477402644151665, 14.749927279861785, 14.086316866474375, 11.366523730430472, 6.820821036068305, 1.0083186899169914, -5.347039208077061, -11.560285398507876, -17.0962733545363, -21.546739904301457, -24.526239084394902, -25.600003150193242, -24.376038698711238, -20.763516464943088, -15.197679788255671, -8.686609450530542, -2.699634392954898, 1.1931719999569403, 2.003213501205559, -0.09957752302007346, -3.948390989258886, -8.239402292575376, -12.281818592684246, -16.007181544870207, -19.448756745643237, -22.338276239146808, -24.132712688970354, -24.308795970606226, -22.660609649411562, -19.408162482604418, -15.020226104383715, -9.882539493710931, -4.1347682867504165, 2.1685115884104085, 8.778048016891077, 15.150737192672638, 20.607866746473043, 24.588259406616107, 26.79034488001383, 27.171671775444448, 25.949187100492935, 23.625500693912738, 20.88293187970493, 18.332190658092244, 16.308444239348166, 14.83594967527012, 13.719950513166122, 12.680207218896527, 11.46872642168618, 9.933764802147458, 8.011251501201496, 5.676950066132554, 2.9414766775466443, -0.06601132272365422, -2.9866539708521174, -5.214650971154397, -6.0541213760678385, -5.035335928584339, -2.2586335304483787, 1.4684647259611783, 4.8927905512298056, 6.908488257311522, 7.120851820027728, 6.003823894554259, 4.597711260375766, 3.9819434098764876, 4.663101268690804
4.79178313165543, 5.264306587879185, 4.494340944381993, 2.689054822019488, 0.49673508123040194, -1.4439932038498762, -2.673568772924018, -2.9197273074939742, -2.0927140708365206, -0.33450996288843193, 1.9520028994608767, 4.258027255909896, 6.27186136072598, 8.01605256532179, 9.645944656701092, 11.145064818971298, 12.240370484082067, 12.580887682766676, 11.985831895451298, 10.575248557157684, 8.703863230079088, 6.729203573168122, 4.794923529305174, 2.837899477638916, 0.7966348254285974, -1.2184543798740355, -2.9409365639077567, -4.043985034598729, -4.172863281682452, -2.9992212857238427, -0.4300507376103874, 3.1829975517082345, 7.086613053577233, 10.38488253697251, 12.285864253965308, 12.23973100523777, 10.026082293909374, 5.813725682164184, 0.12696584632686367, -6.3067364425858585, -12.737606818102392, -18.498218354940377, -23.011027437647943, -25.744645660049194, -26.201359751234264, -24.045267538637358, -19.379531303390152, -12.962925678223854, -6.155325925033473, -0.5917793498868034, 2.363158325422197, 2.237741439292696, -0.3162832385476729, -4.029295773713559, -7.872181963713305, -11.514267684143961, -15.088896327050467, -18.655721215352553, -21.905057535842545, -24.245898095513876, -25.071721623114055, -24.018482550428228, -21.125820744020302, -16.808167067986748, -11.609699412518108, -5.919939594716685, 0.09900478278958609, 6.338227636366834, 12.531471860839904, 18.21169099559038, 22.83937349619255, 25.96264221436345, 27.324539800260283, 26.954827145821906, 25.225326600248405, 22.748225372690996, 20.135528086932833, 17.798919372569053, 15.892892677508112, 14.362330979785026, 13.028294969203, 11.67615804376687, 10.117702540482645, 8.205024179205006, 5.822778700899447, 2.930842395357183, -0.31815755864981604, -3.4714765796973657, -5.803272430823309, -6.533458860332837, -5.193782192784538, -1.9875507431934631, 2.105968991629227, 5.677054757513269, 7.5731472042596835, 7.486517547394557, 6.032465268618395, 4.331945022636492, 3.434660950506334, 3.78806286513794
3.8201678500168117, 4.218826616318539, 3.5661216222968037, 1.9596761636809616, -0.07745686452450054, -1.9469441575352435, -3.184081856158016, -3.531909181311783, -2.908309802796851, -1.3698525402957686, 0.8564380854291437, 3.3743974231693117, 5.762229303626283, 7.753383799838468, 9.2658624466909, 10.28294052394883, 10.756648829836246, 10.633168346545268, 9.937620720050518, 8.806937653935133, 7.420131422981933, 5.870833393884479, 4.114076391765642, 2.082767851435932, -0.12657510163204733, -2.21940746642044, -3.8764204460912723, -4.915825154395777, -5.232441684640741, -4.641687616098388, -2.9297701972334513, -0.11524280697429562, 3.3677911305266326, 6.740609472919847, 9.118494718279814, 9.758662196053884, 8.245143697762702, 4.589289814530712, -0.7872641947089086, -7.182859605463901, -13.77679235915389, -19.740298068386082, -24.293014334133392, -26.742746108668626, -26.551530999284633, -23.495163214219428, -17.921614489605716, -10.910005033923994, -4.088516724218575, 0.8866495718841476, 2.9773824381609058, 2.206779737069705, -0.46898556047242224, -3.854482107143114, -7.230118584156879, -10.540905223403119, -14.028467744531335, -17.740539215872968, -21.33255869870428, -24.19152282340161, -25.671753771043836, -25.303828289477387, -22.95092097017406, -18.869405300386894, -13.596858781717982, -7.695151133903056, -1.5364068698907536, 4.699438676966863, 10.85572804894183, 16.645483655167997, 21.63701519473087, 25.355058024038165, 27.42760983979732, 27.742534282955635, 26.539032790176247, 24.32922299706236, 21.6871670595796, 19.06862029803825, 16.744259480415728, 14.80520497037677, 13.190990008798831, 11.731644666197578, 10.197535927735167, 8.33969129278317, 5.936432360654293, 2.8955467550594185, -0.5943480729003962, -3.9697199657547677, -6.374423886612911, -6.949322578784858, -5.250393463289929, -1.6119010666788394, 2.804285340227727, 6.448607057958478, 8.153039806627863, 7.72317894664272, 5.931151772438073, 3.98514220652037, 2.898532842380421, 3.0318362529002716
3.0824884718592496, 3.414419548738467, 2.7990988383203295, 1.280755925763331, -0.660936739580651, -2.419663522333699, -3.537465547683949, -3.8362613767428453, -3.334912331083763, -2.093351712700284, -0.18954632290082193, 2.1828393863833746, 4.6766766306380605, 6.892470425638942, 8.520680850309553, 9.414084780237648, 9.586502244228788, 9.180080326710002, 8.405435834573423, 7.447581442448137, 6.368455972430412, 5.071687253597271, 3.3942346250921083, 1.3073534449300854, -0.9358034637737938, -2.8953253240849532, -4.247379434776125, -4.984043102765143, -5.263753297036447, -5.088589594444528, -4.214230309147758, -2.3977859662265786, 0.2836847749890929, 3.3117267749724477, 5.8544747968996305, 7.037928434182515, 6.225216158347129, 3.205854286700697, -1.7595827065734297, -8.028887751588897, -14.720158429790757, -20.83574955102625, -25.378311408276097, -27.492314490633444, -26.625785780389776, -22.716482340113426, -16.39265082709561, -9.02218370634674, -2.388334080689224, 1.9648174956168725, 3.3663752899194734, 2.225394356178461, -0.3676648028753566, -3.3749247976485734, -6.342003942027689, -9.396145214904127, -12.83064946165394, -16.67993838781996, -20.586017970208047, -23.931977276965764, -26.053949358757066, -26.417141247084, -24.74824599143175, -21.12395840965275, -15.960422282164965, -9.855909911265032, -3.3582579145112135, 3.175455250416793, 9.5351154448446, 15.507848233986262, 20.769752006246748, 24.897358938985057, 27.490863882198532, 28.351831825489143, 27.603134487669234, 25.64585591096849, 22.99210195827845, 20.117203461379425, 17.39402921036422, 15.06102817027221, 13.186166208596667, 11.650473690238416, 10.177935214495388, 8.406319843467054, 5.999761010704841, 2.8178250853492495, -0.9023914691524462, -4.473666911807185, -6.902520884638492, -7.254926330455817, -5.1307493339366, -1.024707528365688, 3.6979544589743467, 7.351923079872341, 8.780397739997392, 7.935783301461089, 5.773763361750944, 3.60482334038066, 2.406013506917277, 2.4263827877295867
2.5704633414888143, 2.8433244180489687, 2.1940676295219586, 0.6757305191783148, -1.2006899824282797, -2.7925115157281497, -3.6744024126959363, -3.7970190652522975, -3.33015033950015, -2.3844476877147613, -0.9242814359278269, 1.0739490440840551, 3.4320277074005476, 5.748411993357285, 7.55808240315649, 8.545685035913417, 8.676302570184404, 8.176565885669879, 7.377213882443863, 6.506513460966904, 5.561496684797931, 4.343010547041694, 2.651842999490977, 0.535176694598289, -1.6180713141337069, -3.2834231395727556, -4.190604952226972, -4.518920771313244, -4.654817932951957, -4.752672724944569, -4.566322885729558, -3.681582883796937, -1.892181554393531, 0.5589138650743727, 2.98466856674146, 4.475144343568423, 4.218456562691102, 1.7801726304881533, -2.764246414342255, -8.859440072364524, -15.584682404098487, -21.785198983163053, -26.249017513815307, -27.963601847112155, -26.387757772549417, -21.659821280361577, -14.707439789954815, -7.145651734095044, -0.8121233555436167, 2.946808027632417, 3.8098125104870566, 2.4576825678553935, 0.013063366214700839, -2.6508497428971465, -5.27949894137073, -8.118596492966383, -11.495016061112363, -15.448014443511035, -19.62954350730694, -23.430757531926712, -26.176471848404486, -27.287157050521955, -26.39373243652393, -23.420406089920522, -18.620564418188707, -12.514961892895716, -5.721025895885579, 1.2352843845303936, 7.9966804423445526, 14.30715952243179, 19.888952242000656, 24.382861802675205, 27.41267601247186, 28.741534247564655, 28.40187555652407, 26.688715635875614, 24.042509069297928, 20.941979614384923, 17.84955586465416, 15.148041580660554, 13.037481500158885, 11.45184189022354, 10.064602880949495, 8.394444332359988, 5.9918488894437765, 2.6772744884931576, -1.2521532972835632, -4.978208489818167, -7.368767105120855, -7.421220152415828, -4.797495931591063, -0.18102090298123258, 4.836668390699739, 8.436149361437725, 9.500598869773354, 8.165839396882843, 5.595428023778635, 3.213068645269228, 1.9627136475362386, 1.9665432153266411
2.2387298373085063, 2.4661059383658013, 1.735491788855462, 0.16714644745711804, -1.6385546312439616, -2.996319533700543, -3.5521351392863547, -3.4257002154088694, -2.952202053166628, -2.2941006761720377, -1.3144744463707123, 0.21226048769878544, 2.2974970751882817, 4.607159919112274, 6.592389118824907, 7.782682559201055, 8.036629486417224, 7.5758580069184465, 6.781457472715125, 5.910203635797709, 4.941189554161168, 3.6548046262671234, 1.8866738747794891, -0.218655733500116, -2.1726527687379638, -3.4358036157541747, -3.8495460358501106, -3.785427628239124, -3.802362287895885, -4.132890438470751, -4.501615260013642, -4.376100636026019, -3.3668546035211313, -1.5125532911458417, 0.6514840114375333, 2.2467817158044423, 2.361824064381738, 0.3856484426570831, -3.778757040876267, -9.67689265533742, -16.37549157042733, -22.585346974522675, -26.89287547096874, -28.140650313212248, -25.82012687723757, -20.29684287814011, -12.804259606676574, -5.165211085562403, 0.8004486355291823, 3.987105715497332, 4.388989008912113, 2.882718957612976, 0.5823445419609403, -1.782491223057923, -4.10966416038699, -6.734193823172824, -10.0190117799439, -14.026939540548696, -18.436541018084224, -22.65561008172955, -26.00139922726219, -27.85839716070115, -27.78788671982361, -25.599711248741777, -21.395900577894214, -15.564175545532182, -8.686103954536465, -1.3768125366982749, 5.853559581942714, 12.630064144250975, 18.640406156336013, 23.553169609516228, 27.024475803875177, 28.80706421892958, 28.86875403694434, 27.41284104135007, 24.808750760208827, 21.529146641933536, 18.114873252777887, 15.08648767440874, 12.773370335522763, 11.159838898915808, 9.866293840291167, 8.294294137683032, 5.890751884882861, 2.451440398071784, -1.6567260045615093, -5.48414452537993, -7.76648564660066, -7.443552465420488, -4.256940191927672, 0.8984286240129572, 6.1897959476568625, 9.672974533351306, 10.302255196250849, 8.424478514337318, 5.418632971023081, 2.822464357542584, 1.5562498547134516, 1.616732188354395
2.0237145388151956, 2.2313231819738464, 1.405932409998241, -0.21963840687212538, -1.918716609266469, -2.9744510363480723, -3.1472661775646054, -2.7561991437726734, -2.2938857486526816, -1.9459170070880343, -1.4619215711799531, -0.4305431727866951, 1.3331156667541764, 3.580157863830987, 5.72288656017018, 7.163771603657762, 7.63309791838918, 7.287140427973443, 6.501292310790258, 5.548556963059852, 4.430617685617755, 2.9745523112257195, 1.1024687633546475, -0.9373974461530965, -2.5979802554230913, -3.389115736059163, -3.3127768120091945, -2.9330934914069977, -2.9293656079254635, -3.5392293415669887, -4.410978040395913, -4.905981392724506, -4.520752161316887, -3.174322723312923, -1.2949656484080965, 0.29028977337808926, 0.6328236918575825, -0.9919257243946377, -4.81976375086994, -10.498488867000754, -17.105577385781213, -23.243088571109595, -27.314532125887343, -28.034131410718988, -24.94588547161683, -18.65923962043173, -10.709678532418481, -3.0917492586028428, 2.4434468424443962, 5.053773456348962, 5.0239860017486455, 3.385709081143604, 1.2284528310844889, -0.8478599907666137, -2.871831856600906, -5.257474425375992, -8.40716692586196, -12.415991112281915, -16.997557208059636, -21.584460594307426, -25.493870715429175, -28.08110053398749, -28.850923994615464, -27.52633324121069, -24.087732984732437, -18.785130922142663, -12.101457158680333, -4.649349738054388, 2.96534645175431, 10.236581668795504, 16.759237207037348, 22.173760765372013, 26.143505512188266, 28.41455988368467, 28.907317816435086, 27.749231218413897, 25.24434125948955, 21.854249016259992, 18.18830233163923, 14.894635269003489, 12.422425551107002, 10.798975147547125, 9.591168693817552, 8.09433943081683, 5.672065796648719, 2.1147572011291604, -2.1338232623107265, -6.000078731389646, -8.10246349799657, -7.339595439956552, -3.5490700137140285, 2.1494658993708757, 7.681847455691293, 10.999629269995689, 11.156125632148882, 8.717518841652389, 5.264348740847213, 2.441430961804994, 1.1643153986429604, 1.3251156073283479
1.8577389930041974, 2.088342826289302, 1.1914196032883315, -0.46072375789196585, -1.9986468251669278, -2.693749807809332, -2.4576939489148124, -1.82574474061507, -1.4285722679917527, -1.438253198911446, -1.4707777547588272, -0.9395749210312472, 0.4900813070023126, 2.648611966464426, 4.931914775971745, 6.641517449630398, 7.375623556186155, 7.187774820493771, 6.40748959877053, 5.315547902382376, 3.9675330104435385, 2.2861245988840624, 0.3136131925772635, -1.6005379943218405, -2.8881721459989964, -3.1592424497014564, -2.6093314174670756, -1.9896112132289399, -2.060060801227301, -3.015214455456524, -4.396056646637682, -5.456164501017552, -5.607166844742026, -4.697807233768034, -3.0920157657125893, -1.5721283214215367, -1.089822812646593, -2.433393469472519, -5.943322748551599, -11.365494961980138, -17.80627552672008, -23.78324381324856, -27.538905617347854, -27.680408833592583, -23.824218449223217, -16.832479117584, -8.528221269425757, -1.038449524423663, 3.9985200270038135, 6.022267033231391, 5.591656379327071, 3.8635149761250656, 1.8834084294991367, 0.11892608689656822, -1.5817472979891907, -3.702534499380424, -6.678770062524683, -10.635109644705297, -15.323344101228873, -20.210796103302478, -24.627603622601715, -27.910380031008355, -29.51530452374444, -29.09231856566713, -26.524580029928803, -21.94305874552261, -15.714541686465154, -8.38629364825873, -0.5849609835862394, 7.091085659785706, 14.129508839617793, 20.098565316839807, 24.629814050558736, 27.44659394779186, 28.42575948257892, 27.629504789195913, 25.302133500928075, 21.891418885526583, 18.066049662467766, 14.58775018266295, 12.008889796089324, 10.387869308757036, 9.24060255259228, 7.776603988039171, 5.306030104634592, 1.6368609511314431, -2.706907120521238, -6.542951530282386, -8.395717619014263, -7.1438239242508645, -2.7345069360147023, 3.4866042468012397, 9.220140439035015, 12.342549537916016, 12.024799359485504, 9.039316968417506, 5.137942205370029, 2.0630321966462386, 0.7531613684744949, 1.0322029410154414
1.6767959271717887, 1.9914739986141963, 1.0785550230932712, -0.542797961055507, -1.8603501646731893, -2.1533994005942776, -1.5061762704307549, -0.6704494608438842, -0.3912715066573146, -0.7995049859469855, -1.3677720695557711, -1.3462875152905445, -0.26939002603398005, 1.7670870123299782, 4.158847505854927, 6.129871487676114, 7.150723495877409, 7.149553943949305, 6.38095361026689, 5.125065997315316, 3.510843915229744, 1.5881997057190036, -0.46014863754843993, -2.189718507460648, -3.0416124041200594, -2.7606255939461586, -1.7504693460942178, -0.9342576790164234, -1.122345780630046, -2.445503234207, -4.337849400263522, -5.9576833865458365, -6.6434334973003155, -6.182831969845225, -4.884364491602406, -3.486490675677708, -2.927243285139063, -4.030194070198198, -7.218571978607437, -12.3335338748363, -18.52439179621126, -24.24575873488556, -27.603752719386186, -27.125843155920766, -22.523441130266903, -14.914064461911167, -6.381654146557142, 0.863088821088908, 5.3403547544488905, 6.787274216766118, 6.017442059501115, 4.276371981826025, 2.535014678684553, 1.1167354076822047, -0.24670094433633744, -2.0919969566013834, -4.869746957819446, -8.723647422494043, -13.444849706149956, -18.547714378810543, -23.392868664536955, -27.313318440553964, -29.72539752975204, -30.21231362805001, -28.57253152957446, -24.837055410089995, -19.264388991353442, -12.310871808932673, -4.566461196385651, 3.3359274848557248, 10.80124030081898, 17.311295039375995, 22.43435545238875, 25.846727488805012, 27.373639348305005, 27.01392372211835, 24.954407203667213, 21.62671822118431, 17.749597791773603, 14.179973004463804, 11.549950717776104, 9.93393044043365, 8.80370233303028, 7.312748770420729, 4.755517635322494, 0.9818666388657361, -3.4051862185084856, -7.13713595534419, -8.674725984423599, -6.901531610612788, -1.884484695222737, 4.815682494051562, 10.704924180281632, 13.617946551482929, 12.850690735494075, 9.353063339212357, 5.010749970764811, 1.654394078993164, 0.2764316771297865, 0.676669641010309
1.4251411177512303, 1.8991544256038555, 1.048170353645672, -0.47208181920528725, -1.5180442817142858, -1.3896390622081805, -0.34435690491718746, 0.6666607249067217, 0.8073931220150524, -0.0017508116163817745, -1.10153717613579, -1.6011420856678553, -0.9184211737052339, 0.9294531579787563, 3.3612957355062965, 5.550957382482531, 6.852724311944924, 7.056746212534214, 6.319795233694085, 4.908994405499706, 3.0329327766109415, 0.8850344357573167, -1.2016240326227223, -2.695849849327373, -3.0716080917868167, -2.22829553759805, -0.7738984708665051, 0.2236215484332063, -0.06922120968324606, -1.7171200918194767, -4.07383814513449, -6.237723543831719, -7.492495488226021, -7.5576395533859335, -6.66473512133285, -5.486544775497008, -4.928554063028455, -5.833012925739168, -8.69556354755078, -13.453242041756855, -19.309259008562876, -24.673885146725677, -27.544424412312022, -26.403946350344977, -21.0868296284108, -12.965099455998416, -4.345224087702045, 2.5382746173071213, 6.412297563200158, 7.321351686905928, 6.304100721014615, 4.64740495476791, 3.2099190901282193, 2.1591149188331276, 1.1239029181635092, -0.45876857677120425, -3.029477059744902, -6.736703268902741, -11.411838440688822, -16.63018368582755, -21.802962814019672, -26.278084013272647, -29.443842784957432, -30.82202507962297, -30.13122350847839, -27.313189026620694, -22.531039864230042, -16.14891503485573, -8.691014068510386, -0.7759556434126623, 6.960468745334774, 13.927856965387498, 19.619745579740936, 23.645956139621163, 25.766620898580367, 25.911636906220796, 24.208446498488932, 21.069513951941012, 17.252849334780542, 13.687031853782043, 11.054737744358862, 9.43061007457374, 8.25511008253903, 6.663737638747823, 3.97742899039169, 0.11061175371485775, -4.2610921215167155, -7.811365214001142, -8.972937729691486, -6.662245058806781, -1.0726931120860976, 6.041056935164326, 12.031480947618727, 14.7259758396901, 13.544316125977826, 9.579276360911082, 4.814018886922497, 1.1573973979903645, -0.3193073196174298, 0.202363697825816
1.0590795190271571, 1.7725164733162755, 1.0704996264336544, -0.2786693238320323, -1.0189070286821917, -0.4735733530981084, 0.9468293496948196, 2.12416870438358, 2.1520654452557477, 0.9935775025932654, -0.593573617596393, -1.613060955548603, -1.3813064500137897, 0.17668834842196046, 2.536771908848811, 4.859289772224545, 6.40306654427472, 6.817092401742684, 6.1415780500101596, 4.61283298975821, 2.5125470338615603, 0.18020183821314298, -1.9001961960625884, -3.121710076438224, -3.009498252917356, -1.6243267110159925, 0.2416175025118864, 1.4138063327236918, 1.0631360621218435, -0.8153443744674668, -3.533597952749174, -6.1791071266109965, -8.01346111889609, -8.68761296463374, -8.327806073905284, -7.503594183187259, -7.057329198371806, -7.831226533851763, -10.385245324535445, -14.75246879380347, -20.19650811718585, -25.098262831565638, -27.376837690084916, -25.515704721916507, -19.508823893693545, -10.98172327766987, -2.416053362397613, 3.9987207997720655, 7.245351993347403, 7.67826469789977, 6.520451179645762, 5.04388412246112, 3.9560583542440657, 3.2637451026139983, 2.516144814959761, 1.1571770284819105, -1.2155717787983837, -4.740522137107692, -9.290079275242064, -14.51447441543722, -19.896524818942012, -24.819613002723184, -28.658727106385825, -30.881650703381354, -31.130050573318993, -29.26051571601282, -25.349058494981563, -19.67408444141353, -12.685849465084342, -4.9597620838399115, 2.866389202725506, 10.158766283252545, 16.344496656203805, 20.960040357301533, 23.689467733320896, 24.385408153021967, 23.11161289006978, 20.25716887010803, 16.60546199863902, 13.127686919225265, 10.524687496780162, 8.858530745251294, 7.558441577440365, 5.785755451971392, 2.929967806760845, -1.0120951660011914, -5.303722799036587, -8.592504957750535, -9.321836932773476, -6.471247146316678, -0.36565392093017085, 7.074429590052766, 13.095897379039853, 15.55341075534323, 13.986900446157405, 9.601393222857284, 4.447754350665665, 0.4991150889313042, -1.0844286063337647, -0.43370822705971646
0.5504427721656981, 1.575974843570435, 1.104923228154927, -0.014056165964380373, -0.43573986177515145, 0.49893740606693354, 2.26333343721795, 3.615717917077406, 3.596673654143102, 2.1894537937083105, 0.2021012616156528, -1.3095148739111544, -1.5804671292902783, -0.42952654158699227, 1.715470466086676, 4.046710489729523, 5.759488631962489, 6.3693454855774725, 5.786506100190003, 4.195050394603081, 1.9327171264971197, -0.5246750798265899, -2.551168315476075, -3.4787488451801494, -2.8978774019930182, -1.026254142678323, 1.192666184670908, 2.5236275959834837, 2.1691162265671573, 0.17435853930796236, -2.7697638338760866, -5.788797575157135, -8.161593865029648, -9.484888658254015, -9.764034134915823, -9.430237498960338, -9.225560019874575, -9.96510875059696, -12.258267765048247, -16.227464884884263, -21.19519217801526, -25.522660861519213, -27.084520758061156, -24.42036161680578, -17.731040399831436, -8.896968766822708, -0.5213346641378626, 5.327700616450899, 7.9392084341691955, 7.972952549260017, 6.783058782679434, 5.5623734495099715, 4.832593906036459, 4.44783014458489, 3.911796355368079, 2.7122116210946245, 0.5111336449657464, -2.807037347153834, -7.156241477768269, -12.274036045161228, -17.735068264110854, -22.97974971848017, -27.386732629799027, -30.379812812696663, -31.528073612369983, -30.605076019264654, -27.60324850065533, -22.720259472065198, -16.332713860438815, -8.960198809780064, -1.216504385373867, 6.249967367502888, 12.819244447278916, 17.960127246157956, 21.27713014195728, 22.53983579349582, 21.74454185562944, 19.251434398639745, 15.85103192911849, 12.523579551073336, 9.95633734086551, 8.192650775960423, 6.677915807028111, 4.644656744344742, 1.5874565489122947, -2.4041816361046635, -6.547691076503457, -9.495977437046628, -9.74161925207937, -6.359121618529556, 0.18943244663168718, 7.848191272957316, 13.809143345384113, 15.989502626549779, 14.049395994688865, 9.286566848906856, 3.799431355315585, -0.39420734517776485, -2.0567177000658927, -1.255009541724084
-0.11079597035674689, 1.2802868806423753, 1.1047529473977387, 0.2575853124180228, 0.14671182440979902, 1.4234990861105212, 3.4909788302917804, 5.033256396561089, 5.053843023871471, 3.5284384592185836, 1.2627657298319601, -0.6783430986776511, -1.4760564632922482, -0.8369071227121593, 0.9430679372451487, 3.1365897115569976, 4.917097471137921, 5.686408009660799, 5.219628047591178, 3.6277812484058307, 1.2809390496832018, -1.228957180961948, -3.152796569650509, -3.780555961673776, -2.7783837476838515, -0.5069824547250179, 1.98068829222994, 3.4373036407848923, 3.1217721210050122, 1.1188695496170278, -1.9113222025320886, -5.172413028623834, -7.9966718501079415, -9.950295315206926, -10.920389512575357, -11.180216493288647, -11.339250342159964, -12.153562222227134, -14.257383687117986, -17.844084937912907, -22.281827615581133, -25.91549046840944, -26.613290324175075, -23.03873887495477, -15.657478651415522, -6.60761938965698, 1.4472674708224622, 6.645835135810596, 8.635328799203993, 8.363214522328082, 7.242288489616285, 6.315769625055254, 5.898436522492092, 5.720190677946479, 5.284982581483709, 4.159989611106555, 2.0909648272131816, -1.0071574851405694, -5.090234458144781, -9.99215060421303, -15.39673985018311, -20.82272774047457, -25.671167296640416, -29.334215604709065, -31.314818069544696, -31.306648642926447, -29.220734502650842, -25.176311407309893, -19.477252894188375, -12.582355017358301, -5.0668795906134, 2.4278660828040963, 9.255696704924087, 14.830977560206811, 18.683170438969185, 20.49878303445262, 20.205654636506853, 18.12816978122367, 15.041362610246887, 11.899203261661008, 9.348763259220819, 7.417485500858482, 5.5991936797933475, 3.238605941131563, -0.03873605169710643, -4.04887439206162, -7.979231437050579, -10.514506429253762, -10.231178460639553, -6.331318672202073, 0.5770333142092547, 8.33075976746439, 14.116555505465822, 15.950876613201741, 13.622076197957727, 8.515402471595035, 2.7676054586145002, -1.582997079330833, -3.254917424439284, -2.2624087221469877
-0.9151954925602187, 0.8668727759319601, 1.0252632573845744, 0.47160484559004967, 0.6479868226892957, 2.205775405494539, 4.523372763384883, 6.261461593265857, 6.404670448574154, 4.8975694150206595, 2.496111630180567, 0.22446750879939315, -1.0798011764451052, -1.0188676564153136, 0.2663494560711342, 2.1739247693480084, 3.9028531134465623, 4.772626605445932, 4.429447255413411, 2.8960999531579255, 0.5491274532061777, -1.9319784922510825, -3.7033851727419544, -4.036691780117065, -2.680705329729954, -0.11758535237371709, 2.536707359353918, 4.069993631456006, 3.818468255360586, 1.895690539020502, -1.0961017038661427, -4.467546695017579, -7.631713520027116, -10.149068257348837, -11.804137312794547, -12.710700935065297, -13.326234880432803, -14.318121229026229, -16.31352330768531, -19.545314657165527, -23.401239867604275, -26.20860205189016, -25.87469785069655, -21.2675660998474, -13.182428312658407, -4.01246589266633, 3.5945756255141688, 8.082197229733438, 9.500245876337768, 9.03610169916952, 8.062885875786202, 7.408584465050954, 7.1890909121586635, 7.065196195138304, 6.594475615526005, 5.450812895748443, 3.469979417961051, 0.5971572943464875, -3.1657833108550686, -7.752592543686873, -12.96795565692257, -18.428054186283784, -23.576458130882358, -27.788458935816106, -30.50917537752198, -31.357063503380324, -30.165095236847034, -26.97621094442888, -22.021585830737813, -15.695764130913965, -8.526634684736056, -1.1337021773227542, 5.8281741206918465, 11.734170077495712, 16.04866257867348, 18.380927149514342, 18.59250425998491, 16.963823057943195, 14.229285610966443, 11.283651224713335, 8.715719739152371, 6.547902196232386, 4.35416367180136, 1.621697096318344, -1.8808023566165462, -5.879847581611785, -9.544783861209305, -11.609053991145387, -10.760562464087231, -6.361017897952463, 0.8217151257264981, 8.538522931869753, 14.015635186760278, 15.406400426683794, 12.644859326588456, 7.2130300197496355, 1.2874637143341165, -3.0989939520899443, -4.673199369523134, -3.4334122308078614
-1.8337792024338049, 0.33157022665143226, 0.8320971219910193, 0.5749385333792114, 1.0064418237051997, 2.7780632169570243, 5.280970122826957, 7.200241503771928, 7.525189756502623, 6.157288980251855, 3.7672660206347177, 1.294346643538376, -0.4463548053264667, -0.9761976055812286, -0.2750346052689244, 1.2149601169674111, 2.7662995965163937, 3.6572842797216327, 3.4245555242303056, 1.9972499724111539, -0.2656380082182698, -2.631683426441665, -4.199374514089245, -4.249554019810774, -2.617451019608064, 0.12049521188968257, 2.8329687642170773, 4.385512802755333, 4.20750761096942, 2.430596660808584, -0.42194444625813365, -3.7868789308704525, -7.175504676423029, -10.163182682874131, -12.453360098867272, -14.012690995823059, -15.141447794546524, -16.395269319875542, -18.358304759883172, -21.260067993063817, -24.471741609107966, -26.302902720819027, -24.75799082097068, -19.00207583255446, -10.222875437635606, -1.0463838033782575, 5.998226476767821, 9.764603730772903, 10.71666912989388, 10.183458895487522, 9.382957638953016, 8.892850221253205, 8.68291998604042, 8.423873855704228, 7.777043584707255, 6.5327841001146, 4.605621272886148, 1.961144059656759, -1.4408850531213404, -5.62998068384115, -10.534537351844902, -15.882674174864862, -21.18125422112835, -25.806441654463786, -29.155802778133552, -30.778027357283488, -30.432734196126006, -28.090808745517112, -23.91201864123336, -18.223391588008326, -11.49770031048216, -4.321013638811297, 2.657370244087766, 8.787741427659244, 13.48164027903654, 16.280800886000858, 16.98488749404832, 15.82188619311116, 13.461357389221403, 10.712179287833843, 8.095663109194268, 5.643470774434061, 3.034009126694845, -0.08786191724134679, -3.811021091832791, -7.779903993677683, -11.149646130115856, -12.706996012593551, -11.26935495023861, -6.388150193787035, 0.9893448185057659, 8.53955162755909, 13.564807778020805, 14.392080834393582, 11.127793849099206, 5.3734250544412205, -0.6451581786061696, -4.927669378314371, -6.273448505809371, -4.721436488988789
-2.8196375183488924, -0.3137447006947655, 0.5075001422534201, 0.535045650365019, 1.1887738393525356, 3.109813450744893, 5.725830728444622, 7.787484017115285, 8.318316367601103, 7.179537715717279, 4.936457469227965, 2.4080643697920467, 0.3441455270786376, -0.7324744580747555, -0.6534784160950043, 0.31782068506031846, 1.5705253560038843, 2.3891958265832027, 2.233002886037124, 0.9436761152343734, -1.1568920677247516, -3.321476044211805, -4.634194948755905, -4.415014337604306, -2.585993628902509, 0.21309948770241713, 2.881400242359481, 4.397644865024819, 4.294136636451375, 2.7093106608151936, 0.07134460164803559, -3.193029382999104, -6.701180580589766, -10.057933248465591, -12.908449414692937, -15.09319558060112, -16.760974437277103, -18.338912511567983, -20.329822377992606, -22.909090583613917, -25.39184704473017, -26.079644152762103, -23.14950315679369, -16.16301522016707, -6.7459021464603355, 2.3040680527715094, 8.709889740107831, 11.821570404650968, 12.460227699569266, 11.947411590186105, 11.24862499720802, 10.716919235168678, 10.274307903474936, 9.686941814512078, 8.750911893520993, 7.358500556553895, 5.473605016831261, 3.0641512572484566, 0.0497291138371694, -3.681676301920066, -8.173776751256018, -13.273721306349877, -18.571695270692295, -23.46595918166757, -27.31966803209666, -29.61738204605086, -30.04989509007241, -28.52246072215927, -25.128428697726484, -20.126382406755635, -13.92640006181169, -7.069266497342274, -0.18530184178807937, 6.064109888713592, 11.050161334306418, 14.258379474803924, 15.432506315524199, 14.741134179423845, 12.769125227322528, 10.220463689124733, 7.545460000311939, 4.796571106891607, 1.768944408407686, -1.7343177067791087, -5.668864051754944, -9.603104204729801, -12.6729814071052, -13.71132720408463, -11.673002746651642, -6.32540998775842, 1.1805060752488947, 8.447317267191298, 12.878881750522135, 13.009861823696738, 9.155745874461012, 3.0718080481867736, -2.956087107766847, -6.99206283478942, -7.976860128015209, -6.055242109594267
-3.812864768479901, -1.0425825055457403, 0.053058565052809176, 0.3441447914265073, 1.1928648883486253, 3.209458016444855, 5.866794003140635, 8.0128451510584, 8.738207448266179, 7.879681892842421, 5.8920300133561465, 3.4507078471509343, 1.2021041597660989, -0.32984419827680017, -0.8579249045428952, -0.46550879121088373, 0.3857774434851233, 1.0353569432663063, 0.9066120823907575, -0.22912096491112607, -2.100933222525265, -3.9853781956447105, -4.997732863393831, -4.526032618427854, -2.575486862807722, 0.18383573292159475, 2.722773270821223, 4.159215283559537, 4.130178273987473, 2.767915313924684, 0.3941707431647632, -2.7023864740709835, -6.24389488089054, -9.873476455588142, -13.200523693813553, -15.964763313280558, -18.17528999175344, -20.117112116157948, -22.171599077182833, -24.406554643250384, -26.047487115409723, -25.416433426945865, -20.95677692462564, -12.721332048577775, -2.78060986088464, 6.009494611924252, 11.76943784989133, 14.367162596085791, 14.839645303692214, 14.340929140642272, 13.554246542486478, 12.70417381284026, 11.783566883988538, 10.7180785128497, 9.437956944716479, 7.89975911185597, 6.075385696230128, 3.913382709804089, 1.2981068471424992, -1.942929181442371, -5.948623536972184, -10.682699364589762, -15.83574957478967, -20.852651638875233, -25.079658833485755, -27.94357957819613, -29.068852984829043, -28.301427145040968, -25.677348892815747, -21.391221023491322, -15.78551053283285, -9.343392010927927, -2.661615190602091, 3.6003060447600133, 8.785897602654014, 12.336837597619397, 13.948730024764398, 13.726870894012709, 12.156727018987976, 9.823954776073807, 7.105786130344693, 4.081372792860493, 0.6646465040850206, -3.191135611072721, -7.320632400032046, -11.22074695505978, -13.999180389412329, -14.520583326189131, -11.876078401324119, -6.0692841813667355, 1.5185646300064333, 8.406114407585928, 12.112292115574974, 11.413189959902342, 6.88229467400513, 0.46783603257885287, -5.485021938550594, -9.146266652250794, -9.662686954840508, -7.342954001556142
-4.7507881176809095, -1.8182952706522841, -0.511003914653678, 0.018608697618690412, 1.0440092503009952, 3.1172838038641943, 5.752843889472426, 7.917013748076593, 8.798503555683002, 8.23279078487587, 6.570801590817891, 4.3347536068463155, 2.0411563782568347, 0.1746311736384931, -0.898034959946997, -1.0968515239771264, -0.7167024421799151, -0.3204326067678376, -0.47524320093598565, -1.455877176234035, -3.050498004177391, -4.594761438530781, -5.277301342338772, -4.577814186251967, -2.575671010664074, 0.06213057062873893, 2.4119326394748586, 3.7445617550045625, 3.7936782445776394, 2.67024793568008, 0.5842523630173427, -2.3052613736017857, -5.815431179120377, -9.632679928620862, -13.353336446736465, -16.643465249996762, -19.385052195361002, -21.706769235696378, -23.827994173214393, -25.660084156617717, -26.32127554763746, -24.20683929508768, -18.132031975124974, -8.711633445293376, 1.5904132402618034, 10.018602649995879, 15.201338981661522, 17.44680091964293, 17.816647302885535, 17.195575718368126, 16.04868550986284, 14.607514338897625, 13.029362868059108, 11.418291254696227, 9.807495522869347, 8.170004754271057, 6.445208615545647, 4.543426787526025, 2.3215081787009204, -0.42627304481894873, -3.9047339948232818, -8.181527709929428, -13.059084557390827, -18.0551830376895, -22.522383943840566, -25.8389328266712, -27.562638957870345, -27.48280257315514, -25.58884422030621, -22.022800424833626, -17.061559500820852, -11.121112017357595, -4.749131685487798, 1.4123706083884644, 6.694132759973463, 10.508680242330044, 12.513409659015421, 12.748260291570455, 11.586723701399965, 9.48486623647296, 6.745530421854498, 3.4790513407504866, -0.2819470151686946, -4.442947184821126, -8.730089059305408, -12.576048834699202, -15.05611928590348, -15.053462108588223, -11.787975352836312, -5.512194015049948, 2.135750870314718, 8.571944066032767, 11.43791330542395, 9.793289662171993, 4.527252329463631, -2.1942042645959807, -7.992233392083163, -11.189540662371536, -11.184834147808752, -8.486932222471575
-5.58293551283175, -2.600251460454846, -1.1489703541200882, -0.4057075197859209, 0.7859215281056248, 2.891710228729411, 5.457041534087971, 7.577405725876517, 8.563379559674875, 8.271806564551667, 6.963321309786121, 5.0103674311524005, 2.7890809808256876, 0.7151514367715216, -0.8059011922851332, -1.5605505977689342, -1.6765735144296607, -1.5886934182636692, -1.8139109841263719, -2.647004759582112, -3.9385396988104753, -5.111753405067589, -5.461585974299939, -4.57288635885194, -2.5836555937857355, -0.1260810985952618, 2.0048446308353083, 3.2318394741639116, 3.3661892841008694, 2.4815515732351967, 0.6796284717591882, -1.9899573446633863, -5.42238891983789, -9.351951134852387, -13.387200942298662, -17.147812086606617, -20.39710287926829, -23.0886105379591, -25.241116087345624, -26.574218767014237, -26.106009723681435, -22.380927455476115, -14.687980417836103, -4.229253313621696, 6.251418354622811, 14.265207903646084, 18.97523572693455, 20.968850272046716, 21.171522934904825, 20.20562749817519, 18.44774377318612, 16.246908218229127, 13.95184804064947, 11.814835884941973, 9.928645649803952, 8.24741162474525, 6.65435574483098, 5.011558551182925, 3.1562460308099034, 0.8750393752361485, -2.070357410154959, -5.830335056193065, -10.322403307549964, -15.162153128242062, -19.737402910331465, -23.392898120322553, -25.61853785361158, -26.143062970920585, -24.916352876502433, -22.044412000592605, -17.751089622151767, -12.383888118926947, -6.427885731719905, -0.48879031452250316, 4.771365869157115, 8.75454123807413, 11.090096091791946, 11.74764195364676, 10.974052970914057, 9.087158248718836, 6.32117306480454, 2.8299606589797257, -1.2298252281757123, -5.6288533310750255, -9.99790967587409, -13.718920985947708, -15.842632228212858, -15.267509599450026, -11.334797136107081, -4.55271634007052, 3.158900405575979, 9.094144095925838, 11.034755777826641, 8.381168151275142, 2.381689227108148, -4.598036363123413, -10.194686626201483, -12.913111767770443, -12.413059853555986, -9.41162068902218
-6.285374502909369, -3.3493491449046675, -1.8141878319408888, -0.8811952102420832, 0.4687292238840146, 2.593219542548772, 5.057127504706283, 7.0869305663663775, 8.12692301105788, 8.070794739533698, 7.104596794676899, 5.465913845634222, 3.3964960940422064, 1.2277354458502079, -0.6317505892479999, -1.8706623365775268, -2.4629502749852707, -2.699940010965767, -3.0188464642349278, -3.713254616170877, -4.697459693226467, -5.5020992168906355, -5.547748239102981, -4.524190916324823, -2.6053914500899373, -0.3608639121268221, 1.552436228632873, 2.6912249456814767, 2.9149624051846588, 2.2463378632100897, 0.6952632664260636, -1.7639080878431859, -5.0815248516119285, -9.04794836366425, -13.316671806135316, -17.49048263240731, -21.2152339283246, -24.24134171519823, -26.35148325984734, -27.05983262064415, -25.321844844391933, -19.922056774330375, -10.701129980060632, 0.585007009497122, 11.067828457104728, 18.64829738910681, 22.955777575005104, 24.683456660717255, 24.56415254637332, 23.0633854198064, 20.592016396368937, 17.64284209363739, 14.702732897428158, 12.111157893791914, 9.991963207052724, 8.279401748931614, 6.806276238017156, 5.388709486298724, 3.8486017175281098, 1.9809640438844045, -0.45823380301198063, -3.6763065663179724, -7.699462853204071, -12.260346805995965, -16.814505046108795, -20.69673041048546, -23.33108657345976, -24.375296563074574, -23.73731844725223, -21.502603478775196, -17.864687730365816, -13.114704748086519, -7.668752377534661, -2.075634173563834, 3.035890898730566, 7.078580562984911, 9.659496121120258, 10.665607279223122, 10.202027388859701, 8.451030587812891, 5.601248019226305, 1.8744725313067478, -2.4416363406104855, -6.992686096391308, -11.327603707788187, -14.790864509838963, -16.425965475240247, -15.16111665547798, -10.46330387997255, -3.104185384562886, 4.695216888286037, 10.104353461893313, 11.091233510074806, 7.454265667679557, 0.7877396056724425, -6.416247151117075, -11.85092320470965, -14.181108789087215, -13.291334241683908, -10.096140807118548
-6.866026934300394, -4.031348805472603, -2.4552938676073075, -1.3586119414182016, 0.13649901046212892, 2.2707831527828093, 4.620007964282107, 6.534698515949414, 7.5897065669562425, 7.720046085538445, 7.053176408771847, 5.717198465416988, 3.8394949180888203, 1.6631046106826057, -0.43031105489311544, -2.067690348514648, -3.0879372292260188, -3.633797485790117, -4.045296734269641, -4.603196645463923, -5.289206220734796, -5.754085209886545, -5.549067325409612, -4.45408727429151, -2.6499443710456467, -0.6218594898449558, 1.1041140188540974, 2.1829201148681836, 2.484525366462483, 1.9743081536594933, 0.6049385171245923, -1.673439622124324, -4.837037712854971, -8.746662792545296, -13.147482229825359, -17.66522220988673, -21.825081741229084, -25.133264976086807, -27.10089555931797, -27.047252812354458, -23.932793880996975, -16.87504855133247, -6.302960564717447, 5.56235708965514, 15.885544130152983, 23.00368724005797, 26.888600065444514, 28.23340813901912, 27.640947966403882, 25.560776246464687, 22.49064579551277, 18.994577706653732, 15.58410253008062, 12.618691361221696, 10.25491772166001, 8.447086686385639, 7.0154092187825094, 5.745909044558907, 4.444909379010958, 2.91792526755242, 0.9316989677965495, -1.7526854915318733, -5.254529597978221, -9.43283195124449, -13.842236505623971, -17.839948330509213, -20.79524606339237, -22.2822041518149, -22.151542105810904, -20.47305932909706, -17.43594746138756, -13.301541916314052, -8.424049919888084, -3.2794371342458697, 1.5635985048291017, 5.547427576630025, 8.25474556174624, 9.474445816523952, 9.167506376909438, 7.40870386376339, 4.384055232271249, 0.4067196156263043, -4.1160013118793595, -8.729285325174631, -12.907025585346096, -15.948425508698818, -16.900027173717284, -14.754759839507894, -9.137885502061671, -1.1038874400984404, 6.819417180026489, 11.71221194233713, 11.801185810379275, 7.2968921023882976, 0.04380333943284119, -7.435275705988756, -12.875270659152845, -15.010739558417372, -13.882010533773602, -10.592022193931236
-7.355622919769711, -4.61980674477544, -3.0262563964212754, -1.799302686468006, -0.1830904811881305, 1.9549427080454067, 4.195718170549499, 5.995856008922189, 7.040744649887142, 7.300510026655116, 6.862862936182646, 5.784210414170383, 4.1093615471942755, 1.9933677725385839, -0.24108745345656046, -2.197395588522912, -3.596864769731371, -4.427155076619131, -4.91764814417614, -5.332838781670373, -5.731280006222865, -5.894237275819272, -5.498474249847676, -4.387795057211046, -2.716724442717335, -0.8734595333107145, 0.7207058886499437, 1.7649514791202725, 2.0973999603873343, 1.6331292840071518, 0.32548629772806675, -1.8278817242272574, -4.78974754589987, -8.509968589112686, -12.891332747331242, -17.646383375898306, -22.184875351729364, -25.715958221023932, -27.436566332420902, -26.498674145712616, -21.957064097570424, -13.343351296197065, -1.663549073148617, 10.519182652747496, 20.524863590012092, 27.09917854227339, 30.43879634594538, 31.230903209955606, 30.082814066664763, 27.5421251041055, 24.16882078201472, 20.465256082144517, 16.830223740244932, 13.579250619882398, 10.92187409819935, 8.89732891453303, 7.374514637330586, 6.139560999678783, 4.983449152824408, 3.7132287597645908, 2.10964757490314, -0.07758832864652149, -3.0385015570405267, -6.755136214036472, -10.905568476898956, -14.907502244406462, -18.099769682081615, -19.966215565874336, -20.27435826585342, -19.063828644434643, -16.535256403041686, -12.954519053557256, -8.639103562989934, -3.992790092115795, 0.4906941178513485, 4.292700981585305, 6.966763050833848, 8.203158811921869, 7.849296471575018, 5.930924237968177, 2.6765042022658756, -1.5173134651483215, -6.1773807213044725, -10.79385913167539, -14.752197884891245, -17.250542813065987, -17.31678616115678, -14.059146181280653, -7.335736559958249, 1.4763283556513143, 9.561070262908654, 13.987846424395206, 13.307312527538102, 8.080990642573312, 0.25863629692506007, -7.666113220155848, -13.386701260586017, -15.574317902944662, -14.347708222580728, -11.004203161150725
-7.786100431427019, -5.101896446430496, -3.5016808216387716, -2.1881474091339124, -0.4838942374867647, 1.660593880746586, 3.823499297502964, 5.533533564042174, 6.5489069008150524, 6.862399668068169, 6.5508165871778035, 5.654811559044023, 4.181432903344798, 2.197468410816866, -0.07879283343719004, -2.28000573526069, -4.0295098909407026, -5.142678930566094, -5.713493962589413, -5.98370471563117, -6.101060562724744, -5.989668141120024, -5.444170257211217, -4.34158298521463, -2.778140600118626, -1.0452492194016667, 0.49214572474441814, 1.5054757172181272, 1.7593051816487322, 1.1458274465085516, -0.2951397052687418, -2.423190580494096, -5.13318121777677, -8.479850153391418, -12.607699646326896, -17.41722222835712, -22.238109827598716, -25.929737765861233, -27.318443966055057, -25.41683284569488, -19.468106753277755, -9.476519253209748, 3.027409198779245, 15.267711690083102, 24.78661102168178, 30.66783362122095, 33.261696766503796, 33.31734238583076, 31.587301684344805, 28.78421528029103, 25.47362733499859, 21.964248692478087, 18.41101877075346, 15.015128277337094, 12.046895427399702, 9.690532114815046, 7.932774327946632, 6.604572005700431, 5.491665592429582, 4.391954909460456, 3.093373922392664, 1.3464653106175533, -1.0846131835027752, -4.289247749969991, -8.081001500243275, -11.975757685702657, -15.320040815330346, -17.51625293382922, -18.221768025944385, -17.410272085821234, -15.284880217884199, -12.143173884406348, -8.306631901844092, -4.13481367955824, -0.056642829414648474, 3.446201703038881, 5.905638334274044, 6.949153886338437, 6.3801207679936915, 4.242846552503875, 0.8202160087803596, -3.469524382642568, -8.183026196918858, -12.811332571999873, -16.61211741034025, -18.571127443309113, -17.625361885315527, -13.048234364239805, -5.04658830123396, 4.617812049216548, 12.88429984564329, 16.909854217575, 15.592977719492707, 9.739477039876972, 1.2887784394105863, -7.30185397534164, -13.591088985529803, -16.064712421386936, -14.844091025011474, -11.428216730690819
-8.164867808517291, -5.485698399862167, -3.8927398116367593, -2.54197278865443, -0.7767683476679961, 1.4017509650717048, 3.5493833415334035, 5.210411006088689, 6.161821300877034, 6.408933865516512, 6.066445255363199, 5.2405348185867515, 3.9633878219594565, 2.214916300005413, 0.043820544787459524, -2.297026617617118, -4.373649935706297, -5.806121905351121, -6.504828799418146, -6.660070440004951, -6.509906997418676, -6.132563644815791, -5.436955301844381, -4.308335566158228, -2.7628236371244834, -1.015614346936766, 0.5500742181402746, 1.4912833671596633, 1.4672876325602302, 0.4021922194608693, -1.4644181378300507, -3.7332035054447976, -6.158841642585814, -8.904230552028503, -12.447014848797098, -17.016260540631492, -21.948780185338997, -25.724589527024378, -26.73078937713702, -23.84875898081522, -16.58680937329108, -5.451904243395026, 7.5792853766964114, 19.62971413762076, 28.478820528282935, 33.47023941031732, 35.086305081144275, 34.22733472891562, 31.893989465386543, 28.9973999283965, 26.071661821719836, 23.148733184023584, 20.03511041658469, 16.730936390235346, 13.535441056410185, 10.804962256466112, 8.703502768009216, 7.162812413549353, 5.991424806269585, 4.977167118839987, 3.9051889235227026, 2.5303543727103777, 0.5932149274813242, -2.078369587828241, -5.430601584196125, -9.107469388047418, -12.510780396565126, -14.992071948746696, -16.08561813508813, -15.652039469355069, -13.856688563712428, -11.030421531254905, -7.540330531671551, -3.7543403889871896, -0.07346133380981426, 3.0501841224267965, 5.158491998336543, 5.8865841922873745, 5.07228551011601, 2.811564032751459, -0.5995474410602288, -4.812884986351074, -9.505598007318675, -14.214517883087732, -18.031263024069823, -19.603308830551192, -17.659247220224433, -11.657055874882634, -2.2825121809446394, 8.240471432780188, 16.659119210584855, 20.30368130809285, 18.412409457477466, 11.964752013249463, 2.852241382133663, -6.515282836153871, -13.550738488130708, -16.48954374491353, -15.371236918985066, -11.868948423650894
-8.461287688578903, -5.802502061585577, -4.25190152413099, -2.9038769709708303, -1.0702132670060964, 1.2181207150960551, 3.449812279241009, 5.102069625624289, 5.908213732878998, 5.891047498937695, 5.279060072505635, 4.351682970897511, 3.251542279898358, 1.8863298859044932, 0.058758614212281464, -2.220391005387235, -4.54977356193216, -6.351437489055629, -7.285488822845001, -7.4225909479834336, -7.055827831301765, -6.411429083981831, -5.512718707270702, -4.245138761308973, -2.547363787377459, -0.6096866092915877, 1.0657809190876764, 1.8331274147473642, 1.2385884302393486, -0.6804201730188552, -3.358918710982002, -6.01499742538983, -8.174244781364738, -10.087150093756136, -12.642859790133466, -16.562637969394867, -21.33695844336804, -25.086887011255463, -25.694109897668945, -21.883759387611025, -13.467463791204466, -1.4549315725425396, 11.817557257761164, 23.454754101458157, 31.4554461767603, 35.36083838633084, 35.79402637713724, 33.87480817062321, 30.900120036541434, 27.99155624710455, 25.654226519724972, 23.63029183823161, 21.320917291168872, 18.43309096281618, 15.217459875399037, 12.179250302921693, 9.69100573706698, 7.8421419995279305, 6.511218442686877, 5.494086081363292, 4.569013459354903, 3.492256523470681, 1.9957211127176944, -0.14803586149082115, -3.0010868780036644, -6.351267960058802, -9.704120999428984, -12.41269784864823, -13.90384131110542, -13.887283145772946, -12.427562026702912, -9.851887658527426, -6.590142844384306, -3.072746413947265, 0.27853850686720755, 3.03363956941457, 4.786450403847722, 5.242877189312203, 4.307696758652164, 2.1007563036021355, -1.130770849891295, -5.153387065707267, -9.778649904339876, -14.607424544769724, -18.588781556092734, -19.984579689165813, -17.194456584878427, -9.814675802684452, 0.9008782090409296, 12.1902938988931, 20.648577128131155, 23.8391877519669, 21.347725776355293, 14.348665208725919, 4.702794093533752, -5.310981762927651, -13.077005176664258, -16.589224060173475, -15.710496499415038, -12.202487128570777
-8.624559771086577, -6.100782917740201, -4.655631682408814, -3.3157801362188866, -1.3362507011216425, 1.2056390840316915, 3.650157126847392, 5.307282470895143, 5.816018309922528, 5.24792776640847, 4.0387840684428005, 2.7582936572980987, 1.7651820372264784, 0.9437990557489773, -0.206356845224526, -2.0736903543538237, -4.450015943311843, -6.618240532456288, -7.932925096710831, -8.236194682089792, -7.777816788486409, -6.8801971062133305, -5.6752474788348435, -4.068110044738816, -1.9646173701913663, 0.3809095331253292, 2.2349008291634918, 2.68412689209733, 1.1883665367936402, -2.0166223039756335, -5.940927014439145, -9.311856429603612, -11.31940896798118, -12.242489287466165, -13.421966781569418, -16.225255904210357, -20.486206383205, -24.055005728071524, -24.270110554958148, -19.644578737722153, -10.280427366019087, 2.33868738450257, 15.597645822653599, 26.63715174859475, 33.646052201250306, 36.324701865690585, 35.45541109355924, 32.40694320071748, 28.764388922407544, 25.844599804798968, 24.150183257524905, 23.187740533071146, 21.96772296635479, 19.840745086826665, 16.905188402487383, 13.73777669017724, 10.9041068256534, 8.689492182714261, 7.09962131644429, 5.979017899805962, 5.110832269490481, 4.2502587162255265, 3.1271219780642308, 1.4825329370990352, -0.8351448500575062, -3.7552840276683064, -6.925154499303922, -9.764954108476765, -11.64560779545604, -12.121708371340665, -11.095355602398978, -8.817093042965576, -5.747918048426752, -2.401397193030062, 0.7421238727660328, 3.2599209201274153, 4.8089607814648545, 5.16562651246538, 4.259841830351007, 2.1769307288504556, -0.8965713130993463, -4.775047269655712, -9.30747334420389, -14.142821728108274, -18.208992811380057, -19.507118941414475, -16.066909930740422, -7.503024577522927, 4.380411626736344, 16.241945140573172, 24.541941328520014, 27.12017099126438, 23.963172907122143, 16.53336774733414, 6.67939894428101, -3.608189708598245, -11.893603829286139, -16.002444044257587, -15.541418632015736, -12.236225553204708
-8.629088272205166, -6.432528748156371, -5.164529721205745, -3.773013600736852, -1.4741837070098387, 1.5336971885899435, 4.3290344445566316, 5.968380862718436, 5.98628002815797, 4.55238484106212, 2.3767772940056253, 0.40347947705073445, -0.6738561883944875, -0.8795207297737824, -1.003078128406496, -1.975993476993251, -4.011466923181956, -6.412378403765681, -8.232836195652917, -8.961014417683126, -8.630065291718498, -7.532651064420328, -5.882088518489891, -3.657704546884738, -0.8320079947113108, 2.156756032122864, 4.250601022680582, 4.258484990660435, 1.6077582606187324, -3.2230908106585447, -8.793449484768432, -13.269603598333145, -15.379556952002403, -15.320575099054587, -14.867497109417695, -16.1411076467614, -19.512563492705, -22.712858627055788, -22.55454703419531, -17.27178651619758, -7.1938670144045, 5.776720015271753, 18.813140854608793, 29.12295714297462, 35.0590854610205, 36.46462321077022, 34.29712184388528, 30.16610123268247, 25.887233734197554, 22.918878555649588, 21.78154418260207, 21.845407774853822, 21.827111494707612, 20.72619469861738, 18.397554337143962, 15.372260754051142, 12.335129235579528, 9.762085111850778, 7.8314392025599195, 6.492654589889492, 5.568497478770608, 4.8223956752176775, 3.9854607830220603, 2.784073443534811, 1.0064240692997024, -1.398099927324468, -4.234461691254754, -7.051347769154792, -9.244048536669187, -10.258295808931292, -9.807759074443208, -7.982696503533571, -5.190923156053615, -1.9906294315544126, 1.0705102981132553, 3.543312915572458, 5.095426475273431, 5.497107200782071, 4.626115984978975, 2.5123074117098305, -0.6481632234770246, -4.576519121769866, -9.004953361333957, -13.56747464522922, -17.320751373469196, -18.298973422625874, -14.294562178276088, -4.809954916671183, 7.957593974575493, 20.126042790628265, 28.028000585541434, 29.812357226429242, 25.94490361326822, 18.275724347461836, 8.639694498295155, -1.4291863186119318, -9.899347784805792, -14.540461206036273, -14.664419490562404, -11.841444831665875
-8.506033963466217, -6.827798171220321, -5.771411366054261, -4.180138428917913, -1.2965343638051168, 2.4302170855479477, 5.705050041320351, 7.3066043054701275, 6.709046644621267, 4.2058586107583515, 0.7545226707017444, -2.325953417278444, -3.885706476605765, -3.6477467562771464, -2.5475424492987213, -2.125657798383299, -3.275425376808783, -5.592323609360726, -7.9449706061255325, -9.374629872279959, -9.467927524082251, -8.276553091740439, -6.031847872994171, -2.875353316549944, 1.0003527855585608, 4.8439075619233645, 7.2335984452636914, 6.7575372324180725, 2.8737487084087947, -3.720443302893332, -11.204293754359576, -17.171791473866683, -19.760601455498655, -18.935149418132394, -16.823909491228985, -16.330928123543565, -18.511563848381574, -21.16334437545738, -20.658858467875277, -14.904049496629778, -4.35685256696781, 8.739133393933507, 21.397091187679685, 30.904912655911502, 35.76302838166095, 35.956601087219404, 32.625426732669496, 27.581505916424526, 22.77885892433898, 19.7280790013337, 18.9610986905033, 19.8210298703944, 20.891567987456938, 20.913972388246812, 19.463360902655175, 16.90283532318402, 13.912168610227525, 11.091231576975046, 8.795990761511192, 7.131371478980968, 6.013712577634826, 5.245756027781097, 4.571502762905928, 3.7151267439630105, 2.4315436047704484, 0.5821589938145446, -1.7826462481117797, -4.374484508623593, -6.696539775437994, -8.178102978698988, -8.383680594024025, -7.19686480307569, -4.869873243166317, -1.9139323235705905, 1.0858997982611025, 3.6123592694748874, 5.253486236993636, 5.683128023188116, 4.696791054138997, 2.3194826978748035, -1.1625233913269226, -5.313777436769744, -9.664266740275286, -13.708516363755228, -16.63769905388656, -16.81354069309084, -12.119384286514178, -1.9366095924132254, 11.385437823062839, 23.57634271538786, 30.865236006360195, 31.724942851991607, 27.15307947152211, 19.444345181608345, 10.416557264447778, 1.0351068777749048, -7.261835204123591, -12.316210730548722, -13.139064795041568, -11.051053640972794
-8.318911007129376, -7.2528075186429355, -6.3563086561924305, -4.336597913255242, -0.5617242321733462, 4.119924557700691, 7.980847674317809, 9.584220848139667, 8.41824865311333, 4.863615578761613, -0.015591077408912739, -4.627810040845837, -7.278429496252122, -7.107310304873851, -4.903680258669091, -2.7401813848643592, -2.404268026025551, -4.135136845239857, -6.865650161107667, -9.192893857239538, -10.02722607274705, -8.90222767888608, -5.955898333352443, -1.594250197385848, 3.5831234751075582, 8.39811901576836, 11.094568054830331, 10.158548237294596, 5.151180003111024, -3.0802165877085814, -12.493931789130807, -20.195745803278385, -23.654478951318527, -22.442404196111585, -18.905200901330552, -16.663166355308523, -17.511212462909032, -19.491728511435443, -18.685168001249796, -12.658976433566338, -1.886696491803357, 11.141658841732411, 23.31832202045004, 32.012726920861944, 35.86563245729228, 35.009198233713, 30.754402824527155, 25.05437116222063, 19.899334279852408, 16.75265124964014, 16.124261990818866, 17.414596425680198, 19.252776434040907, 20.284483114680246, 19.849261915075477, 18.06037686126024, 15.451978872422787, 12.625071421100005, 10.056052027305931, 8.018498058842704, 6.574196418679717, 5.61597065237691, 4.931250914327195, 4.260023644964707, 3.3478046327629305, 2.005810254566191, 0.17825196382364056, -2.000904361536815, -4.192226398714087, -5.910901082106935, -6.675461889061937, -6.199899006219902, -4.528913435455189, -2.0319149838486075, 0.7319898810328557, 3.1728648620566124, 4.760504957120226, 5.073433407275861, 3.897719325792237, 1.3237846577124535, -2.325957709306241, -6.6323500743859, -11.013562580995483, -14.650840089397848, -16.590319293801233, -15.557013825478023, -9.914320341002277, 0.8562132148573348, 14.428973032214763, 26.384224008719432, 32.918098661903336, 32.816465097161476, 27.59560761785682, 19.99433275049303, 11.837182548879564, 3.5009026200752746, -4.310473107250943, -9.65174901021564, -11.23413421529657, -10.038092403928236
-8.096849550132708, -7.5724729851009265, -6.679380405164913, -3.9790027790955125, 0.9356698200046062, 6.708429650171842, 11.198710637326835, 12.871240257338131, 11.296145547600672, 6.8790655353743215, 0.6204381545163451, -5.799788202171616, -10.1695447627945, -10.805542290239126, -7.967078153645578, -4.005280366754506, -1.6711279424744983, -2.1829693379733377, -4.896183434619685, -8.11504718289672, -9.932996237781053, -9.080481629178948, -5.438042859997077, 0.2505011345326052, 6.799353922502361, 12.524783366334917, 15.42648827086412, 14.056476116807099, 8.182780738674257, -1.261865964448595, -12.249702968519783, -21.627575654542955, -26.2286198400566, -25.09326987694211, -20.590075119556744, -16.88197848533424, -16.450877940806212, -17.729105827012713, -16.697370727280322, -10.6170289918474, 0.13626498163745848, 12.932521098345433, 24.573201390606425, 32.501825753214256, 35.496270334623865, 33.8300632797963, 28.94414798206039, 22.85962858134389, 17.525479640164885, 14.285352898150904, 13.580532141870854, 14.902009731995046, 17.063721118277527, 18.799374147721274, 19.33172240545683, 18.51960623244412, 16.64614496242262, 14.170627322656774, 11.574234337004578, 9.250026301572577, 7.420944408931513, 6.1181004997382225, 5.2191074892054115, 4.512043644161505, 3.759501097934649, 2.7582686424908123, 1.3958090609257165, -0.3015213342259132, -2.141545375475645, -3.7816677247522397, -4.809069479395681, -4.884822369425027, -3.900572177180005, -2.0609856931447434, 0.16239121556674402, 2.1752108630245495, 3.425041317580147, 3.54622738230188, 2.458340086350466, 0.2984623102112495, -2.8415722474618113, -6.9477948132027985, -11.559395146541707, -15.394008515878442, -16.87127014221412, -14.728812658282433, -8.002343202159782, 3.3303086563718933, 16.928007779580337, 28.445878039156444, 34.16866453733852, 33.164325023592475, 27.377515163864334, 19.940670354183318, 12.751943588671082, 5.682346294475105, -1.3869651150641897, -6.893201202454965, -9.257557562308165, -8.999663329251813
-7.804531169360944, -7.578081930510817, -6.452330744389005, -2.8894995093834623, 3.2366047092486636, 10.04482421282444, 15.060676317160903, 16.759446240638372, 14.854264455043019, 9.789911312137887, 2.4219905149198335, -5.72037482870495, -12.142223539471818, -14.282289546144693, -11.50558719386786, -6.036013588434052, -1.4372862717121622, -0.1026029730120823, -2.186173128155135, -5.99708292838021, -8.84713536962908, -8.470699004518462, -4.2988373243721245, 2.596518667165936, 10.335021088255615, 16.70247459441194, 19.582151358030753, 17.777523183332864, 11.397767718154483, 1.43808194528643, -10.358786192794923, -20.967271547610416, -26.777676278480616, -26.200637010412223, -21.36543206019939, -16.694051574665917, -15.207306472437564, -15.839078641697457, -14.696087413529415, -8.804900975615505, 1.6693380660510357, 14.079248659650924, 25.164370633267374, 32.426898798884274, 34.76987476281642, 32.571376027851244, 27.32639306313166, 21.062516802971857, 15.668717000142207, 12.350197349523885, 11.43244310715346, 12.468151574117762, 14.513917446013474, 16.537488605503462, 17.80080413095903, 17.98889043506034, 17.1091976055314, 15.3729568028637, 13.13044911018047, 10.78627352833266, 8.677852360456697, 6.985104937574472, 5.71518785124567, 4.745438044721358, 3.888874878533137, 2.960302698359265, 1.8340505193586731, 0.48753841412790583, -0.9758011648596103, -2.3324291555821235, -3.2848297086673925, -3.5561677855764224, -3.0181498192065113, -1.7960108308766074, -0.2717399035649914, 1.0573248679833998, 1.811007556910442, 1.8996171278596656, 1.4676470187879338, 0.5399349095497945, -1.353639924772547, -4.8992752174753225, -9.9195751409969, -14.677550423334209, -16.667485040487776, -14.110665712576859, -6.517787177847943, 5.327278282061841, 18.816890239937436, 29.775455623859173, 34.71097022742862, 32.930091128888506, 26.655209924946018, 19.333611292732698, 13.044697146436851, 7.330724337121333, 1.2292486222233894, -4.287078392638308, -7.412577650629067, -8.055781569133105
-7.410714026547314, -7.124198923495731, -5.499854728068657, -1.039723821278218, 6.114156555127384, 13.661438069071433, 18.906670540401848, 20.401039329651752, 18.073541042605243, 12.545837349024442, 4.577119688163028, -4.714498585797786, -13.001870469718353, -17.05569361090168, -15.11043903599699, -8.783030332886886, -2.0762719245395056, 1.477520048765228, 0.6656461426574, -3.170801990039239, -6.796229904569556, -6.970771096351922, -2.5443039174674418, 5.198892137849409, 13.718698199240581, 20.325508125656437, 22.910145880490827, 20.66153942095054, 14.150562966859887, 4.4851192701017135, -7.077525980323826, -18.109671164460377, -24.940976785981007, -25.349133120866448, -20.91180287969495, -15.924423754567963, -13.717249759684536, -13.79676554050679, -12.646950043890484, -7.189839894378042, 2.7146910373013156, 14.555605645300112, 25.06652330495825, 31.792338119781252, 33.72041792876504, 31.24759891656064, 25.828501046168682, 19.478955216519743, 14.078515449197406, 10.72408505015155, 9.582336352552678, 10.18803090134776, 11.808190141844769, 13.710978812800782, 15.336236665372924, 16.330965865432898, 16.496388266938148, 15.77498668044122, 14.29036916955568, 12.333500788096185, 10.254003300870094, 8.33053759751019, 6.698863229804145, 5.35167852490542, 4.18411954970115, 3.057032569838812, 1.8598842917268386, 0.5613326306038932, -0.762312657658482, -1.9306597927576745, -2.7050656581184986, -2.879223041066748, -2.393603567515212, -1.4191991967435917, -0.3291863060469866, 0.4991077498903778, 0.9660974678721596, 1.3362006325015008, 1.8986877370329749, 2.370431627935264, 1.6543587366801042, -1.4404632466887557, -6.855442817714263, -12.62284685694997, -15.629727993939445, -13.390411549485036, -5.415204535958681, 6.779683273362032, 20.086892783588457, 30.45347111081346, 34.692123473117995, 32.28339519173307, 25.561060492388542, 18.215786763366907, 12.628054350613404, 8.240000806588087, 3.316344176172577, -1.9733448766636021, -5.767929682229807, -7.2435377611553635
-6.97815486852797, -6.291489917362485, -3.9299250064106532, 1.3124785523478202, 9.078006250171542, 16.873032511124503, 21.928834394697486, 22.898062111243778, 19.99048887632361, 14.193743521795668, 6.3094039728322695, -3.1463636381960605, -12.554977576521072, -18.495253300062974, -18.07429599197322, -11.86832489928145, -3.7888775451823498, 1.789177882336068, 2.583472754066534, -0.6384424886904814, -4.45120226192533, -4.957191631527502, -0.4879924245569165, 7.631083365641059, 16.41585856983441, 22.856116717415965, 24.92816437830839, 22.22715469041504, 15.848352030792984, 7.146288460270804, -3.1238095053197825, -13.539114071670204, -20.91810588311121, -22.5828640120987, -19.27339219940836, -14.702485352808884, -12.192340047420293, -11.804542984072723, -10.64195237519597, -5.754680737980035, 3.3072857492061205, 14.343519673413873, 24.213036426192183, 30.513484947661226, 32.23191009496673, 29.655838591391838, 24.13339840304791, 17.713775204148693, 12.348914076313005, 9.06120023125721, 7.818545925606135, 8.045609668315242, 9.131943744584461, 10.626454414092503, 12.219884560852798, 13.653821976659971, 14.65442027112248, 14.971138997827357, 14.493344719943854, 13.317728581229145, 11.694540187518454, 9.904970926046861, 8.15800315079892, 6.54679611957667, 5.058205304151294, 3.6150670880252838, 2.1334563305034178, 0.5818977459253163, -0.9690199270756635, -2.32517806853265, -3.206197069041929, -3.3626097658869423, -2.7385974186108637, -1.5749613841222503, -0.329276242323931, 0.6225479826494537, 1.3135704280681384, 2.142279070967702, 3.29415039706365, 4.1227612878434075, 3.2859370450309036, -0.17425185063992962, -5.771778452310799, -11.561751565049123, -14.742380373634921, -12.694532645588138, -4.631254474997535, 7.678008111992664, 20.71785659611903, 30.51176327554215, 34.16233810400815, 31.2309948875561, 24.05855044218605, 16.546167446218526, 11.433957791263193, 8.256563219382546, 4.681705441110702, -0.05028897434080428, -4.3095820696212, -6.55657378493102
-6.584140963994638, -5.352811246331903, -2.133548824657305, 3.677564585662986, 11.518961114561451, 18.975743942795354, 23.39658486122897, 23.566149758396403, 20.00703419832993, 14.189611731957061, 7.100880045775806, -1.3610085341589078, -10.68872648987007, -17.9257935993191, -19.418552102994806, -14.483051254383453, -6.353064936222346, 0.3074879148979946, 2.460880814803406, 0.3109078252798494, -2.8995130924019428, -3.1816668543274043, 1.331857002798752, 9.400912139158836, 17.939719766070713, 23.857273587094944, 25.25854390015065, 22.089578046746404, 15.962340089988041, 8.610199476948068, 0.4457711176384815, -8.286518289449456, -15.463110771832875, -18.36590507297995, -16.781775628473824, -13.393481859403606, -11.102955929859482, -10.361542518837584, -9.04340546842563, -4.642213169125293, 3.443539979566215, 13.442255546646368, 22.534073633466644, 28.419993611005964, 29.98582721902717, 27.31812464429409, 21.69142554007403, 15.267885579921453, 10.087314121835794, 7.064712577942402, 5.9355891650921935, 5.968192942554815, 6.597520149727624, 7.580006126364416, 8.844920222372354, 10.298880572380554, 11.72032981122924, 12.797714085794286, 13.269831223119677, 13.045895540439039, 12.216366548687017, 10.97337296534287, 9.513823689646062, 7.9742541915202345, 6.407338670302728, 4.792404131088185, 3.0705577186640522, 1.1987708468407596, -0.7808205495496809, -2.6739786704188, -4.122785012599972, -4.719185425648675, -4.240657606006246, -2.8574398467151565, -1.093758026828281, 0.5182698254780957, 1.8114579325136593, 2.905219889544823, 3.6196597398474575, 3.091374936321857, 0.33437814385314296, -4.5649323923915475, -10.085132624433884, -14.352299326462711, -15.767267583499791, -12.665575265980236, -4.234156148538597, 8.01550103492834, 20.629615659800965, 29.809611156168557, 32.86726514911874, 29.39450307278293, 21.790528505859385, 14.142681698289413, 9.425564023552951, 7.315753539399395, 5.160289687827657, 1.3597780187586481, -2.996304373148598, -5.911865418410697
-6.054665091099024, -4.4370595985405386, -0.5187848260432385, 5.51880091215054, 12.839659630719709, 19.29989589413858, 22.59946653827619, 21.787060446619193, 17.71573448052764, 12.259878811557959, 6.587065420949129, 0.14276718194062882, -7.699461141522223, -15.037424791281179, -18.211045089587447, -15.471509934829742, -8.879538704579483, -2.6153954003515345, 0.13784646866809666, -0.7984178693349628, -2.70873300525079, -2.146271424031464, 2.511542282785221, 10.13522939534955, 17.867804864283855, 22.822730248428677, 23.350185525007845, 19.742860474024102, 14.017919783314813, 8.213307798114029, 2.573375984440629, -3.65119078986012, -9.679737620431927, -13.3136206016914, -13.611614606184295, -11.978576847461262, -10.47438468557553, -9.634525402412438, -8.080852884771412, -3.995210443896232, 3.120493348968113, 11.896284777021414, 19.962396639519802, 25.18779649669084, 26.358347590540582, 23.453789878938338, 17.817251094123435, 11.710500996195988, 7.08949670692356, 4.626420670415038, 3.826670080913042, 3.85810984348893, 4.196704806222195, 4.730045523990985, 5.546212918196881, 6.6988603607763455, 8.08110676049105, 9.438737370327027, 10.485895089661437, 11.029954655994734, 11.023496177432085, 10.535319682855869, 9.685853311226044, 8.58845103966361, 7.3123684867686665, 5.868317557577923, 4.215388171972838, 2.292983353890626, 0.08740010592446221, -2.2687758497304276, -4.416245930268367, -5.817273933893416, -6.002584522611912, -4.8964949969727485, -2.9328579023448724, -0.8020012310363679, 0.9239813413807431, 1.8193581479014218, 1.2631632907495307, -1.6036290106005762, -7.06817116757122, -13.76085259384343, -18.984259430410464, -20.81515937961406, -19.01786109010192, -13.557606892709261, -4.210650528977752, 7.856364923642482, 19.706310585052353, 27.923547587957902, 30.053518147626047, 25.90104772322612, 18.11015146303915, 10.769192056863096, 6.669700415785583, 5.499606182734375, 4.64865995996301, 2.0717332045558656, -1.8276905304463613, -5.083591922769836
-4.975775984678099, -3.3523485855863515, 0.6308790869521226, 6.1758398181169545, 12.173527767657959, 16.86713310455599, 18.585852123746157, 16.87629457739415, 12.850318150965101, 8.399731767249195, 4.6044040832935655, 0.7257861432279525, -4.512886948035335, -10.409481308099123, -14.168474570211005, -13.682904717764256, -9.71394278382979, -5.198937978680078, -2.742235830819001, -2.68710539758321, -3.127316525076899, -1.619623865949013, 2.8950089929120466, 9.386836057085214, 15.481345050186563, 18.839756157132385, 18.331624128633653, 14.624800053403405, 9.796375720153911, 5.752575256228141, 2.6069804667011445, -0.8478414794819567, -4.886962690439949, -8.212570955679459, -9.71500910767015, -9.720256197383453, -9.266042034281998, -8.673373986442021, -7.118654909788024, -3.48883775398914, 2.4506697344558015, 9.605362520199378, 16.061351618804025, 19.980935435457855, 20.298032382283246, 17.165402806544886, 12.037917351474762, 6.982941212770687, 3.504224798319051, 1.8878286885842779, 1.5167198237150565, 1.6308370678422701, 1.8202860359087993, 2.053210068791871, 2.4713498572872044, 3.1923337487808343, 4.2051187575037705, 5.364125483255697, 6.458120272344276, 7.3009792817545325, 7.78817003025058, 7.900496081002565, 7.674812172971113, 7.167720706249218, 6.425330724868453, 5.462144663791279, 4.250538388409735, 2.7275231937139925, 0.8352915943554102, -1.3888385946239479, -3.698318740867047, -5.601526322004884, -6.525926966785488, -6.1544737360750235, -4.683207178863374, -2.758708588942589, -1.1917752991073811, -0.7978378032261825, -2.4357896370086625, -6.820375711620317, -13.739748737662532, -21.17363381249707, -25.88239033202204, -25.846796984660415, -21.493350237318072, -13.998733824015751, -4.025884308995196, 7.2477443674825475, 17.43412806863932, 23.739542757592442, 24.3324591112252, 19.64484359780774, 12.520064796984155, 6.4643767357762485, 3.4692428957488683, 3.080310657110156, 3.1596429415508327, 1.8426754918955612, -0.9883515191910496, -3.890513510549346
-3.4493910100536542, -2.2671423995918762, 0.6552505902427463, 4.456209448599432, 8.115913589752735, 10.48992239235625, 10.74173199649564, 8.924275332225955, 6.024524025155439, 3.3417796090889014, 1.5183037938928239, -0.048116059392757204, -2.475442108827558, -5.796910879304143, -8.543730338718937, -9.178466985843087, -7.643230147246285, -5.3648867203216435, -3.8581854790555634, -3.4182342425388677, -3.040629429043643, -1.4280469367767972, 1.8773397090589463, 6.074121992252293, 9.58505513851586, 11.007673246066165, 9.913027178492081, 7.07905740423584, 4.0067886975707, 1.8904405330854896, 0.7041140331400975, -0.5363789076430434, -2.4026609115700412, -4.407889709560529, -5.819916860939889, -6.488117749454306, -6.691538550477154, -6.476352624802695, -5.3860240485304285, -2.867476646115719, 1.0908547128276287, 5.681291885504248, 9.577177017441256, 11.551038990329218, 11.03498403145431, 8.418478079929022, 4.897431948835064, 1.8144456909956335, -0.06686692610172693, -0.7811539429120379, -0.825970009614584, -0.6842973348687262, -0.5781183411088248, -0.4967093844402334, -0.33300972815363794, 0.005427779883054386, 0.5416406117446414, 1.2209666394792025, 1.9385622266556692, 2.583838037050815, 3.075615385393389, 3.3737337734389983, 3.471736358140299, 3.3820756867567163, 3.1209281945014204, 2.6946421010431525, 2.0885450796220253, 1.2618273425065196, 0.1601964696037384, -1.2359122652842256, -2.8271975048580167, -4.329935550248301, -5.330061858997121, -5.49657799658265, -4.8246316709571655, -3.7033349623832943, -2.774555492302246, -2.75968854716368, -4.357020278909045, -8.047726989586609, -13.586816544127412, -19.393795684956135, -22.912633632735687, -22.40919428163264, -18.14028689575906, -11.355361684699803, -3.149551034462416, 5.212494559960976, 11.9350089533646, 15.256113747829241, 14.43813376930392, 10.463161722401784, 5.60206229148483, 1.9680522260843056, 0.43275740842875793, 0.5122471399540962, 0.9249571905494276, 0.5356700709631577, -0.9087545909335214, -2.6901529382251868
-2.493247643349684, -2.0729659908010825, -1.075486442981681, 0.1368502901063389, 1.1696949998856423, 1.6758487022864519, 1.4804505651942053, 0.7054633181878813, -0.27782424697479247, -1.06252922663641, -1.4815766450548091, -1.7669997943809126, -2.3292732666022244, -3.2664992889871183, -4.182035709965601, -4.559505393479099, -4.272872260561189, -3.6803719107065005, -3.2280770353448283, -3.018795862016243, -2.769000959353452, -2.121544259249821, -0.9981993066792587, 0.2858379721874503, 1.2136914967323822, 1.397908809117238, 0.812953876799776, -0.20256625960902996, -1.154041273818053, -1.6981988970726012, -1.8867859630190509, -2.0758811502454777, -2.5090572236079054, -3.0935885152023443, -3.6057581916717716, -3.94133037143013, -4.112624224449335, -4.088009119324512, -3.7191843201432726, -2.86030768527017, -1.562070355618173, -0.14397481858227879, 0.9352022063050915, 1.3067404452300644, 0.8718809042219513, -0.14552591570205056, -1.3117013413792986, -2.223392216538171, -2.7071220214986003, -2.8340283237194948, -2.784721407894742, -2.705996868820747, -2.654484933820406, -2.6187247292386173, -2.5628593279538117, -2.4565625916861342, -2.2886018686123273, -2.0698702460896072, -1.827811180787969, -1.5951261720473364, -1.3992032816364943, -1.2571040648777223, -1.1759618072568396, -1.1560922117486165, -1.194837294222469, -1.2905251453062168, -1.446463607505962, -1.674184356910318, -1.992483251314943, -2.4154479084872684, -2.925490961492285, -3.444307789574781, -3.8366813371643644, -3.9738025013564795, -3.8259560919354683, -3.5085697769722985, -3.2463539884697368, -3.302292579951863, -3.9231374377247925, -5.275697396351369, -7.287775016922257, -9.408345189613806, -10.66607033011273, -10.318693370229223, -8.402861047744025, -5.491501529342185, -2.224153525678257, 0.7613589536519015, 2.8239734223778106, 3.515926526565688, 2.831504024676263, 1.298439253830182, -0.28973175308096394, -1.3412745023584147, -1.6997019427087898, -1.5747072296368385, -1.3540906704793403, -1.3720817313145257, -1.7350198559044576, -2.262603377070085
