2.043, 2.852, 3.26, 3.229, 2.936, 2.379, 1.643, 1.016, 0.53, 0.2256, 0.2245, 0.58, 1.13, 1.743, 2.396, 2.812, 3.186, 3.445, 3.61, 3.684, 3.578, 3.486, 3.268, 2.996, 2.621, 2.053, 1.512, 0.9443, 0.462, 0.228, 0.2869, 0.6006, 1.108, 1.785, 2.408, 2.97, 3.422, 3.676, 3.834, 4.01, 4.016, 3.912, 3.791, 3.547, 3.236, 2.76, 2.082, 1.393, 0.798, 0.4458, 0.2988, 0.2068, 0.10504, -0.12006, -0.311, -0.5005, -0.6343, -0.6157, -0.5645, -0.3694, 0.0606, 0.584, 1.162, 1.685, 2.05, 2.406, 2.693, 2.838, 3.02, 3.143, 3.225, 3.164, 3.168, 3.14, 3.04, 2.943, 2.822, 2.682, 2.572, 2.521, 2.498, 2.508, 2.516, 2.568, 2.602, 2.615, 2.688, 2.672, 2.648, 2.432, 2.033, 1.457, 0.738, 0.0346, -0.437, -0.7627, -0.9355, -0.7056, -0.04575, 0.931
3.615, 6.188, 7.33, 7.066, 5.766, 3.69, 1.431, -0.6733, -2.215, -3.01, -3.023, -2.21, -0.648, 1.251, 3.281, 5.04, 6.367, 7.29, 7.863, 8.01, 7.777, 7.094, 6.203, 5.19, 3.865, 2.342, 0.6963, -0.9004, -2.127, -2.807, -2.795, -2.043, -0.6533, 1.248, 3.283, 5.125, 6.504, 7.5, 8.016, 8.35, 8.18, 7.812, 7.07, 6.164, 4.94, 3.363, 1.405, -0.4485, -1.733, -2.326, -2.486, -2.512, -2.744, -3.186, -3.777, -4.29, -4.695, -4.867, -4.836, -4.43, -3.443, -2.014, -0.3118, 1.304, 2.68, 3.822, 4.723, 5.44, 6.062, 6.625, 6.965, 7.23, 7.39, 7.45, 7.195, 6.97, 6.68, 6.254, 6.062, 5.812, 5.805, 5.91, 5.953, 6.1, 6.08, 5.918, 5.723, 5.395, 4.984, 4.06, 2.727, 1.047, -0.979, -2.748, -4.0, -4.812, -5.17, -4.535, -2.691, 0.2347
4.652, 8.57, 10.18, 9.45, 7.1, 3.848, 0.54, -2.418, -4.535, -5.703, -5.98, -5.246, -3.373, -0.6963, 2.316, 5.24, 7.637, 9.41, 10.48, 10.82, 10.28, 9.164, 7.586, 5.76, 3.77, 1.604, -0.714, -2.78, -4.363, -5.293, -5.555, -4.91, -3.225, -0.685, 2.312, 5.258, 7.715, 9.49, 10.68, 11.11, 10.85, 10.1, 8.78, 7.203, 5.332, 3.102, 0.536, -1.692, -2.855, -3.03, -2.719, -2.434, -2.578, -3.246, -4.285, -5.41, -6.42, -7.26, -7.797, -7.742, -6.91, -5.285, -3.105, -0.7793, 1.362, 3.281, 4.906, 6.254, 7.414, 8.51, 9.48, 10.34, 11.02, 11.35, 11.305, 11.09, 10.63, 10.27, 9.97, 9.86, 9.85, 10.0, 10.05, 9.9, 9.586, 8.81, 7.883, 7.09, 5.94, 4.496, 2.545, 0.17, -2.281, -4.234, -5.496, -6.438, -6.88, -6.258, -4.016, -0.08234
4.957, 8.87, 10.445, 9.39, 6.625, 3.193, -0.1406, -2.955, -4.883, -6.05, -6.594, -6.33, -5.016, -2.729, 0.2343, 3.426, 6.266, 8.516, 10.01, 10.53, 10.02, 8.734, 6.92, 4.957, 2.912, 0.7993, -1.331, -3.145, -4.543, -5.5, -6.0, -5.82, -4.7, -2.53, 0.3618, 3.502, 6.344, 8.555, 10.164, 10.85, 10.67, 9.87, 8.484, 6.797, 4.758, 2.389, -0.0631, -1.802, -2.21, -1.52, -0.4768, 0.2751, 0.3086, -0.4382, -1.693, -3.258, -4.93, -6.406, -7.58, -8.17, -7.97, -6.902, -5.133, -3.006, -0.7686, 1.322, 3.234, 4.914, 6.41, 7.938, 9.48, 11.016, 12.38, 13.29, 13.8, 13.766, 13.414, 13.19, 13.125, 13.27, 13.516, 13.625, 13.484, 12.94, 11.8, 10.12, 8.38, 6.984, 5.6, 3.938, 1.883, -0.4558, -2.549, -3.828, -4.402, -4.8, -5.113, -4.652, -2.818, 0.564
4.89, 7.81, 8.99, 7.863, 5.348, 2.5, -0.1921, -2.328, -3.725, -4.656, -5.293, -5.53, -4.973, -3.53, -1.346, 1.356, 4.0, 6.26, 7.83, 8.484, 8.16, 7.113, 5.656, 4.043, 2.365, 0.648, -0.9775, -2.314, -3.28, -4.01, -4.66, -4.992, -4.582, -3.24, -1.096, 1.484, 4.016, 6.3, 7.97, 8.77, 8.84, 8.32, 7.23, 5.754, 3.797, 1.491, -0.68, -1.869, -1.605, -0.2654, 1.269, 2.293, 2.479, 1.864, 0.668, -0.9062, -2.678, -4.39, -5.777, -6.676, -6.96, -6.555, -5.527, -4.06, -2.29, -0.436, 1.337, 2.97, 4.48, 6.105, 7.977, 9.914, 11.83, 13.4, 14.44, 14.875, 14.89, 14.875, 15.09, 15.664, 16.12, 16.31, 15.92, 14.66, 12.61, 10.0, 7.766, 6.15, 4.77, 3.176, 1.1875, -0.987, -2.549, -3.098, -2.896, -2.59, -2.412, -1.854, -0.5454, 1.803
4.78, 6.633, 7.344, 6.305, 4.258, 2.002, 0.01088, -1.428, -2.33, -3.05, -3.746, -4.242, -4.184, -3.393, -1.872, 0.1545, 2.328, 4.35, 5.82, 6.504, 6.38, 5.69, 4.69, 3.547, 2.277, 0.982, -0.1914, -1.075, -1.754, -2.393, -3.152, -3.787, -3.852, -3.125, -1.664, 0.2527, 2.34, 4.348, 5.93, 6.797, 7.062, 6.824, 6.004, 4.64, 2.672, 0.3396, -1.684, -2.635, -2.197, -0.7573, 0.8125, 1.903, 2.305, 2.064, 1.277, 0.05713, -1.443, -2.957, -4.258, -5.133, -5.55, -5.543, -5.074, -4.184, -2.922, -1.481, 0.02603, 1.523, 2.98, 4.613, 6.457, 8.44, 10.53, 12.41, 13.96, 14.87, 15.24, 15.484, 15.92, 16.66, 17.34, 17.5, 16.73, 14.97, 12.3, 9.234, 6.875, 5.395, 4.12, 2.572, 0.5415, -1.508, -2.809, -2.994, -2.365, -1.524, -0.7583, 0.1177, 1.277, 2.848
4.594, 5.76, 6.105, 5.207, 3.545, 1.806, 0.329, -0.65, -1.32, -1.983, -2.744, -3.371, -3.547, -3.064, -1.952, -0.3987, 1.375, 3.104, 4.47, 5.19, 5.215, 4.812, 4.18, 3.36, 2.395, 1.414, 0.5967, -0.03726, -0.606, -1.325, -2.21, -2.922, -3.19, -2.773, -1.748, -0.2878, 1.415, 3.1, 4.492, 5.395, 5.832, 5.734, 4.984, 3.479, 1.376, -0.935, -2.861, -3.82, -3.605, -2.506, -1.162, 0.04486, 0.8574, 1.185, 0.94, 0.1613, -1.029, -2.34, -3.512, -4.29, -4.68, -4.758, -4.58, -4.082, -3.232, -2.12, -0.8413, 0.5654, 2.098, 3.717, 5.504, 7.414, 9.375, 11.336, 13.11, 14.4, 15.125, 15.55, 16.0, 16.64, 17.23, 17.25, 16.27, 14.164, 11.25, 8.32, 6.156, 4.82, 3.596, 1.983, -0.11206, -2.102, -3.273, -3.39, -2.682, -1.625, -0.4753, 0.7134, 1.95, 3.252
4.2, 5.125, 5.273, 4.477, 3.12, 1.766, 0.6875, -0.02893, -0.651, -1.379, -2.225, -2.959, -3.254, -2.898, -2.004, -0.749, 0.7383, 2.24, 3.521, 4.285, 4.477, 4.293, 3.863, 3.229, 2.46, 1.741, 1.201, 0.753, 0.1527, -0.702, -1.672, -2.443, -2.74, -2.457, -1.657, -0.4949, 0.8594, 2.258, 3.52, 4.457, 4.953, 4.86, 3.99, 2.326, 0.1388, -2.03, -3.738, -4.69, -4.75, -4.074, -2.955, -1.587, -0.273, 0.6196, 0.8213, 0.2451, -0.8584, -2.129, -3.225, -3.938, -4.27, -4.383, -4.34, -4.082, -3.53, -2.633, -1.474, -0.068, 1.494, 3.219, 5.0, 6.87, 8.71, 10.57, 12.41, 13.875, 14.89, 15.42, 15.836, 16.31, 16.7, 16.44, 15.14, 12.8, 9.98, 7.37, 5.56, 4.336, 3.05, 1.282, -0.7925, -2.586, -3.637, -3.781, -3.215, -2.215, -0.9844, 0.3503, 1.702, 3.018
3.68, 4.555, 4.664, 3.969, 2.86, 1.835, 1.062, 0.4517, -0.2097, -1.03, -1.935, -2.73, -3.12, -2.893, -2.143, -1.057, 0.2395, 1.568, 2.773, 3.57, 3.932, 3.906, 3.578, 3.06, 2.496, 2.033, 1.691, 1.327, 0.6436, -0.3413, -1.361, -2.107, -2.377, -2.117, -1.427, -0.4756, 0.6094, 1.752, 2.855, 3.78, 4.258, 4.066, 3.025, 1.273, -0.8306, -2.758, -4.19, -5.027, -5.215, -4.71, -3.64, -2.098, -0.4348, 0.763, 1.085, 0.467, -0.73, -2.059, -3.182, -3.848, -4.11, -4.22, -4.27, -4.14, -3.81, -3.096, -2.006, -0.6353, 0.982, 2.77, 4.62, 6.5, 8.3, 10.08, 11.875, 13.5, 14.67, 15.35, 15.73, 16.0, 16.08, 15.516, 13.9, 11.43, 8.766, 6.547, 5.06, 3.844, 2.418, 0.6074, -1.35, -2.928, -3.805, -3.957, -3.506, -2.625, -1.475, -0.2067, 1.124, 2.459
3.152, 4.0, 4.12, 3.56, 2.713, 1.979, 1.433, 0.863, 0.1467, -0.727, -1.67, -2.512, -2.969, -2.834, -2.207, -1.253, -0.0981, 1.074, 2.158, 2.973, 3.412, 3.467, 3.207, 2.803, 2.459, 2.258, 2.088, 1.717, 0.963, -0.0775, -1.106, -1.808, -2.018, -1.722, -1.077, -0.2412, 0.6914, 1.643, 2.559, 3.354, 3.701, 3.33, 2.152, 0.4272, -1.478, -3.166, -4.42, -5.184, -5.383, -4.84, -3.668, -1.988, -0.1744, 1.072, 1.306, 0.5674, -0.72, -2.104, -3.24, -3.857, -4.062, -4.156, -4.246, -4.227, -4.008, -3.436, -2.46, -1.1455, 0.423, 2.234, 4.16, 6.06, 7.902, 9.64, 11.44, 13.14, 14.48, 15.3, 15.66, 15.734, 15.45, 14.52, 12.66, 10.21, 7.805, 5.94, 4.617, 3.367, 1.873, 0.09247, -1.69, -3.082, -3.865, -4.0, -3.557, -2.738, -1.693, -0.526, 0.7, 1.957
2.713, 3.518, 3.695, 3.297, 2.697, 2.182, 1.761, 1.23, 0.4666, -0.4824, -1.434, -2.297, -2.775, -2.682, -2.121, -1.267, -0.2478, 0.781, 1.746, 2.5, 2.9, 2.969, 2.79, 2.566, 2.459, 2.479, 2.402, 1.973, 1.169, 0.10443, -0.9146, -1.58, -1.726, -1.347, -0.636, 0.1927, 1.03, 1.809, 2.537, 3.094, 3.201, 2.6, 1.337, -0.308, -2.027, -3.488, -4.64, -5.453, -5.676, -5.074, -3.791, -2.03, -0.2252, 0.959, 1.102, 0.321, -0.923, -2.268, -3.367, -3.912, -4.05, -4.12, -4.22, -4.293, -4.17, -3.71, -2.865, -1.644, -0.1599, 1.584, 3.502, 5.477, 7.336, 9.164, 10.97, 12.69, 14.18, 15.15, 15.52, 15.39, 14.73, 13.414, 11.43, 9.13, 7.094, 5.523, 4.254, 2.963, 1.422, -0.277, -1.895, -3.172, -3.936, -4.055, -3.59, -2.744, -1.711, -0.6255, 0.492, 1.631
2.398, 3.113, 3.36, 3.152, 2.764, 2.422, 2.059, 1.493, 0.6685, -0.3208, -1.289, -2.156, -2.62, -2.482, -1.912, -1.087, -0.1525, 0.775, 1.589, 2.209, 2.53, 2.559, 2.457, 2.434, 2.549, 2.71, 2.65, 2.17, 1.269, 0.1696, -0.8506, -1.491, -1.544, -1.05, -0.2512, 0.618, 1.429, 2.111, 2.64, 2.914, 2.719, 1.915, 0.6045, -0.9287, -2.475, -3.832, -5.016, -5.953, -6.227, -5.633, -4.293, -2.516, -0.751, 0.3757, 0.501, -0.1669, -1.236, -2.438, -3.443, -3.936, -4.06, -4.12, -4.242, -4.367, -4.336, -4.035, -3.303, -2.236, -0.802, 0.866, 2.725, 4.707, 6.61, 8.52, 10.41, 12.164, 13.766, 14.836, 15.14, 14.78, 13.78, 12.21, 10.19, 8.164, 6.473, 5.14, 3.914, 2.56, 1.026, -0.5938, -2.096, -3.314, -4.06, -4.18, -3.672, -2.734, -1.66, -0.5996, 0.429, 1.462
2.197, 2.857, 3.156, 3.096, 2.906, 2.676, 2.322, 1.7, 0.8027, -0.257, -1.264, -2.11, -2.523, -2.336, -1.692, -0.81, 0.1149, 0.9663, 1.655, 2.11, 2.297, 2.312, 2.334, 2.504, 2.783, 3.0, 2.865, 2.246, 1.261, 0.10583, -0.92, -1.538, -1.511, -0.9185, -0.03354, 0.899, 1.704, 2.34, 2.705, 2.723, 2.29, 1.379, 0.0856, -1.371, -2.84, -4.184, -5.49, -6.54, -6.902, -6.4, -5.14, -3.375, -1.623, -0.4722, -0.2388, -0.703, -1.537, -2.547, -3.453, -3.926, -4.07, -4.156, -4.305, -4.465, -4.54, -4.36, -3.803, -2.871, -1.54, 0.0566, 1.908, 3.922, 5.895, 7.84, 9.73, 11.56, 13.234, 14.35, 14.57, 13.97, 12.77, 11.125, 9.21, 7.41, 5.957, 4.766, 3.58, 2.209, 0.679, -0.8774, -2.318, -3.51, -4.21, -4.31, -3.76, -2.744, -1.607, -0.5522, 0.4302, 1.362
2.086, 2.695, 3.031, 3.11, 3.064, 2.912, 2.523, 1.825, 0.836, -0.2717, -1.286, -2.107, -2.518, -2.281, -1.553, -0.5796, 0.3843, 1.198, 1.783, 2.09, 2.188, 2.21, 2.361, 2.691, 3.076, 3.252, 2.988, 2.217, 1.116, -0.0667, -1.09, -1.663, -1.564, -0.9316, -0.006943, 0.94, 1.767, 2.371, 2.643, 2.479, 1.921, 0.986, -0.2588, -1.672, -3.107, -4.51, -5.95, -7.1, -7.535, -7.18, -6.03, -4.34, -2.63, -1.401, -0.971, -1.196, -1.792, -2.58, -3.385, -3.88, -4.086, -4.22, -4.41, -4.645, -4.805, -4.723, -4.31, -3.496, -2.305, -0.755, 1.082, 3.102, 5.055, 7.027, 8.98, 10.91, 12.56, 13.695, 13.91, 13.234, 11.94, 10.305, 8.55, 6.902, 5.566, 4.39, 3.191, 1.814, 0.3286, -1.17, -2.586, -3.746, -4.402, -4.45, -3.816, -2.717, -1.518, -0.4348, 0.4941, 1.326
2.025, 2.582, 2.975, 3.158, 3.21, 3.09, 2.66, 1.859, 0.7793, -0.353, -1.353, -2.143, -2.543, -2.297, -1.529, -0.4932, 0.528, 1.338, 1.869, 2.104, 2.158, 2.236, 2.492, 2.922, 3.322, 3.396, 2.943, 2.016, 0.82, -0.3723, -1.339, -1.826, -1.697, -1.051, -0.1433, 0.792, 1.613, 2.236, 2.455, 2.186, 1.557, 0.638, -0.538, -1.887, -3.344, -4.824, -6.344, -7.516, -8.0, -7.77, -6.77, -5.203, -3.553, -2.229, -1.616, -1.652, -2.049, -2.648, -3.34, -3.842, -4.113, -4.316, -4.57, -4.887, -5.168, -5.184, -4.887, -4.215, -3.117, -1.624, 0.1699, 2.117, 4.11, 6.105, 8.08, 10.016, 11.73, 12.84, 13.164, 12.53, 11.24, 9.68, 8.07, 6.56, 5.25, 4.027, 2.771, 1.427, -0.0109, -1.48, -2.89, -4.02, -4.64, -4.574, -3.787, -2.586, -1.295, -0.2128, 0.6377, 1.382
1.99, 2.508, 2.957, 3.248, 3.33, 3.18, 2.664, 1.769, 0.6543, -0.4595, -1.3955, -2.146, -2.564, -2.361, -1.608, -0.541, 0.5176, 1.357, 1.903, 2.145, 2.229, 2.365, 2.709, 3.162, 3.494, 3.39, 2.73, 1.629, 0.3743, -0.7754, -1.615, -2.008, -1.86, -1.258, -0.4036, 0.5, 1.338, 1.972, 2.172, 1.872, 1.204, 0.2964, -0.8228, -2.135, -3.592, -5.098, -6.613, -7.773, -8.27, -8.12, -7.25, -5.797, -4.207, -2.887, -2.184, -2.082, -2.348, -2.8, -3.361, -3.84, -4.16, -4.445, -4.78, -5.207, -5.59, -5.707, -5.54, -4.95, -3.998, -2.615, -0.8657, 1.086, 3.084, 5.066, 7.094, 9.03, 10.7, 11.86, 12.29, 11.81, 10.65, 9.18, 7.67, 6.26, 4.953, 3.688, 2.396, 1.073, -0.3398, -1.819, -3.262, -4.39, -4.918, -4.668, -3.658, -2.273, -0.9224, 0.1595, 0.8696, 1.467
1.942, 2.455, 2.984, 3.346, 3.428, 3.195, 2.566, 1.568, 0.4465, -0.5815, -1.403, -2.094, -2.54, -2.422, -1.742, -0.6973, 0.378, 1.281, 1.895, 2.195, 2.344, 2.56, 2.941, 3.355, 3.531, 3.197, 2.31, 1.098, -0.1436, -1.186, -1.855, -2.156, -2.041, -1.541, -0.7676, 0.0983, 0.9395, 1.598, 1.837, 1.529, 0.845, -0.05063, -1.147, -2.447, -3.9, -5.41, -6.867, -7.957, -8.45, -8.34, -7.555, -6.18, -4.637, -3.375, -2.674, -2.53, -2.701, -3.025, -3.441, -3.863, -4.227, -4.598, -5.02, -5.543, -6.02, -6.24, -6.152, -5.707, -4.83, -3.584, -1.903, 0.0755, 2.086, 4.14, 6.15, 7.93, 9.52, 10.7, 11.29, 11.08, 10.14, 8.79, 7.35, 5.953, 4.645, 3.363, 2.047, 0.688, -0.7437, -2.25, -3.72, -4.83, -5.207, -4.656, -3.371, -1.79, -0.3494, 0.6553, 1.204, 1.571
1.933, 2.438, 3.047, 3.438, 3.479, 3.104, 2.326, 1.241, 0.1426, -0.7393, -1.409, -1.992, -2.441, -2.424, -1.863, -0.893, 0.1918, 1.152, 1.872, 2.283, 2.502, 2.766, 3.137, 3.426, 3.373, 2.773, 1.694, 0.4177, -0.721, -1.548, -2.025, -2.252, -2.225, -1.862, -1.201, -0.3992, 0.4202, 1.106, 1.399, 1.128, 0.4404, -0.4463, -1.536, -2.805, -4.25, -5.754, -7.125, -8.11, -8.6, -8.51, -7.695, -6.324, -4.824, -3.646, -3.066, -2.947, -3.033, -3.22, -3.514, -3.863, -4.27, -4.715, -5.23, -5.855, -6.445, -6.785, -6.777, -6.43, -5.688, -4.582, -3.008, -1.098, 0.956, 3.102, 5.125, 6.91, 8.42, 9.66, 10.34, 10.336, 9.65, 8.49, 7.113, 5.68, 4.348, 3.043, 1.704, 0.3115, -1.171, -2.71, -4.195, -5.25, -5.4, -4.5, -2.922, -1.136, 0.3376, 1.228, 1.577, 1.721
1.952, 2.451, 3.107, 3.514, 3.436, 2.896, 1.955, 0.8, -0.2192, -0.9053, -1.353, -1.795, -2.242, -2.373, -1.968, -1.099, -0.003218, 1.028, 1.853, 2.385, 2.71, 2.986, 3.24, 3.305, 2.967, 2.115, 0.914, -0.3225, -1.295, -1.853, -2.125, -2.297, -2.357, -2.172, -1.674, -0.941, -0.1669, 0.493, 0.823, 0.5903, -0.0747, -0.9395, -1.987, -3.227, -4.652, -6.14, -7.41, -8.27, -8.71, -8.55, -7.645, -6.246, -4.746, -3.705, -3.25, -3.178, -3.219, -3.307, -3.504, -3.814, -4.242, -4.76, -5.37, -6.098, -6.777, -7.17, -7.24, -6.99, -6.434, -5.574, -4.22, -2.418, -0.3198, 1.863, 4.0, 5.875, 7.4, 8.64, 9.37, 9.625, 9.21, 8.26, 6.953, 5.504, 4.098, 2.744, 1.376, -0.04587, -1.58, -3.174, -4.66, -5.598, -5.418, -4.188, -2.305, -0.3713, 1.082, 1.824, 1.927, 1.853
1.99, 2.482, 3.176, 3.54, 3.291, 2.54, 1.438, 0.2625, -0.588, -1.001, -1.2, -1.5, -1.942, -2.23, -2.03, -1.276, -0.2094, 0.9023, 1.839, 2.49, 2.902, 3.127, 3.18, 2.977, 2.387, 1.358, 0.1097, -1.006, -1.749, -2.057, -2.172, -2.316, -2.45, -2.426, -2.102, -1.504, -0.8164, -0.2074, 0.1011, -0.09686, -0.725, -1.572, -2.598, -3.816, -5.227, -6.63, -7.742, -8.45, -8.76, -8.4, -7.32, -5.836, -4.41, -3.557, -3.217, -3.168, -3.17, -3.217, -3.355, -3.67, -4.17, -4.758, -5.445, -6.24, -6.973, -7.438, -7.543, -7.375, -7.04, -6.41, -5.33, -3.777, -1.769, 0.4912, 2.77, 4.75, 6.438, 7.66, 8.43, 8.86, 8.72, 8.02, 6.812, 5.37, 3.9, 2.457, 1.031, -0.4329, -2.027, -3.69, -5.15, -5.84, -5.312, -3.707, -1.592, 0.4133, 1.797, 2.34, 2.227, 1.978
2.016, 2.512, 3.186, 3.436, 3.004, 2.059, 0.8286, -0.2798, -0.8813, -0.985, -0.936, -1.121, -1.588, -2.027, -2.016, -1.413, -0.417, 0.7285, 1.764, 2.537, 2.98, 3.102, 2.93, 2.459, 1.667, 0.5693, -0.6025, -1.53, -2.033, -2.152, -2.176, -2.295, -2.486, -2.598, -2.473, -2.068, -1.496, -0.971, -0.7017, -0.9067, -1.528, -2.36, -3.357, -4.543, -5.88, -7.145, -8.06, -8.625, -8.68, -8.04, -6.72, -5.21, -3.928, -3.242, -3.027, -2.973, -2.908, -2.908, -3.066, -3.459, -4.02, -4.68, -5.426, -6.266, -7.055, -7.547, -7.723, -7.69, -7.543, -7.15, -6.37, -5.105, -3.295, -1.06, 1.399, 3.617, 5.426, 6.777, 7.62, 8.125, 8.16, 7.64, 6.613, 5.21, 3.725, 2.176, 0.63, -0.9204, -2.574, -4.234, -5.555, -5.945, -5.043, -3.145, -0.845, 1.212, 2.482, 2.816, 2.479, 2.049
2.0, 2.504, 3.113, 3.2, 2.576, 1.476, 0.2257, -0.748, -1.048, -0.831, -0.5703, -0.6714, -1.162, -1.722, -1.913, -1.5205, -0.609, 0.512, 1.594, 2.445, 2.93, 2.914, 2.523, 1.829, 0.8984, -0.1945, -1.219, -1.9, -2.137, -2.074, -2.031, -2.182, -2.459, -2.717, -2.78, -2.57, -2.176, -1.74, -1.54, -1.782, -2.39, -3.188, -4.164, -5.277, -6.516, -7.586, -8.305, -8.586, -8.266, -7.227, -5.75, -4.324, -3.316, -2.844, -2.73, -2.611, -2.475, -2.438, -2.648, -3.135, -3.795, -4.508, -5.285, -6.16, -6.99, -7.55, -7.79, -7.918, -7.973, -7.812, -7.266, -6.28, -4.773, -2.672, -0.2446, 2.182, 4.312, 5.887, 6.902, 7.45, 7.586, 7.19, 6.3, 5.02, 3.553, 1.901, 0.2084, -1.452, -3.125, -4.754, -5.895, -5.918, -4.617, -2.479, -0.08453, 1.967, 3.129, 3.223, 2.633, 2.06
1.903, 2.404, 2.936, 2.879, 2.092, 0.889, -0.3206, -1.058, -1.023, -0.5474, -0.1169, -0.1493, -0.651, -1.307, -1.711, -1.537, -0.803, 0.259, 1.345, 2.234, 2.688, 2.568, 2.004, 1.167, 0.1774, -0.8506, -1.694, -2.115, -2.059, -1.804, -1.698, -1.914, -2.318, -2.734, -3.012, -3.014, -2.785, -2.479, -2.375, -2.627, -3.201, -3.936, -4.85, -5.945, -7.02, -7.816, -8.195, -8.11, -7.324, -5.996, -4.51, -3.312, -2.648, -2.424, -2.307, -2.094, -1.834, -1.768, -2.057, -2.66, -3.432, -4.215, -5.01, -5.887, -6.734, -7.38, -7.79, -8.05, -8.234, -8.26, -7.953, -7.277, -6.027, -4.246, -1.924, 0.5933, 2.998, 4.902, 6.14, 6.805, 7.01, 6.742, 5.96, 4.79, 3.305, 1.556, -0.2822, -2.03, -3.656, -5.145, -6.043, -5.703, -4.113, -1.789, 0.6, 2.607, 3.646, 3.512, 2.705, 1.998
1.698, 2.172, 2.607, 2.432, 1.554, 0.3376, -0.7397, -1.186, -0.856, -0.1464, 0.4102, 0.4487, -0.05215, -0.79, -1.401, -1.491, -0.9556, -0.02458, 1.002, 1.852, 2.285, 2.086, 1.398, 0.4658, -0.5234, -1.446, -2.088, -2.21, -1.863, -1.381, -1.195, -1.485, -2.043, -2.629, -3.123, -3.365, -3.326, -3.172, -3.17, -3.42, -3.94, -4.586, -5.42, -6.402, -7.254, -7.66, -7.594, -7.004, -5.938, -4.555, -3.25, -2.361, -1.969, -1.881, -1.709, -1.365, -1.041, -0.999, -1.389, -2.105, -2.94, -3.791, -4.61, -5.457, -6.32, -7.05, -7.605, -8.0, -8.31, -8.484, -8.42, -8.08, -7.17, -5.65, -3.518, -0.9414, 1.616, 3.834, 5.414, 6.227, 6.46, 6.234, 5.582, 4.5, 3.031, 1.21, -0.7266, -2.51, -4.082, -5.38, -5.996, -5.367, -3.598, -1.23, 1.12, 3.021, 3.936, 3.627, 2.643, 1.818
1.307, 1.706, 2.05, 1.814, 0.9424, -0.2129, -1.083, -1.219, -0.618, 0.2637, 0.9585, 1.095, 0.5923, -0.1947, -0.9556, -1.342, -1.095, -0.3552, 0.5835, 1.373, 1.744, 1.482, 0.7417, -0.2362, -1.214, -2.031, -2.447, -2.26, -1.608, -0.896, -0.6045, -0.9307, -1.636, -2.406, -3.094, -3.584, -3.77, -3.781, -3.832, -4.08, -4.52, -5.09, -5.84, -6.66, -7.19, -7.168, -6.574, -5.574, -4.305, -3.0, -2.02, -1.48, -1.307, -1.203, -0.9424, -0.4858, -0.1487, -0.2008, -0.7104, -1.515, -2.424, -3.322, -4.156, -4.977, -5.816, -6.617, -7.31, -7.844, -8.27, -8.59, -8.77, -8.695, -8.13, -6.93, -4.95, -2.463, 0.1534, 2.6, 4.445, 5.543, 5.918, 5.723, 5.137, 4.1, 2.62, 0.796, -1.145, -2.873, -4.355, -5.484, -5.855, -5.008, -3.176, -0.85, 1.381, 3.172, 3.986, 3.55, 2.473, 1.528
0.772, 1.023, 1.29, 1.04, 0.2389, -0.7466, -1.363, -1.208, -0.4026, 0.609, 1.437, 1.708, 1.289, 0.503, -0.3665, -0.995, -1.098, -0.6436, 0.0925, 0.7905, 1.106, 0.8013, 0.0399, -0.9233, -1.87, -2.55, -2.709, -2.219, -1.288, -0.3438, 0.05124, -0.2954, -1.122, -2.043, -2.916, -3.617, -4.016, -4.152, -4.27, -4.508, -4.88, -5.402, -6.07, -6.695, -6.89, -6.42, -5.418, -4.14, -2.791, -1.646, -0.928, -0.618, -0.5347, -0.3857, -0.0169, 0.4612, 0.7393, 0.568, -0.02986, -0.9155, -1.898, -2.832, -3.668, -4.484, -5.266, -6.07, -6.86, -7.555, -8.125, -8.55, -8.86, -9.03, -8.84, -7.94, -6.305, -4.004, -1.328, 1.219, 3.32, 4.71, 5.234, 5.145, 4.566, 3.502, 2.068, 0.2925, -1.571, -3.217, -4.586, -5.535, -5.67, -4.676, -2.795, -0.564, 1.534, 3.152, 3.834, 3.344, 2.213, 1.149
0.1923, 0.2253, 0.41, 0.1993, -0.4824, -1.275, -1.615, -1.22, -0.2598, 0.85, 1.799, 2.207, 1.957, 1.256, 0.3728, -0.4482, -0.9155, -0.84, -0.3691, 0.1602, 0.3904, 0.1003, -0.625, -1.536, -2.398, -2.924, -2.785, -2.016, -0.8716, 0.2227, 0.73, 0.3875, -0.501, -1.563, -2.58, -3.436, -3.99, -4.26, -4.47, -4.734, -5.08, -5.547, -6.125, -6.54, -6.4, -5.58, -4.242, -2.82, -1.5, -0.5283, 0.0439, 0.2417, 0.3628, 0.563, 0.9517, 1.335, 1.466, 1.191, 0.539, -0.3938, -1.404, -2.334, -3.156, -3.918, -4.664, -5.426, -6.258, -7.086, -7.79, -8.3, -8.67, -9.016, -9.12, -8.66, -7.414, -5.414, -2.957, -0.339, 1.978, 3.6, 4.438, 4.418, 3.812, 2.762, 1.342, -0.3613, -2.062, -3.54, -4.758, -5.508, -5.36, -4.215, -2.346, -0.2404, 1.678, 3.107, 3.629, 3.105, 1.966, 0.7876
-0.3206, -0.561, -0.5063, -0.674, -1.199, -1.753, -1.856, -1.278, -0.2094, 0.975, 2.008, 2.574, 2.514, 1.999, 1.217, 0.317, -0.4373, -0.781, -0.688, -0.4075, -0.302, -0.5864, -1.2295, -2.025, -2.77, -3.084, -2.703, -1.724, -0.4607, 0.728, 1.324, 1.055, 0.16, -0.9766, -2.102, -3.074, -3.758, -4.168, -4.484, -4.805, -5.156, -5.58, -6.03, -6.22, -5.85, -4.754, -3.23, -1.714, -0.475, 0.3909, 0.861, 1.099, 1.27, 1.503, 1.797, 1.985, 1.931, 1.558, 0.8877, 0.04016, -0.897, -1.785, -2.586, -3.312, -4.023, -4.727, -5.516, -6.36, -7.16, -7.77, -8.24, -8.664, -8.95, -8.875, -8.1, -6.613, -4.44, -1.896, 0.5034, 2.373, 3.447, 3.605, 3.023, 1.947, 0.5366, -1.022, -2.533, -3.822, -4.836, -5.332, -4.97, -3.627, -1.713, 0.2491, 1.904, 3.117, 3.467, 2.926, 1.805, 0.538
-0.6514, -1.189, -1.305, -1.456, -1.817, -2.162, -2.055, -1.339, -0.2418, 0.9893, 2.07, 2.752, 2.92, 2.637, 2.043, 1.228, 0.352, -0.3496, -0.6924, -0.787, -0.8633, -1.148, -1.694, -2.373, -2.965, -3.092, -2.55, -1.451, -0.146, 1.082, 1.753, 1.583, 0.7686, -0.3323, -1.489, -2.541, -3.357, -3.93, -4.332, -4.684, -5.05, -5.445, -5.8, -5.82, -5.242, -4.004, -2.4, -0.9023, 0.3062, 1.112, 1.585, 1.8955, 2.135, 2.332, 2.418, 2.361, 2.117, 1.674, 1.089, 0.3494, -0.4297, -1.189, -1.933, -2.637, -3.309, -3.973, -4.668, -5.45, -6.27, -7.02, -7.633, -8.14, -8.57, -8.734, -8.46, -7.492, -5.69, -3.379, -1.055, 0.99, 2.287, 2.688, 2.248, 1.208, -0.1609, -1.608, -2.932, -4.03, -4.832, -5.07, -4.43, -2.93, -0.994, 0.8, 2.254, 3.207, 3.422, 2.875, 1.776, 0.4434
-0.7256, -1.578, -1.925, -2.1, -2.322, -2.457, -2.182, -1.396, -0.2952, 0.921, 2.0, 2.758, 3.105, 3.084, 2.746, 2.137, 1.308, 0.4072, -0.3362, -0.8184, -1.154, -1.491, -1.976, -2.572, -3.041, -3.035, -2.412, -1.289, 0.0342, 1.263, 1.997, 1.9375, 1.24, 0.2607, -0.839, -1.92, -2.86, -3.578, -4.07, -4.438, -4.793, -5.15, -5.434, -5.355, -4.6, -3.209, -1.6, -0.1487, 1.0205, 1.803, 2.312, 2.672, 2.898, 2.912, 2.771, 2.484, 2.098, 1.662, 1.155, 0.596, 0.00414, -0.6113, -1.261, -1.894, -2.535, -3.176, -3.822, -4.523, -5.33, -6.18, -6.96, -7.574, -8.07, -8.43, -8.5, -8.05, -6.73, -4.734, -2.555, -0.4827, 1.045, 1.733, 1.511, 0.568, -0.724, -2.02, -3.186, -4.105, -4.71, -4.707, -3.797, -2.143, -0.2666, 1.421, 2.652, 3.38, 3.531, 3.016, 1.927, 0.5596
-0.5806, -1.668, -2.256, -2.541, -2.676, -2.65, -2.242, -1.42, -0.3257, 0.836, 1.877, 2.621, 3.064, 3.268, 3.229, 2.895, 2.223, 1.295, 0.3118, -0.509, -1.145, -1.643, -2.127, -2.66, -3.057, -2.984, -2.309, -1.225, 0.06097, 1.297, 2.076, 2.139, 1.608, 0.77, -0.2275, -1.31, -2.318, -3.143, -3.758, -4.176, -4.508, -4.81, -5.004, -4.83, -3.967, -2.537, -0.895, 0.587, 1.755, 2.559, 3.111, 3.361, 3.398, 3.191, 2.826, 2.398, 1.973, 1.582, 1.204, 0.8135, 0.368, -0.1367, -0.6665, -1.221, -1.779, -2.4, -3.04, -3.69, -4.45, -5.344, -6.22, -6.965, -7.555, -8.01, -8.31, -8.2, -7.336, -5.777, -3.828, -1.853, -0.165, 0.7974, 0.821, 0.0765, -1.12, -2.303, -3.3, -4.1, -4.53, -4.258, -3.105, -1.347, 0.52, 2.078, 3.121, 3.695, 3.799, 3.295, 2.23, 0.825
-0.2642, -1.492, -2.332, -2.78, -2.914, -2.775, -2.27, -1.412, -0.3433, 0.7695, 1.734, 2.402, 2.86, 3.209, 3.416, 3.373, 2.926, 2.076, 1.021, -0.03983, -0.9517, -1.638, -2.186, -2.71, -3.06, -2.945, -2.281, -1.223, 0.02821, 1.237, 2.045, 2.234, 1.887, 1.203, 0.3135, -0.733, -1.785, -2.703, -3.445, -3.93, -4.242, -4.47, -4.55, -4.258, -3.314, -1.838, -0.1598, 1.42, 2.68, 3.52, 3.967, 4.0, 3.727, 3.238, 2.695, 2.209, 1.825, 1.509, 1.245, 0.9697, 0.6323, 0.2456, -0.1819, -0.6426, -1.152, -1.696, -2.271, -2.908, -3.637, -4.5, -5.402, -6.246, -6.984, -7.54, -7.938, -8.05, -7.555, -6.4, -4.758, -2.924, -1.255, -0.10016, 0.1937, -0.3462, -1.412, -2.467, -3.361, -4.05, -4.32, -3.764, -2.373, -0.512, 1.34, 2.754, 3.674, 4.125, 4.164, 3.67, 2.627, 1.195
0.1622, -1.172, -2.229, -2.85, -3.018, -2.81, -2.227, -1.344, -0.2932, 0.762, 1.629, 2.195, 2.57, 2.95, 3.328, 3.53, 3.328, 2.668, 1.643, 0.454, -0.65, -1.528, -2.182, -2.73, -3.05, -2.898, -2.234, -1.21, -0.002089, 1.151, 1.969, 2.258, 2.068, 1.539, 0.7485, -0.2666, -1.342, -2.328, -3.139, -3.695, -4.0, -4.156, -4.098, -3.65, -2.61, -1.0625, 0.7104, 2.42, 3.807, 4.707, 4.918, 4.61, 3.938, 3.201, 2.531, 2.025, 1.706, 1.502, 1.321, 1.126, 0.857, 0.5586, 0.2076, -0.178, -0.6167, -1.1, -1.65, -2.268, -2.959, -3.766, -4.64, -5.508, -6.312, -6.98, -7.453, -7.67, -7.414, -6.6, -5.285, -3.686, -2.041, -0.822, -0.3376, -0.715, -1.604, -2.572, -3.377, -3.975, -4.008, -3.191, -1.628, 0.2854, 2.074, 3.45, 4.285, 4.66, 4.586, 4.06, 3.041, 1.64
0.6284, -0.7627, -1.963, -2.754, -3.002, -2.766, -2.15, -1.25, -0.1985, 0.821, 1.592, 2.033, 2.291, 2.6, 3.027, 3.404, 3.469, 3.04, 2.137, 0.932, -0.2961, -1.315, -2.107, -2.693, -2.986, -2.816, -2.154, -1.142, 0.02979, 1.111, 1.873, 2.205, 2.139, 1.75, 1.0625, 0.10474, -0.991, -2.012, -2.855, -3.46, -3.797, -3.908, -3.703, -3.072, -1.863, -0.1959, 1.708, 3.562, 5.12, 5.938, 5.9, 5.164, 4.168, 3.217, 2.445, 1.914, 1.637, 1.516, 1.43, 1.283, 1.057, 0.794, 0.5024, 0.192, -0.1942, -0.6333, -1.167, -1.742, -2.379, -3.125, -3.941, -4.773, -5.562, -6.29, -6.848, -7.145, -7.062, -6.535, -5.52, -4.105, -2.562, -1.3125, -0.7314, -0.9775, -1.766, -2.625, -3.363, -3.828, -3.627, -2.604, -0.918, 0.976, 2.744, 4.12, 4.984, 5.246, 5.03, 4.43, 3.45, 2.096
1.1045, -0.302, -1.586, -2.531, -2.883, -2.66, -2.03, -1.117, -0.0574, 0.9497, 1.642, 1.96, 2.094, 2.293, 2.662, 3.1, 3.346, 3.158, 2.45, 1.317, 0.0633, -1.0625, -1.968, -2.58, -2.854, -2.672, -1.99, -0.9844, 0.1334, 1.122, 1.802, 2.127, 2.127, 1.842, 1.254, 0.3767, -0.6865, -1.726, -2.59, -3.244, -3.633, -3.705, -3.393, -2.533, -1.112, 0.687, 2.738, 4.81, 6.453, 7.176, 6.79, 5.703, 4.46, 3.336, 2.438, 1.867, 1.615, 1.558, 1.548, 1.458, 1.254, 0.9995, 0.7393, 0.4727, 0.1517, -0.2311, -0.7275, -1.285, -1.901, -2.576, -3.336, -4.12, -4.87, -5.605, -6.207, -6.56, -6.58, -6.227, -5.48, -4.285, -2.879, -1.661, -1.039, -1.212, -1.885, -2.682, -3.34, -3.646, -3.232, -2.064, -0.3132, 1.6045, 3.404, 4.867, 5.727, 5.863, 5.465, 4.76, 3.812, 2.549
1.515, 0.1343, -1.198, -2.273, -2.736, -2.541, -1.892, -0.9683, 0.10516, 1.091, 1.725, 1.968, 2.006, 2.096, 2.37, 2.752, 3.066, 3.072, 2.568, 1.567, 0.3276, -0.8394, -1.793, -2.428, -2.674, -2.45, -1.77, -0.7847, 0.263, 1.167, 1.758, 2.035, 2.06, 1.837, 1.316, 0.5273, -0.4724, -1.49, -2.371, -3.05, -3.5, -3.56, -3.094, -2.045, -0.451, 1.5205, 3.81, 6.06, 7.703, 8.195, 7.508, 6.22, 4.8, 3.518, 2.516, 1.86, 1.588, 1.577, 1.643, 1.622, 1.45, 1.2, 0.9526, 0.7153, 0.4646, 0.1394, -0.3123, -0.868, -1.479, -2.152, -2.88, -3.648, -4.383, -5.08, -5.676, -6.043, -6.082, -5.816, -5.246, -4.3, -3.074, -1.938, -1.313, -1.437, -2.041, -2.754, -3.312, -3.46, -2.9, -1.58, 0.2279, 2.229, 4.16, 5.68, 6.51, 6.535, 5.93, 5.09, 4.14, 2.918
1.797, 0.4485, -0.9214, -2.072, -2.613, -2.447, -1.761, -0.813, 0.2532, 1.218, 1.82, 2.027, 2.0, 2.0, 2.154, 2.438, 2.752, 2.867, 2.498, 1.603, 0.4092, -0.7534, -1.704, -2.305, -2.49, -2.238, -1.551, -0.607, 0.3716, 1.215, 1.764, 1.989, 2.0, 1.79, 1.32, 0.605, -0.304, -1.285, -2.164, -2.88, -3.371, -3.38, -2.78, -1.555, 0.1688, 2.34, 4.85, 7.27, 8.8, 9.07, 8.17, 6.73, 5.184, 3.777, 2.654, 1.886, 1.556, 1.586, 1.723, 1.762, 1.655, 1.43, 1.183, 0.942, 0.7236, 0.452, 0.0771, -0.4253, -1.035, -1.735, -2.488, -3.285, -4.05, -4.703, -5.254, -5.598, -5.637, -5.402, -4.94, -4.195, -3.152, -2.133, -1.586, -1.683, -2.197, -2.832, -3.293, -3.277, -2.557, -1.111, 0.8257, 2.92, 4.957, 6.54, 7.312, 7.152, 6.336, 5.35, 4.35, 3.15
1.991, 0.6343, -0.7583, -1.964, -2.555, -2.398, -1.682, -0.7056, 0.3672, 1.312, 1.906, 2.094, 2.04, 1.966, 2.014, 2.205, 2.479, 2.596, 2.256, 1.406, 0.2925, -0.811, -1.701, -2.238, -2.371, -2.084, -1.411, -0.517, 0.4385, 1.277, 1.819, 2.031, 2.006, 1.782, 1.332, 0.6743, -0.1633, -1.091, -1.98, -2.72, -3.23, -3.207, -2.473, -1.072, 0.8003, 3.152, 5.855, 8.38, 9.875, 9.98, 8.945, 7.367, 5.664, 4.12, 2.861, 1.963, 1.568, 1.59, 1.78, 1.89, 1.834, 1.651, 1.429, 1.211, 1.002, 0.76, 0.467, 0.0403, -0.531, -1.242, -2.03, -2.887, -3.709, -4.367, -4.88, -5.188, -5.215, -5.0, -4.605, -3.965, -3.084, -2.22, -1.755, -1.83, -2.303, -2.86, -3.23, -3.082, -2.176, -0.581, 1.428, 3.623, 5.77, 7.293, 7.87, 7.59, 6.69, 5.6, 4.54, 3.326
2.115, 0.702, -0.7246, -1.954, -2.56, -2.404, -1.672, -0.6387, 0.4482, 1.3955, 2.02, 2.225, 2.125, 1.995, 1.968, 2.088, 2.287, 2.334, 1.94, 1.111, 0.05545, -0.988, -1.787, -2.236, -2.332, -2.035, -1.375, -0.4805, 0.501, 1.396, 1.976, 2.176, 2.107, 1.837, 1.384, 0.7695, 0.0007887, -0.8896, -1.773, -2.559, -3.09, -3.018, -2.16, -0.6304, 1.401, 3.895, 6.72, 9.37, 11.0, 11.055, 9.88, 8.13, 6.273, 4.566, 3.164, 2.13, 1.657, 1.644, 1.822, 1.961, 1.964, 1.851, 1.677, 1.487, 1.293, 1.09, 0.862, 0.528, 0.03204, -0.636, -1.441, -2.363, -3.246, -4.0, -4.547, -4.836, -4.844, -4.625, -4.203, -3.578, -2.795, -2.059, -1.679, -1.773, -2.219, -2.764, -3.094, -2.82, -1.769, -0.0785, 2.02, 4.33, 6.53, 7.94, 8.35, 8.0, 7.08, 5.934, 4.773, 3.508
2.25, 0.74, -0.728, -1.997, -2.639, -2.459, -1.657, -0.539, 0.6094, 1.595, 2.23, 2.412, 2.27, 2.07, 1.986, 2.047, 2.182, 2.146, 1.705, 0.8716, -0.1621, -1.16, -1.886, -2.293, -2.348, -2.027, -1.348, -0.4011, 0.661, 1.604, 2.209, 2.377, 2.238, 1.889, 1.397, 0.8384, 0.1699, -0.6523, -1.531, -2.35, -2.908, -2.81, -1.862, -0.244, 1.874, 4.484, 7.414, 10.305, 12.195, 12.3, 11.01, 9.09, 7.086, 5.23, 3.646, 2.49, 1.891, 1.786, 1.886, 2.006, 2.057, 2.023, 1.923, 1.786, 1.616, 1.44, 1.234, 0.967, 0.558, -0.01959, -0.781, -1.705, -2.65, -3.521, -4.207, -4.527, -4.53, -4.285, -3.807, -3.117, -2.328, -1.69, -1.43, -1.581, -2.059, -2.635, -2.926, -2.537, -1.394, 0.4385, 2.68, 5.113, 7.37, 8.74, 9.016, 8.55, 7.55, 6.348, 5.098, 3.748
2.475, 0.925, -0.617, -1.983, -2.695, -2.498, -1.594, -0.324, 0.936, 1.958, 2.574, 2.67, 2.44, 2.143, 1.97, 1.978, 2.074, 2.035, 1.609, 0.8027, -0.2025, -1.176, -1.908, -2.324, -2.377, -1.9795, -1.191, -0.1088, 1.047, 2.012, 2.545, 2.6, 2.285, 1.7705, 1.218, 0.739, 0.251, -0.3928, -1.202, -2.033, -2.625, -2.545, -1.561, 0.1004, 2.256, 4.977, 8.07, 11.2, 13.33, 13.53, 12.3, 10.305, 8.16, 6.215, 4.48, 3.166, 2.383, 2.094, 2.04, 2.08, 2.137, 2.172, 2.16, 2.088, 1.966, 1.798, 1.581, 1.334, 0.9966, 0.5347, -0.1355, -1.006, -1.958, -2.95, -3.783, -4.273, -4.383, -4.184, -3.686, -2.938, -2.18, -1.594, -1.4, -1.62, -2.117, -2.674, -2.838, -2.305, -1.006, 0.998, 3.432, 6.047, 8.484, 9.92, 10.06, 9.33, 8.11, 6.766, 5.414, 4.004
2.658, 1.208, -0.3337, -1.828, -2.666, -2.414, -1.316, 0.1377, 1.491, 2.498, 3.008, 2.96, 2.564, 2.098, 1.757, 1.683, 1.816, 1.886, 1.616, 0.952, 0.01336, -0.982, -1.8125, -2.297, -2.33, -1.798, -0.7817, 0.486, 1.704, 2.576, 2.938, 2.754, 2.172, 1.417, 0.7446, 0.3147, 0.08624, -0.2228, -0.758, -1.509, -2.137, -2.111, -1.188, 0.4543, 2.607, 5.39, 8.65, 11.99, 14.25, 14.625, 13.58, 11.71, 9.55, 7.53, 5.684, 4.188, 3.182, 2.596, 2.324, 2.21, 2.236, 2.326, 2.402, 2.416, 2.34, 2.18, 1.942, 1.662, 1.346, 0.964, 0.429, -0.295, -1.186, -2.188, -3.135, -3.86, -4.266, -4.293, -3.97, -3.38, -2.703, -2.193, -1.992, -2.158, -2.568, -2.984, -2.975, -2.209, -0.678, 1.531, 4.207, 7.1, 9.805, 11.43, 11.445, 10.414, 8.85, 7.22, 5.617, 4.08
2.355, 1.271, -0.04303, -1.541, -2.404, -2.025, -0.738, 0.859, 2.246, 3.164, 3.465, 3.207, 2.582, 1.833, 1.21, 0.9746, 1.1455, 1.4375, 1.484, 1.098, 0.2898, -0.7163, -1.652, -2.195, -2.092, -1.302, -0.03766, 1.411, 2.611, 3.295, 3.373, 2.871, 1.966, 0.8896, -0.04413, -0.5454, -0.559, -0.3857, -0.4316, -0.8545, -1.351, -1.412, -0.651, 0.8574, 2.979, 5.8, 9.21, 12.63, 14.92, 15.414, 14.7, 13.16, 11.12, 9.055, 7.074, 5.47, 4.234, 3.371, 2.791, 2.488, 2.414, 2.5, 2.635, 2.727, 2.703, 2.557, 2.297, 1.987, 1.647, 1.279, 0.8467, 0.2834, -0.4094, -1.238, -2.156, -3.027, -3.71, -4.094, -4.15, -3.89, -3.42, -2.97, -2.688, -2.705, -2.955, -3.22, -3.031, -2.1, -0.3843, 2.02, 4.9, 8.06, 11.13, 13.01, 13.016, 11.76, 9.84, 7.758, 5.56, 3.652
1.1455, 0.523, -0.2412, -1.353, -1.95, -1.35, 0.1975, 1.903, 3.191, 3.87, 3.953, 3.492, 2.588, 1.418, 0.3394, -0.25, -0.1885, 0.331, 0.785, 0.7886, 0.2251, -0.7036, -1.628, -2.037, -1.647, -0.503, 1.037, 2.541, 3.602, 4.043, 3.902, 3.125, 1.85, 0.3242, -1.051, -1.845, -1.79, -1.161, -0.5576, -0.3792, -0.5728, -0.592, 0.01721, 1.405, 3.568, 6.51, 10.0, 13.305, 15.41, 16.03, 15.65, 14.47, 12.7, 10.71, 8.74, 7.02, 5.652, 4.453, 3.52, 2.953, 2.71, 2.72, 2.857, 2.965, 2.994, 2.875, 2.639, 2.29, 1.904, 1.477, 0.9937, 0.4714, -0.03976, -0.5913, -1.192, -1.823, -2.432, -2.932, -3.184, -3.182, -2.91, -2.5, -2.186, -2.17, -2.424, -2.715, -2.58, -1.666, 0.09174, 2.586, 5.637, 9.055, 12.4, 14.41, 14.516, 13.23, 11.05, 8.336, 5.207, 2.531
-1.122, -1.493, -1.445, -1.652, -1.537, -0.4263, 1.407, 3.156, 4.24, 4.688, 4.656, 4.082, 2.908, 1.217, -0.583, -1.829, -2.125, -1.57, -0.8125, -0.4514, -0.6934, -1.366, -1.97, -1.936, -1.0, 0.6006, 2.408, 3.852, 4.652, 4.89, 4.68, 3.771, 2.162, 0.07245, -2.04, -3.465, -3.682, -2.82, -1.631, -0.808, -0.4814, -0.1879, 0.585, 2.12, 4.582, 7.816, 11.35, 14.25, 16.03, 16.64, 16.39, 15.55, 14.234, 12.625, 10.914, 9.24, 7.637, 6.035, 4.715, 3.816, 3.299, 3.129, 3.176, 3.23, 3.225, 3.156, 2.955, 2.627, 2.186, 1.596, 0.8833, 0.1532, -0.4329, -0.8213, -1.039, -1.137, -1.233, -1.387, -1.416, -1.291, -1.0205, -0.665, -0.4631, -0.6294, -1.115, -1.627, -1.691, -0.94, 0.7886, 3.447, 6.734, 10.266, 13.5, 15.4, 15.66, 14.61, 12.41, 9.086, 4.785, 0.8584
-3.916, -4.504, -3.621, -2.547, -1.28, 0.697, 2.955, 4.715, 5.668, 5.992, 5.945, 5.42, 4.105, 1.891, -0.7725, -3.031, -4.176, -4.047, -3.354, -2.82, -2.754, -2.9, -2.766, -1.851, -0.0841, 2.135, 4.195, 5.54, 6.105, 6.27, 6.12, 5.29, 3.47, 0.76, -2.283, -4.76, -5.8, -5.254, -3.914, -2.596, -1.579, -0.6064, 0.803, 2.982, 6.066, 9.66, 13.08, 15.49, 16.89, 17.38, 17.16, 16.58, 15.74, 14.65, 13.43, 12.04, 10.3, 8.37, 6.68, 5.434, 4.633, 4.19, 4.0, 3.893, 3.809, 3.713, 3.54, 3.242, 2.75, 1.981, 0.912, -0.2905, -1.337, -1.998, -2.174, -1.951, -1.535, -1.101, -0.6646, -0.2036, 0.2153, 0.4956, 0.4202, -0.092, -0.82, -1.433, -1.41, -0.4312, 1.615, 4.67, 8.25, 11.79, 14.62, 16.12, 16.47, 15.9, 14.016, 10.375, 4.93, -0.5933
-5.64, -6.9, -5.453, -3.152, -0.5444, 2.438, 5.2, 7.047, 7.99, 8.28, 8.3, 7.855, 6.582, 4.06, 0.786, -2.58, -4.94, -5.793, -5.645, -5.258, -4.93, -4.36, -3.146, -1.057, 1.627, 4.496, 6.746, 8.055, 8.54, 8.664, 8.52, 7.855, 6.07, 3.012, -0.7456, -4.402, -6.65, -7.04, -6.13, -4.684, -3.115, -1.273, 1.11, 4.246, 7.918, 11.71, 14.75, 16.62, 17.69, 18.06, 17.84, 17.38, 16.78, 16.16, 15.5, 14.53, 13.086, 11.234, 9.48, 8.02, 6.977, 6.28, 5.82, 5.53, 5.273, 5.11, 4.945, 4.656, 4.12, 3.236, 1.893, 0.1697, -1.575, -2.951, -3.635, -3.684, -3.26, -2.725, -2.205, -1.755, -1.439, -1.37, -1.735, -2.459, -3.13, -3.24, -2.424, -0.5186, 2.47, 6.32, 10.27, 13.6, 15.84, 16.94, 17.28, 17.03, 15.61, 12.125, 6.22, -0.669
-4.195, -6.07, -4.633, -1.632, 1.757, 5.246, 8.12, 9.81, 10.61, 10.87, 10.89, 10.55, 9.414, 7.25, 4.027, 0.4182, -2.666, -4.516, -5.16, -5.133, -4.62, -3.447, -1.416, 1.429, 4.605, 7.51, 9.61, 10.75, 11.15, 11.21, 11.09, 10.555, 9.09, 6.39, 2.723, -1.278, -4.273, -5.66, -5.6, -4.57, -2.822, -0.4985, 2.475, 6.09, 9.81, 13.13, 15.36, 16.52, 17.08, 17.2, 16.89, 16.39, 15.9, 15.61, 15.37, 14.97, 14.13, 12.85, 11.54, 10.336, 9.41, 8.695, 8.14, 7.73, 7.45, 7.24, 7.043, 6.785, 6.34, 5.543, 4.176, 2.297, 0.2173, -1.749, -3.111, -3.824, -4.03, -4.074, -4.086, -4.14, -4.297, -4.652, -5.207, -5.84, -6.047, -5.258, -3.256, -0.1534, 3.81, 8.17, 11.96, 14.7, 16.31, 16.94, 17.0, 16.69, 15.65, 13.0, 7.98, 1.331
0.4749, -1.073, -0.06198, 2.342, 5.21, 7.824, 9.734, 10.83, 11.25, 11.336, 11.3, 11.06, 10.38, 9.08, 7.035, 4.5, 2.041, 0.2625, -0.6523, -0.8696, -0.4724, 0.652, 2.555, 4.938, 7.305, 9.35, 10.69, 11.27, 11.42, 11.445, 11.33, 11.0, 10.12, 8.484, 6.035, 3.188, 0.8315, -0.583, -1.049, -0.5815, 0.583, 2.418, 4.832, 7.652, 10.2, 12.22, 13.33, 13.74, 13.79, 13.55, 13.21, 12.836, 12.56, 12.44, 12.45, 12.27, 11.99, 11.41, 10.9, 10.31, 9.83, 9.48, 9.09, 8.77, 8.62, 8.42, 8.31, 8.16, 7.89, 7.402, 6.492, 5.15, 3.52, 1.816, 0.4717, -0.4563, -1.043, -1.482, -1.892, -2.322, -2.8, -3.24, -3.707, -4.02, -3.861, -2.703, -0.5176, 2.4, 5.867, 9.31, 11.97, 13.586, 14.23, 14.25, 13.94, 13.516, 13.01, 11.68, 8.74, 4.414
5.21, 4.695, 5.047, 5.99, 6.996, 7.887, 8.49, 8.695, 8.74, 8.66, 8.61, 8.53, 8.36, 7.95, 7.305, 6.51, 5.633, 5.035, 4.65, 4.598, 4.773, 5.23, 5.996, 6.863, 7.668, 8.32, 8.7, 8.83, 8.78, 8.766, 8.72, 8.59, 8.26, 7.76, 6.965, 6.035, 5.24, 4.723, 4.457, 4.566, 4.996, 5.645, 6.527, 7.484, 8.34, 8.836, 9.07, 9.25, 9.18, 9.04, 8.9, 8.734, 8.664, 8.516, 8.62, 8.58, 8.4, 8.2, 8.05, 7.938, 7.945, 7.79, 7.715, 7.656, 7.55, 7.516, 7.406, 7.473, 7.38, 7.215, 6.906, 6.473, 5.96, 5.348, 4.84, 4.535, 4.32, 4.156, 3.99, 3.852, 3.75, 3.61, 3.475, 3.512, 3.604, 4.2, 5.12, 6.316, 7.64, 8.78, 9.55, 9.805, 9.87, 9.6, 9.484, 9.08, 9.03, 8.68, 7.832, 6.477
