-7.29639279619073, -7.734311954488903, -8.015011395239684, -8.311516944620575, -8.634922698043319, -8.929069568687035, -9.163917710585274, -9.331406073498373, -9.386415748970325, -9.223976554945315, -8.768207044777872, -8.106517852974005, -7.488217283277101, -7.142198823529922, -7.1181359814353, -7.326697650973597, -7.660713606454237, -8.027337935671767, -8.331868169584327, -8.499969226100395, -8.513722525824088, -8.411399203568116, -8.254147414225333, -8.100036453796474, -8.012648191067347, -8.072681865435259, -8.32636350329509, -8.679186060208762, -8.870922535105974, -8.648349806870312, -8.016075911903979, -7.275699745013184, -6.762800618475813, -6.570578902339156, -6.577955215687083, -6.668182260011739, -6.81585445957958, -7.02106068466227, -7.264436337179879, -7.521941821926259, -7.784886069390744, -8.063933767418709, -8.381109960576605, -8.75438597236877, -9.17827666349556, -9.60533484460735, -9.936580333423493, -10.036443343213458, -9.796751200735084, -9.24309394975142, -8.596341395733191, -8.197026001107353, -8.32119381557437, -9.024227328251666, -10.130815313823819, -11.34794798271423, -12.384142322121006, -13.01097208161351, -13.080602737089718, -12.545367557353588, -11.504620333015867, -10.228305840646604, -9.068006460393729, -8.26578430251063, -7.82363037753279, -7.587796156290402, -7.453227360924414, -7.4332830322362256, -7.561143595012776, -7.8102732099758425, -8.110531858794792, -8.393297810672959, -8.618643728456, -8.78202518488253, -8.906045358138632, -9.02284172456707, -9.155129520553016, -9.304757077751221, -9.454213397783368, -9.578972603531707, -9.660752276955, -9.691869051749192, -9.671059244326974, -9.60016467907305, -9.487743565435627, -9.354627180529345, -9.23128343531511, -9.142543892424547, -9.086023290659373, -9.020053040351224, -8.880383295295655, -8.629897404888744, -8.302384941413754, -7.972505577292719, -7.6554670549861505, -7.275514256874708, -6.800814906390522, -6.38863760185897, -6.315328205281469, -6.704015094652057
-2.728514563240548, -4.038525797909979, -5.065189800793822, -6.189269599641164, -7.332164201267244, -8.292399136671582, -9.018193373753734, -9.557206872376844, -9.81509870931147, -9.43162596155995, -8.062244527004514, -5.88567470404943, -3.701900659019691, -2.3543099899505675, -2.1108450647733714, -2.7207668669662604, -3.826009114598106, -5.098464765810918, -6.198649370977074, -6.847897765854676, -6.951802542752904, -6.616499362540511, -6.053594726414304, -5.49120700025295, -5.181796648116677, -5.4146298807489135, -6.33514360234345, -7.616531115623253, -8.39436737471115, -7.800057776178601, -5.768774662428988, -3.2429096245557103, -1.3745769299248174, -0.556797634840645, -0.4458118495458479, -0.6818615446398036, -1.1860503053249685, -1.9523522518766838, -2.9051338522459176, -3.9471588396680746, -5.025512836406238, -6.14602697239039, -7.347647226727043, -8.654701146216206, -10.023107113943011, -11.296173743227666, -12.183453633344717, -12.295675365955153, -11.32665488204633, -9.399451387009156, -7.279655922456891, -6.080102524892952, -6.569164850880866, -8.709035393883227, -11.825176634378176, -15.08821321695926, -17.82941287267882, -19.585728239414525, -20.011533193209008, -18.842479655010237, -16.067981884250834, -12.210800139366455, -8.290555275103623, -5.25867886817698, -3.3856124102774987, -2.3361290815571767, -1.7941784808253343, -1.7476612256274051, -2.236175253496859, -3.127626057316467, -4.172267916582567, -5.13815064203031, -5.889420097182567, -6.4053427377195, -6.757416125913608, -7.056068225313361, -7.3872020157471106, -7.767918617762771, -8.144718237545993, -8.432335626872138, -8.561949216728388, -8.504225509736779, -8.26387349593261, -7.871326124190157, -7.387913682173862, -6.909554017286864, -6.543172701140142, -6.351319391154975, -6.291193062411632, -6.195393321014107, -5.844924647732562, -5.136954751574881, -4.217497044642748, -3.3651681971624394, -2.6500362290273483, -1.8222509857723488, -0.7365294695505774, 0.18932374154569673, 0.18985222254050452, -1.0352294601266991
2.6628981155973546, 0.4528325299305149, -1.6982251138953912, -4.002025738378862, -6.101855194784773, -7.650926346247599, -8.70387519813715, -9.543074846385457, -10.149321437574157, -9.869601828169252, -7.862161475954563, -4.120835670264655, 0.07451091562036027, 3.03959124822512, 3.98342749021403, 3.1700991751672425, 1.2088369643206984, -1.2745150949457262, -3.596233422747237, -5.144834682222108, -5.6276588789480835, -5.152976172508431, -4.098175682340404, -2.938920093115373, -2.211284762827848, -2.4874035535052754, -4.058217703719648, -6.396711986044918, -8.021782570067483, -7.306024054942051, -3.870517186427486, 0.8270636922558604, 4.670706220751713, 6.698288248165692, 7.309553351277149, 7.061380748965872, 6.093868807692658, 4.453658471361117, 2.332765558449403, -0.02040541501994939, -2.4278874727584308, -4.818366826782694, -7.188749411364395, -9.52773673255837, -11.73495146728416, -13.561372411324438, -14.580600564709101, -14.228846258861294, -12.085601072174207, -8.469417479496933, -4.795796172001376, -2.9459529912284625, -3.9581713143206736, -7.42109439812956, -12.099150472612155, -16.815011702576435, -20.80442740535892, -23.626998485097175, -24.909475114125044, -24.13235154304239, -20.797771489981756, -15.092046923378936, -8.333773373681918, -2.351866230656383, 1.7950281728621995, 4.227571301455832, 5.404027289273441, 5.473618324299644, 4.501004794558463, 2.780188952069177, 0.7669692556034472, -1.117329121086742, -2.604825565816701, -3.6210682445452407, -4.265411788874798, -4.734002578975924, -5.2064671142451555, -5.748710142589443, -6.288145218149992, -6.674621910940225, -6.776905703633994, -6.544728634904293, -6.0145945450903975, -5.291613057020692, -4.534220693328778, -3.927700915437043, -3.6229506307420536, -3.6498831945713945, -3.848754798349127, -3.876926763583769, -3.3508023566046665, -2.123486628558649, -0.497849711578841, 0.9719906274018364, 2.071894025664973, 3.187084280324358, 4.679783399771963, 6.10285601931059, 6.386227718676574, 4.969831731692256
7.522351687656494, 4.629261096819493, 1.3621212252851749, -2.0313740325050706, -4.830606262112949, -6.600810104945177, -7.61855907229101, -8.53355265258647, -9.528742066588293, -9.73728795231209, -7.742459541126827, -3.0443880679380437, 2.9631032042312357, 7.84275138803122, 10.029027112321021, 9.505787512873619, 6.984364688265863, 3.3419101644754425, -0.3818893454071969, -3.1643288069939306, -4.380060671925683, -4.005740342784187, -2.5170327967734147, -0.654519571892565, 0.7064108223965775, 0.6750244384010355, -1.2169909567875972, -4.362105768498019, -6.878160860067298, -6.4887418834694826, -2.292913674971793, 4.157120121389694, 10.01881902539361, 13.593668029735799, 15.014343809995074, 14.86748530243241, 13.36579823861795, 10.666597432575212, 7.1450291921593045, 3.2609748138373713, -0.6286768845066989, -4.3320524625140635, -7.773918085819597, -10.892081492210348, -13.529520989048303, -15.364456210647646, -15.899473445572209, -14.546348819302183, -10.994401401238648, -5.930455179990197, -1.3646309904213427, 0.4031530047151948, -1.4778380043808856, -6.012350991744843, -11.54964735058975, -16.83646861487255, -21.20828655909923, -24.39805941443081, -26.233724638723363, -26.225671857988505, -23.470473582066017, -17.42325718003397, -8.982891377150784, -0.3965552327003047, 6.308595459963783, 10.541907738496464, 12.634898256478436, 12.899990090238523, 11.577120656084022, 9.113516961930156, 6.131236623640926, 3.2308175022969117, 0.8456692276448494, -0.8322261980570131, -1.8626853306265636, -2.487482338576573, -2.984820589963413, -3.5117201120123624, -4.0311667710739, -4.3723573647234915, -4.369298421981429, -3.969992991478674, -3.2608997312609995, -2.4321353617774704, -1.7230139785570082, -1.3536333213738716, -1.4396711843723615, -1.9117538636173856, -2.4756789759219657, -2.6528413909374273, -1.9574066847974154, -0.22724350941936242, 2.106233535881568, 4.235570077535981, 5.719971884566813, 6.933541578055278, 8.466673932232561, 10.129110694460792, 10.874008661570786, 9.866701486650074
11.181020939800696, 8.075106594975534, 4.063276375246394, -0.09309380478842347, -3.3094348628935957, -5.073282744307158, -5.867569332188222, -6.693179085813775, -7.987003817980081, -8.823423872856571, -7.345859254598273, -2.4366732156865907, 4.814711300140786, 11.582927227434618, 15.485109351607864, 15.914285624570244, 13.428908043626317, 9.020990010743018, 4.018662597874744, -0.13839209718434928, -2.400170668460673, -2.4714887181963356, -0.8121071141672725, 1.617616287506545, 3.6163277373830414, 4.017310769638081, 2.2066187462606544, -1.2540047822104092, -4.416941349518123, -4.677077187502033, -0.573984890429064, 6.703142316977227, 14.072386943427404, 19.143149659760244, 21.47199361463739, 21.458758160546207, 19.396552766731674, 15.634276880854971, 10.777402572574232, 5.505752095488452, 0.3437416071457433, -4.413910114818908, -8.637748079162835, -12.231086447556095, -14.991187295937388, -16.526556638740487, -16.29154115636325, -13.784075277623407, -9.00593806470164, -3.119690518976756, 1.492053766089238, 2.6015383433236994, -0.11965925686078702, -5.223053349418739, -11.018879906924552, -16.3982015860154, -20.744752968441894, -23.812049136018206, -25.614847267619528, -25.966836053231354, -24.002459118321234, -18.62123780969002, -9.8734269431306, 0.3218355012254746, 9.340480635925848, 15.650029171190893, 19.087757119243825, 19.97322999553237, 18.68572719910089, 15.778292019292719, 11.991530935932314, 8.090829052243118, 4.6971056754920575, 2.176285369921733, 0.5898658945316929, -0.27276310925261615, -0.7543117754472273, -1.1280831301009027, -1.4610504614076458, -1.6390955325837615, -1.5181274122409616, -1.0674165787025793, -0.41188785586066534, 0.2167281513585164, 0.5666279919357686, 0.45692146633239733, -0.14387184070847733, -1.0688721890029163, -1.9461885131896104, -2.2521387736699503, -1.4795078554594645, 0.5391534600830254, 3.3384989142599504, 5.990089888703385, 7.845772676754693, 9.12112647133457, 10.499061200789178, 12.142808151592025, 13.30817977118736, 13.039568077402153
13.300060235434858, 10.570921411976018, 6.34492882498803, 1.7850690487316392, -1.6921238683813324, -3.444237049741182, -4.030677912663878, -4.672909489755343, -6.058669915560013, -7.392973967767006, -6.643667310095457, -2.14492038441657, 5.617258795476882, 13.907015239524277, 19.728748275705797, 21.693083723394082, 19.929676276636915, 15.365103456872221, 9.494115635416716, 4.091725717488437, 0.6280298666858496, -0.2476638733635024, 1.1433221244862588, 3.7341449335159997, 6.107857193358489, 6.951380145052811, 5.590209447640254, 2.4385547586845036, -0.8462736238909664, -1.7708850691419005, 1.5228218094973225, 8.522437644507374, 16.454704673479704, 22.518369607779853, 25.56742011167351, 25.629134369757892, 23.049043991690045, 18.410202216613037, 12.550079391681246, 6.318024970275243, 0.33807387719614623, -5.050038558434838, -9.703317954308343, -13.520342462827225, -16.27861599653595, -17.53738323403616, -16.714413188520364, -13.411391562805663, -7.955633609629869, -1.8824392608707972, 2.364822405222421, 2.958975323769345, 0.050897484962682135, -4.876104315794347, -10.456030357667894, -15.782009240134173, -20.13928458777965, -23.086907630318855, -24.630295291343256, -24.887816202665643, -23.384552673738106, -18.957033220091613, -10.904902857707308, -0.2910138644514031, 10.35027295224207, 18.74351361314496, 23.955338732670732, 26.007762483401727, 25.274563982918682, 22.361477072583632, 18.10169112002912, 13.40617098802981, 9.067997962576888, 5.634882234428167, 3.3415633203113275, 2.0925604187729263, 1.5522746159153724, 1.348743321980218, 1.2676232332612396, 1.2922780667174825, 1.484120765547587, 1.835597709749516, 2.2154648821529483, 2.415501062307268, 2.2403199116277555, 1.5897708980366754, 0.511920321376431, -0.7768380996608472, -1.900026150154222, -2.367745488095363, -1.7141049235259416, 0.2280424561112297, 3.053693981064402, 5.882966917867275, 7.980893184437853, 9.354502301794179, 10.600020427546921, 12.128864892193262, 13.618114276536383, 14.228600228745389
13.840840748469745, 11.946673232414932, 7.9973570603652435, 3.3693908551381706, -0.25899858295475214, -2.0617270789630116, -2.5143488472461843, -2.8875210333546297, -4.087378985239047, -5.630787320574623, -5.610757265115665, -2.0033793544710647, 5.443775134919818, 14.522376093584919, 22.01207039019877, 25.761499491696355, 25.26911948424032, 21.20934459630531, 15.084759191805086, 8.844130005563065, 4.263583314455848, 2.3414723628441134, 2.9989837497229344, 5.227481342593, 7.572398832796837, 8.73013418038694, 8.055314622730005, 5.781852566965848, 3.0465379452554617, 1.805826133829136, 3.9627920894371176, 9.73104726578927, 17.082382208431536, 23.257730985514918, 26.560609666706245, 26.58272029754897, 23.64767329451544, 18.517936670627098, 12.183403198893988, 5.562926690700397, -0.7044058849369691, -6.285538348208287, -11.049844310210801, -14.908104269268012, -17.644874617542463, -18.81425980836194, -17.827513839054948, -14.340165817352393, -8.833076490741796, -2.9462230353916965, 1.0679205559503278, 1.7936429057286174, -0.4937956693666028, -4.684563315012258, -9.827125346359576, -15.077389175649898, -19.529556840199458, -22.51241301808063, -23.89197528792241, -23.908843228553508, -22.522793187573622, -18.917232962735145, -12.071068475641905, -2.116272703004817, 9.110891351797493, 19.134631685544555, 26.269149763685036, 29.949761287926837, 30.31812399570267, 27.944011456903137, 23.718880771969033, 18.662095725930836, 13.688734419210842, 9.486984797273033, 6.467524678062426, 4.7085589524761104, 3.96625536449261, 3.8312655824261226, 3.9492645174030656, 4.136387294668708, 4.329583713885162, 4.471126836642101, 4.450132873699171, 4.128371456529453, 3.40250602254144, 2.255747432382984, 0.7850049348609188, -0.7893929455774424, -2.127369095746145, -2.8043770006647595, -2.4224628852458725, -0.8265474964167345, 1.6735581102900552, 4.345089052158009, 6.483589839302354, 7.9269144800100575, 9.089181515380973, 10.480143675536098, 12.173678827404702, 13.62141686345417
13.135201680027869, 12.228414291506375, 8.873225722275256, 4.462307901631575, 0.813007163938941, -1.0678116061685847, -1.4532427747261305, -1.4953821248728458, -2.238548264521556, -3.622873435806101, -4.150063764791998, -1.7229910020356798, 4.6040939259241975, 13.457055474980365, 21.863680260330934, 27.171982921172706, 28.20266687884709, 25.21517128433964, 19.535919977314876, 13.079935931855276, 7.741231681962696, 4.777593738757178, 4.40276316970192, 5.823238329456655, 7.725325538072658, 8.93952197273675, 8.91957690282008, 7.787190558676102, 6.168004521221075, 5.241432803143063, 6.502032128896273, 10.610452836130696, 16.45110686717526, 21.780190097770834, 24.74402147266021, 24.606060562466244, 21.57366087680525, 16.42774098653162, 10.157491407549735, 3.6442364164160224, -2.508208465302855, -7.984404022275929, -12.660742628063105, -16.453233162191268, -19.159941545879267, -20.36601755802681, -19.519708711817984, -16.29093532678229, -11.121183820792604, -5.490450340768943, -1.3416232752410282, 0.11210434007367467, -1.1288590078270926, -4.494912904085749, -9.264997152858875, -14.451820366769, -18.975338015754936, -22.065580875062675, -23.46265298806858, -23.344060386219855, -21.92073320548906, -18.86334419817448, -13.29298468130307, -4.726548098299126, 5.946956070195904, 16.66559411173069, 25.36578495812468, 30.834108968698594, 32.76162348245688, 31.523087580940935, 27.972573389104717, 23.164087745802416, 18.06561622232576, 13.442982051387682, 9.84850767817324, 7.552551388494202, 6.4704613958965105, 6.236985949542036, 6.4133929997585755, 6.663123168296357, 6.788392024063829, 6.672849845115041, 6.231653604607517, 5.407893326458734, 4.190333746871584, 2.6265678073373935, 0.8337323070023468, -0.9833797177590817, -2.5191975595949927, -3.39646295961671, -3.2717379450326556, -2.013512300594469, 0.13105026550781193, 2.5562847156021453, 4.612290710171972, 6.01921933908995, 7.020984470777319, 8.161151503943405, 9.84549404507898, 11.877520585480099
11.745964138753202, 11.667764097059644, 9.002307037956097, 5.002500334392974, 1.469914316663964, -0.4795394295865731, -0.8734345883257465, -0.6089330484456055, -0.7283274449677043, -1.579860955946717, -2.273865532362428, -0.986525389359043, 3.6778523840643693, 11.276539255486657, 19.516696929110644, 25.69121450480279, 28.103910328184927, 26.51428743191502, 21.892736515112745, 15.913802307937928, 10.388980842757578, 6.6922109923831155, 5.295024279824793, 5.694620138815527, 6.834589781755065, 7.756311332476191, 8.060619865943936, 7.8829480734949735, 7.558571451364476, 7.559847947678891, 8.649285686910588, 11.435794175127873, 15.516652189109559, 19.430189653861174, 21.603998279976256, 21.200118952199485, 18.254740980800698, 13.39451329986152, 7.470311976741817, 1.2716360620113056, -4.62940450222439, -9.91341387848528, -14.443595135558471, -18.122417647587294, -20.745226694410732, -21.93141939765587, -21.198101660752194, -18.24247703561122, -13.392739299185669, -7.856083307251889, -3.2955208154864875, -0.966783968574506, -1.3324842959448404, -4.2180186931830645, -8.839276984724194, -13.96707859229871, -18.47189527874826, -21.660433140037913, -23.22821197083796, -23.187969269002306, -21.7628750883174, -19.005472845584176, -14.457801773868605, -7.499544564301049, 1.7602982758327153, 12.047891790469398, 21.47064984204267, 28.425515475478452, 32.09394753755716, 32.48328037987223, 30.246386525777663, 26.34723449110169, 21.71980331053667, 17.14204201737315, 13.258623085146121, 10.51595438772871, 9.02117701396881, 8.525114198736093, 8.584046919273518, 8.76438051123222, 8.755627383693305, 8.381222278567169, 7.5702778852350825, 6.329501070772474, 4.715954753086784, 2.8154861475979374, 0.7485343869695635, -1.2908904050594314, -3.00105697457225, -4.004268696505189, -3.971793128257255, -2.8007002149135567, -0.7463591168517497, 1.607033774604819, 3.599231882036489, 4.858388436700948, 5.53219234456066, 6.222353969276325, 7.612583537916815, 9.829311328057159
10.172084538393893, 10.597020813609113, 8.546176506689552, 5.046430917637714, 1.7406843873263371, -0.2546686269898427, -0.7501300704647742, -0.31079574976170704, 0.18713809161406975, 0.13302750926290258, -0.2330193819871838, 0.33722338079077097, 3.2993571955361327, 8.980299394832306, 16.007304463183605, 22.093896243889784, 25.36628086349945, 25.137165856731293, 21.90437582006579, 16.94425550718589, 11.828338335253381, 7.899714297928096, 5.782707274016386, 5.233402403028336, 5.476767461369941, 5.792764737768118, 5.950848451734866, 6.197408608097501, 6.847110399947346, 7.992540092182972, 9.682267942703135, 12.052983556112883, 14.943681659619479, 17.573886158429016, 18.885296131677585, 18.15724160065473, 15.286402570995808, 10.684131107788623, 5.0311430789236065, -0.9574846016398172, -6.709812666727965, -11.879503433781652, -16.30055108847041, -19.843307589306683, -22.274057434153384, -23.22326207153087, -22.285774727106595, -19.23789673386928, -14.361577171024216, -8.674420907745723, -3.706887405602449, -0.8836542632056714, -0.9966327895237269, -3.9107019596829526, -8.570177170479969, -13.589491353463492, -17.971942086347994, -21.22564837871814, -23.06569397311638, -23.317928725372383, -22.044734430197668, -19.457141563694243, -15.541372353888928, -9.925707146874839, -2.3592296870951435, 6.656301238433008, 15.809583763855633, 23.549238305045744, 28.726964439783906, 30.924964937382068, 30.438288173672426, 27.98732217651991, 24.365359649611268, 20.295281856578956, 16.462324392396734, 13.451236161501544, 11.557201152322751, 10.689324043137162, 10.47291812273892, 10.45076982839204, 10.244976920758704, 9.6282951676528, 8.525956493394702, 6.975804822776399, 5.06775540329324, 2.8993442330646553, 0.587712280630899, -1.6657011970836975, -3.523805766748512, -4.558468331929496, -4.414660175026399, -3.020612929380545, -0.7143033574762544, 1.8197851739008382, 3.826592202259476, 4.8635916067409655, 5.074123858112765, 5.165900356087546, 6.039028044942292, 8.056681162670106
8.66255086110007, 9.28112150615394, 7.704653014123968, 4.713978029914453, 1.700419940985869, -0.3156671398888621, -0.9965427914299798, -0.574029726722514, 0.3629171138680719, 1.1537621964540785, 1.5283659139178978, 2.029998754875961, 3.7854237931652404, 7.521493850845038, 12.73843137644886, 17.88047553326596, 21.280168446379125, 22.001500286649375, 20.085465663725707, 16.352404467450942, 12.046408941739596, 8.360266779677001, 5.940655687123366, 4.704318488644828, 4.112688765702132, 3.6733807080647964, 3.3171026338144167, 3.415766507483113, 4.41297441085429, 6.379555927962315, 8.978335443310495, 11.796107443299219, 14.470915281228093, 16.516201275278902, 17.30167081286406, 16.315701592455294, 13.410890942967567, 8.855435011491398, 3.227107158775118, -2.782592590932159, -8.576654229207971, -13.76894066894874, -18.14848560919683, -21.53203911727087, -23.631508739805135, -24.06392616585908, -22.50326087336315, -18.873773290206604, -13.563076588463938, -7.601370699887111, -2.5416253179409813, 0.09737275245991255, -0.44502429353167405, -3.7368054456239728, -8.447205639680478, -13.246504047685287, -17.423966385027825, -20.723066573944912, -22.892162186521734, -23.593726066325367, -22.661681141425706, -20.256163633090043, -16.643487289105156, -11.848002204710912, -5.6755144424940696, 1.8328864563116447, 10.02720561724329, 17.765451375140593, 23.88986429837645, 27.67746301141622, 29.018005895279884, 28.272996484092243, 25.991436458815752, 22.77263109134162, 19.289711511105395, 16.215990599379282, 14.002765805999449, 12.725136009020932, 12.126943270588649, 11.79536712877354, 11.339164496518407, 10.500338642104929, 9.185887677282336, 7.429560116038968, 5.316089544255625, 2.930920307736648, 0.3884406873600279, -2.0797373160782504, -4.067712543910999, -5.064353031629364, -4.667107773476658, -2.8434033640502796, -0.06810775537609792, 2.7931519739962907, 4.847895901225247, 5.622866306637588, 5.3357621428702995, 4.820911535497707, 5.111800344758645, 6.700778859626488
7.260439039274143, 7.882805193182296, 6.657132571590057, 4.137997147042425, 1.4347872599855338, -0.5773362568402979, -1.4827367236808089, -1.245115105971975, -0.13900037403705665, 1.3066862750433825, 2.5636086437748484, 3.565015518207139, 4.886007899564125, 7.2359376446910915, 10.689933061382316, 14.449048025094793, 17.313460645809148, 18.365299108572145, 17.352412648702217, 14.70724679229018, 11.33073598969578, 8.176758253872944, 5.793088830073408, 4.154073222077538, 2.9002906371154173, 1.7460664342958356, 0.75911952442595, 0.37864593239681776, 1.1530766609571155, 3.3101014119430547, 6.511344129742444, 10.05162420123858, 13.225915706642585, 15.459070966458494, 16.261179063218453, 15.260746101876117, 12.336746859429196, 7.72145370564833, 1.9707874570040302, -4.210825865347882, -10.188655244638396, -15.519107592970952, -19.915777051646973, -23.11152446747284, -24.74665867651568, -24.42109437301159, -21.90540950969946, -17.34654830603704, -11.395654052849146, -5.275808621449145, -0.6005312167415482, 1.2522455148686251, -0.09223008278065012, -3.781338594247054, -8.385722219658573, -12.841390487861947, -16.780481195792284, -20.13422368381697, -22.659292733007682, -23.89505395742276, -23.465830742599127, -21.36062867341673, -17.906279171635585, -13.444582193148308, -8.067483215624021, -1.7355640385645308, 5.355336315239889, 12.576121469126045, 19.029080501500648, 23.91263037900569, 26.804510927527293, 27.69151322513464, 26.820179489327895, 24.610418571316625, 21.67139512875342, 18.70878010180096, 16.28103275017362, 14.610114151380968, 13.579826657137948, 12.87140989918625, 12.129955106646708, 11.091196003601555, 9.635306382524695, 7.760298320391395, 5.510849222884537, 2.9414377982519726, 0.16926952311323157, -2.521099266791123, -4.6316740147691355, -5.557439121566536, -4.852108447615867, -2.5385202934367013, 0.7452478284027448, 3.9305157424292854, 5.998451783894885, 6.494913405784219, 5.757983262962867, 4.736264919831157, 4.514051826555781, 5.620691117220472
5.958418715739456, 6.511305161441676, 5.549241798934549, 3.4340703470934835, 1.015717304409532, -0.9706175339070833, -2.077604118633324, -2.100576302806803, -1.069257072275333, 0.6969844718940278, 2.657784972465907, 4.387749715295299, 5.923874615376618, 7.670171769812543, 9.89039071218464, 12.326758828973134, 14.30043212567083, 15.130862703084595, 14.507605090177945, 12.629364843936136, 10.092216063734014, 7.556478661036092, 5.383555911551111, 3.537912506095797, 1.8092548136880602, 0.11027426870263275, -1.3795579466766028, -2.2394707963101066, -1.948066901525248, -0.1564443601231832, 3.00936160515094, 6.907039436109346, 10.662804361537408, 13.479131416190016, 14.751319522669554, 14.087247735689534, 11.366965750252259, 6.820835918687527, 1.0080044575323872, -5.34757156176464, -11.560911368151773, -17.096872683199702, -21.54723672507867, -24.526635346456132, -25.600414776928027, -24.376729203794145, -20.76478239095634, -15.199585563551512, -8.68888068048337, -2.701788102364145, 1.1916772326705143, 2.0027732863024514, -0.0990081809193261, -3.9473209279238772, -8.238380381529227, -12.281033271213373, -16.006523734310477, -19.44814969681776, -22.337816737928232, -24.13255076962146, -24.30902628633782, -22.6613114859756, -19.40942902799132, -15.022039080481752, -9.884645581205037, -4.136776791765212, 2.1668887341771352, 8.776859064831724, 15.149854879775837, 20.60717224200778, 24.58778936427035, 26.790286704949366, 27.172248278793116, 25.95052396377623, 23.62752386910731, 20.88538002326101, 18.334753959535533, 16.31089761514165, 14.838195353972148, 13.72199669855322, 12.68212334882201, 11.470588067256177, 9.935597852625046, 8.013004238092165, 5.678520971418031, 2.9427726784500163, -0.06504846266386394, -2.986062553386922, -5.214454870873727, -6.054310664280611, -5.035863452413822, -2.2594298931528787, 1.4675064013225938, 4.891848384496078, 6.907776841170441, 7.120493037877343, 6.003746674874541, 4.597726660109427, 3.98189589191473, 4.662707638797916
4.790953846547245, 5.263364021246926, 4.493693804118224, 2.68882627838792, 0.49685754737253435, -1.4436934877231555, -2.6732847780272353, -2.9195466417213876, -2.092583196057164, -0.33434969609239534, 1.9522084759280982, 4.258304172916847, 6.272311723498164, 8.016737585704265, 9.646726427212986, 11.145623140150995, 12.240385711553085, 12.580232498651915, 11.984658617247646, 10.573934983063475, 8.702834307787414, 6.728751759255531, 4.795159771386296, 2.838794092600456, 0.798034998221746, -1.2168276886642584, -2.9394132142902576, -4.042749090884795, -4.171811518462882, -2.9981054231934117, -0.42874947182373285, 3.184429357416997, 7.08808615669105, 10.386333851890342, 12.28721379241425, 12.24087102194076, 10.026916486312185, 5.814200926886188, 0.12708233542561187, -6.30692333774236, -12.737995827893826, -18.498694193505642, -23.01151227203188, -25.74514267698078, -26.201977810236386, -24.046221488607785, -19.38102754358548, -12.964945739599962, -6.157552218759289, -0.5937266362395789, 2.361959890325151, 2.237507843838291, -0.315766080224265, -4.028503344090116, -7.87146247366091, -11.513658157132895, -15.08828093950662, -18.6550775865242, -21.90451857392239, -24.245638516545192, -25.071848383676297, -24.0190413652191, -21.126861759594533, -16.809718512083485, -11.611647081704081, -5.9220061506262205, 0.09709764719427612, 6.336584492679559, 12.530020769004063, 18.210345699501477, 22.838197653998506, 25.96186606515611, 27.324439325719943, 26.955568998066802, 25.226861863516003, 22.750307377477895, 20.137844403430798, 17.80121978292368, 15.895039902113005, 14.364293180423095, 13.03011156387204, 11.677888786892684, 10.11937103110464, 8.206588808872526, 5.824158670772034, 2.931966332699934, -0.3173410880889265, -3.471021324581158, -5.803232420012835, -6.533852873633446, -5.1945728235354025, -1.9886488462211414, 2.104719277202391, 5.675896051078075, 7.572343860256678, 7.486200935174835, 6.032530580435147, 4.332131111814845, 3.4347280853902467, 3.7877274340993865
3.8194926472316544, 4.218017121106366, 3.5655351594918745, 1.9594411747341094, -0.07737104045955388, -1.9466978435054925, -3.1838933423368783, -3.5319001074748995, -2.908421374623782, -1.3699443567150327, 0.8564365726277297, 3.3744741184073304, 5.762380996870342, 7.7536248556918235, 9.26612772984017, 10.283042878452166, 10.75637417703723, 10.632426751872785, 9.936533242543325, 8.805798591919741, 7.419270398124612, 5.870481037272248, 4.114317278467899, 2.0835507735499994, -0.12543050436164188, -2.218197351215139, -3.875473405779449, -4.915323201120189, -5.232272691534145, -4.641519623942857, -2.929306135089278, -0.11439316021001286, 3.368947678016079, 6.741947694146383, 9.119894144240078, 9.75999590918092, 8.24628115764705, 4.590129739405023, -0.7867664801131051, -7.182690743498207, -13.776894146898478, -19.7405914517495, -24.293444715673118, -26.743331944376855, -26.552383601408263, -23.49645973804181, -17.923477355448963, -10.91232399969517, -4.090908681896926, 0.8846830043680791, 2.9762249871533184, 2.2064890039834886, -0.46869907375994585, -3.854002559562219, -7.229650792923308, -10.540432310777398, -14.02791037323326, -17.739911142407475, -21.331988123684685, -24.191180693942428, -25.671775904242704, -25.304285282050095, -22.951852441837598, -18.870847208589396, -13.598783364810965, -7.697396849837977, -1.538738983112553, 4.697177065239245, 10.853556136337014, 16.64338757831291, 21.63509605256867, 25.353563572130597, 27.426828601441905, 27.742645238945666, 26.540006429994495, 24.33083813812061, 21.689125400172898, 19.070662295520126, 16.746219755140128, 14.80701622594868, 13.192658913775382, 11.733208385392489, 10.199010301466195, 8.341043502245146, 5.937602430464442, 2.8964817825329474, -0.5936980400957408, -3.969423864626738, -6.374557312409979, -6.949924878528636, -5.251437939953461, -1.6132852044021828, 2.8027615882490484, 6.4472467415379695, 8.15215298794642, 7.722905894076737, 5.93135817008915, 3.9855064745109563, 2.8987499440129914, 3.031634008105623
3.081987472165708, 3.4137704725278635, 2.7985986764096427, 1.280530075640702, -0.6608934885566959, -2.4194924838366747, -3.5373804705290555, -3.83639143815516, -3.335206498024951, -2.0936550149983484, -0.18975417034262945, 2.182719717469125, 4.676593408009711, 6.892396745601388, 8.520587308525005, 9.413884570566916, 9.586076221284875, 9.179371032023804, 8.404521183093744, 7.446664480649206, 6.367777203804162, 5.0714257305188015, 3.3944537037710703, 1.3079869760373857, -0.9349454298230201, -2.8945238166864655, -4.246914756491084, -4.984045854790989, -5.264104195197917, -5.088978425377708, -4.214331735520299, -2.39741752035364, 0.28451749580649865, 3.3128973999288864, 5.855824433896344, 7.039303430358497, 6.22647899553038, 3.2069029518345284, -1.7588061444151093, -8.028409999582825, -14.71998124848403, -20.835851695783397, -25.378680133076468, -27.492994776248164, -26.626896677324545, -22.718169631967577, -16.39495843014803, -9.024903634310652, -2.391006215760624, 1.962701947045483, 3.3651145967294744, 2.2249359456586677, -0.36762699554444933, -3.3746983533245904, -6.341725654832693, -9.395796729737842, -12.830182877144921, -16.679374283691086, -20.585457729266114, -23.93157102494143, -26.05385440923903, -26.417478046200483, -24.749084580803324, -21.125342542293332, -15.962364776286849, -9.858336705379834, -3.3609957546776172, 3.1725921104925843, 9.532241793926012, 15.505040690508864, 20.767152424623525, 24.895212293038494, 27.489441743535203, 28.35130748323456, 27.60349788097839, 25.646922221324562, 22.99360109517286, 20.11888112524946, 17.395705369437056, 15.062608944739738, 13.187627222337582, 11.65182578108227, 10.179182000474226, 8.407434919157323, 6.000702985903425, 2.8185545589640677, -0.9019279661576751, -4.4735514709274975, -6.9028390362367436, -7.255723579406372, -5.132002630645912, -1.026305211893574, 3.696243772094473, 7.350446350029436, 8.779495441325864, 7.935592050027306, 5.774113626751247, 3.6053439020994813, 2.4063595217552405, 2.426313597758888
2.5701133659154944, 2.842824024118715, 2.1936581013281007, 0.6755242000166894, -1.200691102339409, -2.7924346269966174, -3.6744365985820213, -3.7972684723084456, -3.330558986773552, -2.3848731950161413, -0.9246234275804143, 1.0736899547759386, 3.431791698118742, 5.74815507273524, 7.557792708756026, 8.545341135779928, 8.675854580116505, 8.175975087979854, 7.3765113185902775, 6.505820498315992, 5.560982975245841, 4.342816860082701, 2.6520166441797244, 0.5356449621718942, -1.617489706590084, -3.282971125269392, -4.1904908198596225, -4.519199160336839, -4.655353957537606, -4.753227532540414, -4.566660398397998, -3.6815373152626, -1.891701794599169, 0.5597620004642097, 2.9857533250946844, 4.4763263700962, 4.219622637739889, 1.7812456502031675, -2.7633266288832394, -8.858743595072049, -15.58428017843715, -21.78513873497573, -26.249340622953945, -27.964387695224094, -26.38913215019652, -21.661894136348888, -14.710174057309994, -7.148741557431494, -0.8150417742363671, 2.9445609799515267, 3.808454795540993, 2.45708898167918, 0.012925165112713407, -2.6508018408032696, -5.279378875877172, -8.118389893729915, -11.49467864060962, -15.447549380203233, -19.629021742320415, -23.4303079666786, -26.17626018440232, -27.287345944938313, -26.394440918424134, -23.421703951095964, -18.622485151886835, -12.517483267444948, -5.724035709743612, 1.231967396553343, 7.993240561586876, 14.303761044542508, 19.88578099260453, 24.38015280967383, 27.41066968924875, 28.74038970422968, 28.401603725158015, 26.68917499298879, 24.043466745490278, 20.943198340896892, 17.850855024320726, 15.149312542225298, 13.038674071861866, 11.452939450810112, 10.065593021215632, 8.395303133250712, 5.9925487357503515, 2.6777833721345834, -1.2518959378183396, -4.978294321482129, -7.369281213043051, -7.422202442374294, -4.7989206521936865, -0.18277027534967918, 4.834846154203067, 8.43463092508738, 9.499738959450891, 8.165754018014727, 5.595906868340898, 3.213706455638606, 1.9631503143356464, 1.966577936171828
2.2384950388322364, 2.4657259052798115, 1.735166205798656, 0.16696668975689208, -1.6385964138204412, -2.9963450014059214, -3.5522995361293153, -3.4260583907735147, -2.952672804398027, -2.294561466456481, -1.3148613340665258, 0.21193181021914603, 2.2971712856691946, 4.606799344718393, 6.5919995088747205, 7.782285781993096, 8.036222154226877, 7.5754094059695465, 6.780955839699314, 5.9097041573555575, 4.940807209875766, 3.6546496172729754, 1.8867812815597915, -0.21835509267333372, -2.1723166690277758, -3.43562687080864, -3.8496621572390493, -3.7858124325150775, -3.8028570453699695, -4.133330371357127, -4.501899899577743, -4.376166818297204, -3.3666580929114716, -1.5120925958388352, 0.6521590355102048, 2.247600094447716, 2.3627293619860152, 0.38660174843529027, -3.7778157519886384, -9.676076237337611, -16.374937736216673, -22.585172224914935, -26.893180354364077, -28.141552370785988, -25.821752633982268, -20.299254115709022, -12.807331570128126, -5.168548888413456, 0.797411969579, 3.98483536136515, 4.387623979133249, 2.882075193138368, 0.5821023139723667, -1.7825859986476216, -4.109709135668831, -6.734160146970358, -10.018833700805683, -14.026592067300365, -18.436071458958573, -22.655134942404104, -26.001085159015116, -27.858428394732293, -27.78842306416617, -25.600860137749564, -21.397717634401094, -15.566666489855036, -8.689203043121024, -1.3803684818979096, 5.849755633750682, 12.626237290071291, 18.63678479700451, 23.549985898429426, 27.021942356763955, 28.80532650002099, 28.867844663721833, 27.412662925696388, 24.809111408943664, 21.529834209000718, 18.115719883970677, 15.087382804331185, 12.77424503175158, 11.160649769281369, 9.867009135274806, 8.294886977347408, 5.891201320634972, 2.4517151989273724, -1.65669488696453, -5.4844527142596, -7.767209401349287, -7.444720362440781, -4.258522724377682, 0.8965528726819472, 6.187895631971447, 9.671450368760985, 10.301462521296145, 8.424496053835686, 5.419209053222305, 2.8231792389356447, 1.5567469340262134, 1.6168431597055786
2.0235620235175587, 2.231031592391788, 1.4056782128120293, -0.21978934266747555, -1.9187945219071458, -2.974579627413427, -3.147563863480325, -2.756658257625346, -2.2943853031500487, -1.9463526405069171, -1.4622836408027462, -0.4308862080328994, 1.3327344978841567, 3.579719510715645, 5.7224226139557155, 7.163339138958932, 7.632726618705182, 7.286803898224216, 6.500945798738574, 5.548204621877859, 4.43032911234114, 2.974408518864176, 1.1024947709785635, -0.9372591403700021, -2.597856888872148, -3.389156743125048, -3.3130529122890113, -2.9335133049117825, -2.929743007762913, -3.5394496487578895, -4.411056680317452, -4.905978033524628, -4.520683565027289, -3.174160155688897, -1.2946756050948816, 0.2907279883972468, 0.6334270990573433, -0.9911533697339208, -4.818879207613086, -10.497637309825405, -17.104947920075272, -23.24285521691243, -27.31485223035416, -28.035160849144354, -24.947744516661043, -18.661929381611035, -10.712982151141098, -3.0951981257796763, 2.4404290892713045, 5.051592916326059, 5.022697218446604, 3.385068828878642, 1.2281265708422644, -0.8481082555899324, -2.8720685303076046, -5.257638227448416, -8.40716146007306, -12.415766069359652, -16.997145593863113, -21.58397435088083, -25.49347531437098, -28.080984921514094, -28.85126851175546, -27.52727838614767, -24.089362869170113, -18.787472926781724, -12.10447624671653, -4.6529318139486024, 2.961395282614769, 10.23250589851842, 16.755293275431054, 22.17018773876851, 26.140503321715958, 28.412268848978393, 28.905792976812016, 27.748416613092147, 25.244083180410335, 21.854366259635096, 18.18865118349323, 14.895114687944357, 12.422954651203376, 10.799485240221985, 9.591605866158979, 8.094667537978665, 5.672262281515052, 2.114785676480994, -2.1340388852809546, -6.000629892010583, -8.103409949687505, -7.340952987015792, -3.5508087021766035, 2.14746917669451, 7.67988044682302, 10.99811555542365, 11.155407907831487, 8.717625066223752, 5.264991370414042, 2.4421957264374963, 1.1648608461742007, 1.3252882260245105
1.8576445922241511, 2.088109320562516, 1.1912197177566348, -0.4608505898224026, -1.9987607080484593, -2.693981003236787, -2.4581230053226286, -1.8262968571250575, -1.429082314018454, -1.438633660365513, -1.4710784618557926, -0.9399019187493322, 0.48965825155323905, 2.6480929655330514, 4.931362395640298, 6.641022435470717, 7.375243981679028, 7.1874920712826755, 6.407238711382708, 5.3152941223520545, 3.9673041951517196, 2.285970851222576, 0.3135503258908554, -1.600551901676151, -2.8882340630408403, -3.159465794013322, -2.609741581067981, -1.9900686442823996, -2.0603579149385953, -3.015262725029113, -4.395937496212017, -5.456021034101424, -5.607083816316637, -4.6977732587340135, -3.0919569685968016, -1.5719547698147311, -1.089454511139388, -2.4327888012533414, -5.942529276368634, -11.36467166471988, -17.805639414427286, -23.78300822599897, -27.539276740319558, -27.681578553432562, -23.826296014642278, -16.83539803329017, -8.53167359538707, -1.0419095849796012, 3.995612025510482, 6.020238097305362, 5.5904692821429816, 3.862869989859455, 1.8829678603801094, 0.11849021993420242, -1.5821976905170978, -3.7029005408059157, -6.678931321700463, -10.635001819168929, -15.322993461457704, -20.210311964451204, -24.6271484479762, -27.910139013144477, -29.515461714136865, -29.09303330425742, -26.52596409826386, -21.94516420445797, -15.717357587895647, -8.38973856650248, -0.5888746723305087, 7.086931472069796, 14.125374147497174, 20.094696821036287, 24.62641390856808, 27.443809326870284, 28.42366975041515, 27.628090051753123, 25.301274739492232, 21.890968452946183, 18.065896337226896, 14.587810308699074, 12.009075072055106, 10.388087091787328, 9.240774591947318, 7.776678817925131, 5.305975877094966, 1.6366324543693638, -2.707388241120089, -6.543761979513208, -8.396892465832575, -7.145365852749786, -2.736390222583769, 3.4845023427903876, 9.218128803444976, 12.341070512326429, 12.024168774826453, 9.039504828342393, 5.138636030609697, 2.0638403603639195, 0.7537629821820823, 1.0324377734551384
1.6767460132024348, 1.9912715898201172, 1.0783882633512634, -0.542913198818268, -1.8605061775415417, -2.153734048737146, -1.506731807803415, -0.6710857408350781, -0.39178421929955215, -0.7998258056176246, -1.3680068398131604, -1.3465915676518072, -0.2698502684260827, 1.7664835797112002, 4.158190749957829, 6.129282380687361, 7.150287098484965, 7.1492661791635905, 6.380742276470782, 5.124867350878116, 3.5106464786699294, 1.58802166565242, -0.4603005578185517, -2.189870844221033, -3.0418357705513333, -2.761006102555232, -1.7510012903359948, -0.934771947885185, -1.122627240498079, -2.4454820126645904, -4.337632901350617, -5.957439921930672, -6.643279657808598, -6.182787504691755, -4.884363730803095, -3.4864238853963023, -2.927000158283481, -4.029708271620818, -7.217876177736269, -12.332781820131082, -18.523805255469107, -24.245571165269748, -27.604208384630088, -27.12716585929276, -22.525726897606273, -14.917178634819408, -6.385203791717385, 0.8596704815004632, 5.337590137063152, 6.785396664502346, 6.016322285705632, 4.275668092712891, 2.5344079884302384, 1.1160813643776433, -0.24736785083087978, -2.092547719850424, -4.870052657646536, -8.723643553510506, -13.444560718349146, -18.547244116653832, -23.392372376521667, -27.312973958675776, -29.725384627258077, -30.2127975265572, -28.573643371074933, -24.83887310065587, -19.266926810231286, -12.314076505526307, -4.570207689102506, 3.3318342044016203, 10.797042214127785, 17.307237696170237, 22.430649233178965, 25.843535428754766, 27.371067047115435, 27.0119822583534, 24.953007897723385, 21.62574867620535, 17.748983799462458, 14.179650941449813, 11.549826020038342, 9.933887338045382, 8.803637082641007, 7.312590006362879, 4.755218876929454, 0.981373699286829, -3.4059459546060094, -7.138212490284979, -8.67612118336365, -6.903233998220461, -1.8864767168323404, 4.8135200476162225, 10.70291841725675, 13.616548444115558, 12.850176829321565, 9.353346883794336, 5.011506148494343, 1.6552643617774472, 0.27711632735662534, 0.676981774605773
1.4251318496134373, 1.898960011331416, 1.0480122782958994, -0.4722044101575262, -1.518252984420489, -1.3900774668981513, -0.34503021131660816, 0.6659504723890777, 0.8068782289178559, -0.0020255990985001133, -1.1017246408265986, -1.6014326646797312, -0.9189141749130368, 0.928776012005859, 3.360539686820991, 5.550263921271691, 6.852202016696799, 7.056411240189975, 6.319579591739052, 4.908815041708775, 3.032743697748974, 0.8848237609837516, -1.2018588055911583, -2.696122862267484, -3.0719681821660174, -2.2288060880562544, -0.7745301403078463, 0.22305400065332706, -0.06951693462017709, -1.7170984873014972, -4.07361771669941, -6.237459157422821, -7.492291376667705, -7.557529315424643, -6.664684057727212, -5.486466848979045, -4.928345508681298, -5.83259960916446, -8.694961639027742, -13.45258795708491, -19.30876316862275, -24.67378540773438, -27.54499209654457, -26.40543165029161, -21.089313752759292, -12.968382521526422, -4.348838116638345, 2.5349200155702136, 6.409668926411807, 7.319581646558437, 6.302979057821681, 4.646571400775755, 3.2090977660054447, 2.1582288643578247, 1.1230372986845851, -0.45946920813485276, -3.0298930408608453, -6.736782514412422, -11.411606880709389, -16.629735430525148, -21.802439879829073, -26.277653685754807, -29.443678416634924, -30.822291422524774, -30.13206178558628, -27.314698459054416, -22.533261174673743, -16.15182251332601, -8.694513880172819, -0.7798873062594074, 6.956319309004405, 13.92372385567125, 19.615844642084134, 23.642468529979674, 25.763677850040885, 25.909275496051364, 24.206605250989234, 21.06811684186879, 17.251859213250473, 13.686402007154221, 11.054365246227366, 9.430356696181596, 8.254846959749377, 6.66337131678071, 3.9768963415911824, 0.1098532130428783, -4.262133144364469, -7.812700384527796, -8.974528366310878, -6.664063986743187, -1.0747333216919042, 6.0389070097814885, 12.029558631957755, 14.724727596245872, 13.543973101476583, 9.57970287580608, 4.8148847047312, 1.1583762451840849, -0.31849657761172423, 0.20277953312819774
1.0591129911271326, 1.7723102145688892, 1.0703239001245968, -0.27882173408503663, -1.0191793415309855, -0.4741113374242939, 0.9460528280350061, 2.1233962930565125, 2.1515439234697347, 0.9933257088196918, -0.593742297201037, -1.6133525655870538, -1.3818224091976299, 0.17596554717386195, 2.535947134765166, 4.8585101169628215, 6.4024566423136, 6.816690816897587, 6.141329940848051, 4.612646281171879, 2.5123495501233752, 0.17995653914559318, -1.900501227077237, -3.1220812560481868, -3.0099669248466565, -1.6249345821134726, 0.24092089539771067, 1.4132137198440957, 1.0628370215795104, -0.8153348862471796, -3.533409058726813, -6.178869836440412, -8.013244971184825, -8.687442860591997, -8.327674332362777, -7.503455866026311, -7.057109907644631, -7.830858236564157, -10.38473147913298, -14.751926359149154, -20.19612904307829, -25.09827888520794, -27.377537879769093, -25.517358893146156, -19.51149458646247, -10.985147994982276, -2.419702625849179, 3.9954387112167624, 7.242830428712192, 7.676537295910392, 6.5192471502164535, 5.0428523694546215, 3.9549870000453624, 3.262630587082118, 2.515113683752585, 1.1563724845858798, -1.2160556295013325, -4.740656181828874, -9.289894014139149, -14.514050911367912, -19.895985531541818, -24.819109973813205, -28.65842622337404, -30.88171525278876, -31.130626640339482, -29.261716903248825, -25.350948912541387, -19.67666568640946, -12.689056096084514, -4.9634634086423315, 2.8623796830718855, 10.15466577510011, 16.34052061749738, 20.95638456600896, 23.686284839867902, 24.38275618190765, 23.109456163477958, 20.255468003388714, 16.604212101917796, 13.126850202133376, 10.524148824613965, 8.858130832757231, 7.558028589968229, 5.785214078283033, 2.9292192940639565, -1.013109395004253, -5.3050323873187315, -8.594073973158045, -9.323582041257056, -6.473124637532577, -0.36766770693295886, 7.072380407748837, 13.094151225395919, 15.55239899967609, 13.986810767507029, 9.602050008884031, 4.448816455586508, 0.5002737255466774, -1.0834399085937139, -0.4331583278228984
0.5505210648532376, 1.5757386592599725, 1.1047031595070358, -0.014261122939751824, -0.43608334009200284, 0.49831147371133144, 2.2624755261854133, 3.614897717732179, 3.5961401217706626, 2.1892029016152765, 0.201928160030035, -1.3098139072078399, -1.5809859910158353, -0.4302527728101871, 1.7146267739283905, 4.045886160939129, 5.758814178544081, 6.368880068420399, 5.786213833975383, 4.194840583410424, 1.9325024319656505, -0.5249498423863462, -2.5515248141414024, -3.4791914207851486, -2.8984240073598273, -1.0269244444153414, 1.1919428599852646, 2.5230451539497945, 2.16884080754254, 0.17437547370093914, -2.76959347436905, -5.788585393884736, -8.16137692952693, -9.484675126182902, -9.763831029368918, -9.430035760399416, -9.22531792703984, -9.964771094792338, -12.257832899346663, -16.227036073982177, -21.1949423978467, -25.522810217817305, -27.085369393691728, -24.422190920690333, -17.733885599879866, -8.90050507447245, -0.5249893697839599, 5.324493167563598, 7.936754475465774, 7.971195748902289, 6.781692343803346, 5.561083927473954, 4.831252085021113, 4.446506133182556, 3.910644355820914, 2.711356418539059, 0.5106301389575338, -2.8071915839531263, -7.156084905470029, -12.273634890451797, -17.734519775687584, -22.979184775005425, -27.386307214555895, -30.379689439965276, -31.528402362975314, -30.60597977361186, -27.604808818456167, -22.722502226221188, -16.335599897810564, -8.963622914125649, -1.220303513503795, 6.245993180315362, 12.815306005390802, 17.956429342247098, 21.2738404393456, 22.537028787131568, 21.74220770476193, 19.24956872726366, 15.849652949382167, 12.522648158305525, 9.955723102844845, 8.19217629841122, 6.6774096069308895, 4.643983073346156, 1.5865235686885206, -2.405424220842074, -6.5492364226805755, -9.497736982826043, -9.743465743275411, -6.360995660648333, 0.18751829275976895, 7.8463283640379275, 13.80766609189865, 15.988822900054773, 14.049665221520243, 9.287574490515215, 3.800806848700776, -0.3927826315034956, -2.0555008242216353, -1.2543009640288194
-0.11067645722201973, 1.280002906077036, 1.10446313798697, 0.25730756909225, 0.1462948467566434, 1.4228046624144277, 3.4900688118174146, 5.032407714136185, 5.053297589684113, 3.528177553358912, 1.2625815822361026, -0.678639856531621, -1.4765468807406232, -0.8375866267581854, 0.9422640366678707, 3.135774964014392, 4.916397631848668, 5.685897889610994, 5.219293416231777, 3.627542508786988, 1.280705850804843, -1.229250419109839, -3.153181907869917, -3.781041632946058, -2.778978309445945, -0.5076832277351012, 1.979971099950301, 3.436760040692398, 3.121543488761687, 1.1189180995630428, -1.9111403062489152, -5.172196090957275, -7.9964367953249695, -9.950038709061129, -10.920125466423016, -11.179958746077316, -11.338981480343309, -12.153241081621683, -14.257012596259726, -17.843762373521677, -22.281709814940946, -25.915784204806773, -26.61430314879136, -23.040753182778634, -15.660488304144518, -6.611237558820493, 1.443632774064467, 6.642696082801822, 8.63289670070169, 8.361355061923366, 7.240685175139315, 6.3141771995799445, 5.89682405202036, 5.718694749136353, 5.283766282069759, 4.159142725344868, 2.0904928634952618, -1.007294287997699, -5.090085344342854, -9.991766246843822, -15.396187911861826, -20.822112017344764, -25.670629883996625, -29.33391796412893, -31.31491527268339, -31.307270830149523, -29.22197512172675, -25.178215245752565, -19.479804019716866, -12.585471051218887, -5.070417731116184, 2.424090226207802, 9.25188775640648, 14.827344781067046, 18.679890696788092, 20.495944583177117, 20.203274008316335, 18.12627320729221, 15.03998004004589, 11.898285761716572, 9.348165280128656, 7.4170159409576755, 5.5986641500696805, 3.237860728810813, -0.03979984669736008, -4.050292837656111, -7.980955395202607, -10.51639534066341, -10.233067084675245, -6.3331344010234165, 0.5752749798864591, 8.32914852234537, 14.115424304798852, 15.950619515935895, 13.622815446567786, 8.516892023939272, 2.769420568730606, -1.581219275658067, -3.2534333186757385, -2.261530693494737
-0.91504786157417, 0.8665226241014735, 1.0248815898715946, 0.4712388019551714, 0.6474991573644163, 2.2050373183232588, 4.52244557806933, 6.260610632252864, 6.4041239997012855, 4.897303695562298, 2.495927740185145, 0.22419574312037782, -1.0802274721857004, -1.01945241233191, 0.26564091320508826, 2.173173961290501, 3.902171326281689, 4.772097570442766, 4.429078795287861, 2.895832056833416, 0.5488783641076951, -1.9322776054551085, -3.703777632020873, -4.037195099158104, -2.6813222413795854, -0.118291113781707, 2.5360202105976284, 4.069507688453473, 3.818300990463077, 1.8957881865486357, -1.0958825510335117, -4.467294771939698, -7.631436068841514, -10.148757904000513, -11.803812581574054, -12.710387368138505, -13.325929843373306, -14.3177979667188, -16.31319714041967, -19.54508722165313, -23.401252830176208, -26.209049915870736, -25.875893097411108, -21.269778205495182, -13.185593790405512, -4.016141094717226, 3.590976050569681, 8.079112089532485, 9.497787374153942, 9.034069415283376, 8.060985988804413, 7.406673327708593, 7.187242376693262, 7.063593497835875, 6.593266168408693, 5.45003691801418, 3.469588343587878, 0.5970731579189292, -3.165621106398916, -7.752218963583318, -12.967406398353406, -18.42740136443465, -23.575825251637717, -27.788004233334465, -30.509059405445832, -31.357423570061577, -30.166033164550058, -26.9777849528321, -22.02379930304426, -15.698556015896951, -8.529881490466613, -1.1372338203772647, 5.82455650238038, 11.730678181179469, 16.04547930517423, 18.37815392242509, 18.590183777823864, 16.962005628034618, 14.228003320121873, 11.282842521611094, 8.715228482649751, 6.547527944445926, 4.353701117949716, 1.6209684460046925, -1.8819111610200774, -5.881356391762261, -9.546601956822974, -11.610996025488001, -10.762435198427566, -6.362738300960825, 0.8201384416495103, 8.537194024962062, 14.014897104012466, 15.406634255229552, 12.646159782466897, 7.2151105865249665, 1.2898240644281191, -3.096793585768955, -4.671428269301815, -3.4323727459617452
-1.833627907656932, 0.33113550883483567, 0.8316072972936139, 0.5744755928966687, 1.0058904454333357, 2.7773072353016532, 5.28006173289311, 7.1994195385186295, 7.524663480524078, 6.157036463167404, 3.767103666647335, 1.2941245180663956, -0.4466890080946993, -0.9766536050614427, -0.27560690007772315, 1.2143164523315761, 2.7656729785610574, 3.65675993712047, 3.4241622175018986, 1.996953873491944, -0.2659006181734286, -2.631979051983742, -4.199758369535887, -4.250056639685512, -2.6180719478569383, 0.11980177983156907, 2.832326214497336, 4.385094424202069, 4.207408735269363, 2.430752727467887, -0.4216728610364283, -3.7865728031147037, -7.175167398731959, -10.162807573102628, -12.45296872518426, -14.01231385150313, -15.141091526699253, -16.39492406042536, -18.358006955220116, -21.259927343011718, -24.471885897960046, -26.303516166854415, -24.759387421537074, -19.004496659916704, -10.226188287936933, -1.0500987078344255, 5.994669418919967, 9.761556857864047, 10.714137984268243, 10.181196145344291, 9.380738409868552, 8.890660684052166, 8.680923784051904, 8.422264633997244, 7.775925659365514, 6.532139558791886, 4.605351397737266, 1.9611390078594177, -1.4406942839680998, -5.629613703720395, -10.533998289354814, -15.882001248744785, -21.180547858997326, -25.8058529832815, -29.155496770108538, -30.77814885718845, -30.433391791346136, -28.09206984078849, -23.913902213868965, -18.225857232390386, -11.500644813490792, -4.324281051837811, 2.6539743150404562, 8.784431267358686, 13.478604162663126, 16.278153884069592, 16.982697112822628, 15.820221065769578, 13.460248408664178, 10.711557075596044, 8.09536823261283, 5.643295419837226, 3.033727512042933, -0.0884538852195932, -3.812051435634444, -7.781381005823957, -11.151447475289709, -12.70890565750773, -11.27116372700329, -6.3897657749310355, 0.9879355974931601, 8.53849192001791, 13.564469740690809, 14.392836086266328, 11.129703139083903, 5.376153333972021, -0.6421988567110947, -4.9250168577687745, -6.271399592829016, -4.720265651135693
-2.8195179710367744, -0.3142802664835797, 0.5068947029632074, 0.5344864472548237, 1.1881691540125627, 3.109061571756842, 5.724971293860645, 7.786720836349532, 8.3178350097835, 7.179320487044189, 4.936337670359086, 2.4079089027748015, 0.34391560458760406, -0.7327889307227328, -0.6538949783919017, 0.31731034870812164, 1.5699803119917652, 2.3886951512016923, 2.232593411611929, 0.9433536877600815, -1.1571671748912886, -3.3217642946644954, -4.6345630792369485, -4.415507060192598, -2.586608579891172, 0.21242739127402968, 2.8808079896015273, 4.397295616343948, 4.294105716522428, 2.709526532335711, 0.0716748134844638, -3.1926581499674445, -6.700770860274825, -10.057481631030743, -12.907979648111695, -15.092739710517504, -16.760547396450768, -18.338526299983105, -20.32954140005422, -22.90903389779156, -25.392126904657367, -26.08043539074493, -23.15111667745509, -16.16565124141979, -6.749354717913566, 2.3003285503646866, 8.706387721785779, 11.818551437092838, 12.457584401665526, 11.94489526030725, 11.246135255356021, 10.714573278490963, 10.272312758789358, 9.68545437249408, 8.749971908890101, 7.358034831161338, 5.473479178043037, 3.0642372997184655, 0.04995568260860728, -3.68131481260641, -8.173256555664315, -13.273047515084983, -18.57094178854247, -23.465265124263443, -27.319200123119888, -29.617292740232724, -30.050299378276957, -28.523432141633975, -25.129998293020858, -20.128529898952312, -13.929044555059761, -7.072267399409929, -0.18846874114875134, 6.060994068529276, 11.047290097334638, 14.255881963129923, 15.430474035575234, 14.73965329353565, 12.768230592284173, 10.220088125620947, 7.545446725384322, 4.796702961630634, 1.7689702697161207, -1.7346314268474996, -5.669664019171518, -9.604399605707496, -12.674638546187893, -13.713120342974527, -11.674719885581085, -6.326946992591278, 1.1792063027408106, 8.446469662577682, 12.87890782569868, 13.011121319420086, 9.158252869787622, 3.0751682281779957, -2.9525519142577963, -6.988990565906704, -7.974582430722665, -6.053994453093145
-3.812819067244749, -1.0432291592353915, 0.052341859669540296, 0.34350091697745544, 1.1922205248053659, 3.208725258650694, 5.866001553360568, 8.012160788928213, 8.73779022164171, 7.879517173710335, 5.891966847238111, 3.4506260824516577, 1.2019762354538226, -0.33002359045915297, -0.8581867265988127, -0.46587597300620215, 0.3853317091377072, 1.0348981409040643, 0.9061994559587891, -0.2294629820638395, -2.101218610534338, -3.985659185442001, -4.998085614532826, -4.526514174472768, -2.576092800210739, 0.18318721923155176, 2.722229640765554, 4.158929192264623, 4.130207605078854, 2.768185459249697, 0.39456005212623435, -2.7019423902517405, -6.243399761190144, -9.872932575650244, -13.199957058491059, -15.964206597393963, -18.174768518222514, -20.116666232140016, -22.171326496898395, -24.40658209452814, -26.047907832683514, -25.417412831960267, -20.958619281353425, -12.724188130605471, -2.784192127872166, 6.0057584035002645, 11.766017242322546, 14.364163045793347, 14.83687008872002, 14.338206650881748, 13.551633699098625, 12.701870628349596, 11.781753728819716, 10.716835825058324, 9.437256482016988, 7.899490011528553, 6.07540108657146, 3.9135540514256473, 1.2983670135655208, -1.9425750975587182, -5.948130748148232, -10.682043753913018, -15.834976791037274, -20.851883723797087, -25.079060336634264, -27.943310087939363, -29.06903446351426, -28.30213701953308, -25.67862580465269, -21.39306259768736, -15.78786011198407, -9.346127957367566, -2.6645543454372285, 3.597380604697767, 8.783183169734263, 12.334478613688075, 13.946845140242845, 13.725570140715172, 12.156059691993029, 9.823864244442614, 7.1061181230983035, 4.081895993085808, 0.6650832618519608, -3.1910458482639554, -7.321058133649786, -11.22171515330237, -14.000574016927745, -14.522195044512944, -11.877708603237835, -6.070808821106452, 1.5172783464131927, 8.405387535807463, 12.112605595783954, 11.414882234230248, 6.885319283823902, 0.47172696038623146, -5.481025813859507, -9.142881918293728, -9.660274101754757, -7.341706028368477
-4.75085495492706, -1.8190521076114905, -0.5118142087727267, 0.01790219497460923, 1.043341357520234, 3.116577235958759, 5.752121451925934, 7.916413078133474, 8.798157630043976, 8.2326855255317, 6.5708000179045785, 4.334745447670488, 2.0411212640536247, 0.17457016137591666, -0.8981568366384359, -1.0970783905248946, -0.7170372174812691, -0.3208291171226235, -0.47563834839969776, -1.4562242366368994, -3.0507876467650163, -4.5950364385597755, -5.2776431695414505, -4.578287700565318, -2.5762685577778215, 0.06150424534875941, 2.4114316484732163, 3.744328138488265, 3.793755727072359, 2.6705634485769334, 0.5846991016045094, -2.304738131586719, -5.8148390433839365, -9.632029267225562, -13.352655495988422, -16.642786960238958, -19.38441506965618, -21.706247806466738, -23.827722713321247, -25.660194285780822, -26.321839744384615, -24.208015969537133, -18.134116544408613, -8.7147137541754, 1.5867263645969303, 10.014920743116615, 15.198029422748768, 17.443812264565295, 17.813772296086576, 17.192794741868198, 16.04617987288107, 14.605473523985511, 13.027877341507722, 11.417355793453178, 9.80703626928446, 8.16990329840174, 6.445330953157514, 4.543659077298562, 2.321790867738805, -0.42593044716338185, -3.9042754682436946, -8.180906508583186, -13.058318393241759, -18.054372459625554, -22.52168656598632, -25.83851412383422, -27.562629362172036, -27.48328245503829, -25.589853909971378, -22.02434924598154, -17.06361472881581, -11.123577446933748, -4.751841185377514, 1.4096254199736382, 6.691550531532159, 10.506425467840424, 12.511637027718795, 12.747113372179708, 11.586272572640203, 9.485062843081822, 6.746214966084962, 3.4799749868188603, -0.28108062529660255, -4.442412776861747, -8.730072100876315, -12.576606306679043, -15.05717994242049, -15.054871687158801, -11.789565597534576, -5.51380664457379, 2.134361113385269, 8.571225138204671, 11.438397027975343, 9.795280434535531, 4.530629923825556, -2.189983863643229, -7.987985870733723, -11.186017228870007, -11.182411186739467, -8.485768615785169
-5.583134765777795, -2.6011025757767126, -1.1498453962967001, -0.40644874791215274, 0.7852460901893119, 2.8910297206375573, 5.456379057066988, 7.576878886940379, 8.56309914219372, 8.271757037964555, 6.96337844326181, 5.010429441359083, 2.7891298113858842, 0.7151913339732292, -0.8059038537645951, -1.5606497737514609, -1.6767938499548845, -1.5890095991064697, -1.8142651592556467, -2.6473380691109183, -3.938825381792158, -5.112024221624655, -5.461922990020097, -4.573356090239399, -2.5842457649965587, -0.1266869367981301, 2.004379802581905, 3.2316474860737627, 3.366304029318081, 2.481906557135103, 0.6801339029586372, -1.9893493065075427, -5.421694612158827, -9.351190740784192, -13.386402635650624, -17.147006727274494, -20.39634310861163, -23.088007816489498, -25.24084109162434, -26.574406526383243, -26.106717461870026, -22.38231427962151, -14.690325583587953, -4.232552296205253, 6.247678905261628, 14.26164263573646, 18.972053505692443, 20.965886418075147, 21.168666578913957, 20.20301752593239, 18.445579760936372, 16.24527360824289, 13.95072361805784, 11.814162992429958, 9.928348026406296, 8.247396336739014, 6.654520640556655, 5.01181170314953, 3.1565332005905877, 0.875365219085798, -2.069937394257746, -5.82976015528827, -10.321665615746658, -15.161328393410942, -19.736636562153762, -23.39235907728509, -25.618367166635707, -26.14334573880263, -24.917125767245093, -22.045685320125745, -17.752848796548708, -12.386068816714241, -6.430354175606285, -0.4913599833101148, 4.768893026149336, 8.752358551165111, 11.088404178658873, 11.746619786814284, 10.973782221609765, 9.087583495907436, 6.322117929951253, 2.8311631633068615, -1.2286609958029702, -5.627991648140745, -9.997533617024073, -13.719114286820645, -15.843389593375795, -15.26876545339833, -11.336436294081693, -4.5545322089633995, 3.1572894809677354, 9.093306483830855, 11.03525150413149, 8.383250104855861, 2.3851507380020247, -4.59379143715693, -10.190461957408614, -12.909643313726532, -12.410742495204738, -9.410605661905787
-6.285692648973478, -3.3502647053958805, -1.815095258546043, -0.8819464885068283, 0.46805712102425456, 2.5925595384582913, 5.05650796652442, 7.086459172017541, 8.126694076975136, 8.070790880171835, 7.104706225112144, 5.466042921302584, 3.3966240842971946, 1.2278633033869581, -0.6316550965633605, -1.87065443511277, -2.4630657882280973, -2.7001705784929246, -3.0191451303686456, -3.713560847756336, -4.697736980606514, -5.502370516654253, -5.548088172991757, -4.5246614424801095, -2.6059748931562674, -0.3614502322342668, 1.5520027961752192, 2.6910678259581235, 2.9151116840932043, 2.2467385096254087, 0.6958404639366899, -1.7632043906102242, -5.08072844023257, -9.047090346639703, -13.315774215621088, -17.489567553935647, -21.214365777316825, -24.240667910400738, -26.35120681824704, -27.060093024172698, -25.322699285254643, -19.923675448527852, -10.70375401410221, 0.5815174517232277, 11.064109472660558, 18.644898246244814, 22.952733100452402, 24.68058932816669, 24.561506305570024, 23.061167705430844, 20.590318647327, 17.641600794972938, 14.7018587839956, 12.110599227547558, 9.991685256313476, 8.279358582514861, 6.806403772095653, 5.388935955223227, 3.848871889547734, 1.9812676281710502, -0.45785391049078356, -3.6757856036825403, -7.698771375327562, -12.259533645157955, -16.813697871976384, -20.696097324663793, -23.330780796337717, -24.37541327551233, -23.73789007404341, -21.503629466341376, -17.86615789055531, -13.116585382104619, -7.67095509645485, -2.0780082364757444, 3.033540547175453, 7.076481151406884, 9.657891225940702, 10.664692316281375, 10.20186824951947, 8.451544263917231, 5.602240135528443, 1.875684554581551, -2.440474282577026, -6.991798062831302, -11.327138510532674, -14.790909052142815, -16.426579567985875, -15.162345531483142, -10.465106440225199, -3.106309718825287, 4.693280500183986, 10.103266021147201, 11.091553801001751, 7.456162620657616, 0.7909298032726273, -6.412319620465911, -11.846958929214457, -14.177815307430919, -13.289166434939638, -10.095282711690137
-6.866416778269223, -4.032294461615008, -2.4562100953011865, -1.3593628536205122, 0.13583039754276172, 2.2701346588295928, 4.6194150338089575, 6.534264710313573, 7.589515052397648, 7.720079526998031, 7.053336219589931, 5.717397789096317, 3.8397040922987995, 1.6633134596184298, -0.4301361764522721, -2.067601297677109, -3.0879718757045165, -3.633956905319969, -4.045544378838886, -4.603476610703269, -5.289479146839498, -5.75436571002146, -5.549419644560299, -4.454564832275225, -2.6505243791824866, -0.6224297331993859, 1.103707800763633, 2.1827982734782148, 2.48472298489483, 1.9747855370577148, 0.6056274144797742, -1.6726087577882227, -4.836130267915025, -8.745723107580876, -13.146517005079136, -17.664232172531715, -21.824136378913902, -25.13254502532769, -27.100630594826857, -27.04758934163763, -23.933809242276098, -16.876929094376433, -6.305870522363246, 5.558729930997978, 15.881918130850002, 23.000483058037304, 26.885727366825176, 28.230768491152464, 27.638700090775433, 25.559060473551117, 22.489374245723038, 18.993575372563427, 15.583285419943477, 12.618069404725825, 10.254518965230634, 8.446913320105997, 7.015429897572534, 5.746066690426761, 4.445142726611124, 2.9182021352965304, 0.9320396006362502, -1.7522225972822703, -5.25389926409445, -9.432055259893385, -13.841417551546495, -17.83924779721947, -20.794828113898948, -22.282181242974133, -22.151949944394616, -20.473880889985313, -17.437157902382886, -13.303121595553712, -8.425953534908434, -3.2815565318641986, 1.5614476198089762, 5.545491800702686, 8.253280283512883, 9.47362252244421, 9.167347358809339, 7.409097642807293, 4.384809976913784, 0.4076039509653601, -4.115215401930902, -8.728766106328408, -12.906860081578502, -15.948666765615753, -16.900767950463102, -14.756145077164598, -9.139963890922743, -1.106395434199158, 6.817080083823153, 11.71077005971754, 11.801154615059236, 7.298322230942992, 0.04641211784502219, -7.431862434322925, -12.871606730920675, -15.007568473661307, -13.879919921994393, -10.59125822968199
-7.35603275876148, -4.620763076147945, -3.0271803332701777, -1.8000659819147529, -0.1837712219357592, 1.954292728731181, 4.1951403718425135, 5.995449894897896, 7.040585907119136, 7.300585713301245, 6.863088831982717, 5.784501173086735, 4.1096679614388725, 1.9936595172180342, -0.2408470841254744, -2.197250620200948, -3.5968485526188703, -4.4272712800682115, -4.917865553288552, -5.333105625214104, -5.731557377457581, -5.894534639822889, -5.498846851331605, -4.388288649348554, -2.717311912088596, -0.8740250888911214, 0.7203211852254395, 1.7648764980691285, 2.097686879531553, 1.6337550323490555, 0.3263728362023884, -1.826849276472162, -4.788686623981004, -8.508943309352528, -12.890325394282394, -17.645354483408557, -22.183886694483018, -25.715222619681644, -27.436337555123554, -26.49910713155169, -21.958270187533223, -13.345525231527937, -1.666733193520082, 10.515483663147013, 20.52138574014734, 27.096193712997064, 30.436170626472627, 31.228642443736618, 30.081088572859308, 27.540913584954634, 24.16786653874453, 20.464343334293975, 16.829332254428564, 13.578471237802452, 10.921290261027577, 8.896978602241449, 7.374392536110626, 6.139623991390426, 4.983631827766192, 3.713476833733037, 2.1099528170859596, -0.07718360846592187, -3.037944418466904, -6.754421180913083, -10.904770540397001, -14.906765864746639, -18.09926408036553, -19.966075094275855, -20.27463596749428, -19.064498546915296, -16.536265051318434, -12.955831326513772, -8.64069216507806, -3.9945829206048002, 0.4888532021011632, 4.291035444482648, 6.965485809216218, 8.202382059042268, 7.849004290205885, 5.931013094400424, 2.676821445900856, -1.516960699234965, -6.177195281701258, -10.793977773827134, -14.752650424565292, -17.25131728692417, -17.317944109346197, -14.060872812831803, -7.338170115698337, 1.473410635909664, 9.558319945083023, 13.986027353363554, 13.30684639317236, 8.081824357178485, 0.2606218430038595, -7.663085320676619, -13.383105749122223, -15.571050453917042, -14.345544259456469, -11.00343906897168
-7.786530815987641, -5.102884905675574, -3.5026461475608217, -2.188964701043566, -0.4846244455797233, 1.6599186415259746, 3.8229267540878964, 5.5331565922727455, 6.548795640290277, 6.862550502716969, 6.551158758051769, 5.6552493524330245, 4.181879971208123, 2.1978626056865243, -0.07848921244496371, -2.279818041839707, -4.02945915708128, -5.142769206837207, -5.713696534793772, -5.983967279168542, -6.1013430992383935, -5.9899792047169305, -5.444563978533407, -4.342103716284955, -2.7787561759971244, -1.0458312187537169, 0.49177602381908414, 1.505474382597894, 1.7597568026589316, 1.1467240176040863, -0.29390981975395813, -2.4218213061018763, -5.131869192782529, -8.478692214746806, -12.606648204286628, -17.416173726270817, -22.237097305984918, -25.929008247285214, -27.318282965794225, -25.41740182276718, -19.469546438848166, -9.479010598308212, 3.023979866469852, 15.264002664003895, 24.783319206065897, 30.66510909787611, 33.25942712910809, 33.31560225867577, 31.58618659395423, 28.783527917677745, 25.47298994073495, 21.96344368099914, 18.410095623136804, 15.014243308441866, 12.046168363072919, 9.690026717422233, 7.932512557400617, 6.6045329036909175, 5.491790076452942, 4.392174292834094, 3.093651379394223, 1.346818467290325, -1.0841342575644464, -4.2886159192707725, -8.080259072071467, -11.975023242143568, -15.319478105164874, -17.516015900351817, -18.221940394724204, -17.41083902498958, -15.28576273810126, -12.144295556235825, -8.30794595100677, -4.136266405032892, -0.058127643965716465, 3.444835602502518, 5.904524005579395, 6.94835575310187, 6.379639110575571, 4.242641718668028, 0.8201969210300529, -3.4695330070882098, -8.183259406704627, -12.81197024435643, -16.613190352871857, -18.57256112208431, -17.6271108364883, -13.050416451030063, -5.04939209500707, 4.614534673178317, 12.881228934246419, 16.907770974897655, 15.59218922039285, 9.73989584637886, 1.2904512597389404, -7.298844209860081, -13.587254762881038, -16.061160686640115, -14.841771818113417, -11.427425418370845
-8.165420114604773, -5.486798804065204, -3.8938226629190735, -2.542919047599206, -0.7776144376200455, 1.401005856122777, 3.5488005753181104, 5.210075250019357, 6.161796569316523, 6.409228477518769, 6.0669967532008116, 5.241218665308352, 3.9640564189017184, 2.215459950302644, 0.04420577233863848, -2.2967841531169086, -4.373543094525213, -5.8061590804361005, -6.504993573546732, -6.6603105793325215, -6.510176948679269, -6.132872648745525, -5.437365378246771, -4.308896822599159, -2.76349547008178, -1.0162421943387951, 0.5497090788503387, 1.491390441163008, 1.4680068401545103, 0.40353033053286025, -1.4626369660899197, -3.7312970098347193, -6.1571222156204115, -8.902845484122846, -12.445883014381755, -17.015186230017537, -21.94773755278701, -25.7238651239395, -26.730723468749733, -23.849515901523922, -16.588529962998702, -5.454723173441909, 7.575648381854551, 19.626041980146578, 28.47574580870631, 33.46784018337211, 35.084514930591205, 34.22624377911915, 31.89358964850579, 28.99735582188715, 26.071505744392365, 23.148227977578852, 20.034339103540933, 16.730096888977883, 13.534679608852132, 10.804367982412797, 8.703131444695936, 7.162676683402611, 5.991486469060603, 4.97735704758939, 3.905448465992208, 2.5306717404746166, 0.593624953417365, -2.0778283660439074, -5.4299400969401495, -9.106772710440046, -12.510194065761771, -14.991759369114089, -16.08569838157139, -15.652531877740557, -13.857511182288038, -11.031453616820473, -7.541478895153881, -3.7555489190112046, -0.07467857834506134, 3.049025265851276, 5.157469895475413, 5.88578307479284, 5.071788185839077, 2.8114186651931394, -0.5993895767762147, -4.812627969111024, -9.505580477223054, -14.215060158067963, -18.03249754464452, -19.60515717861145, -17.661519619383153, -11.659675921640567, -2.2856145675581514, 8.236981549456413, 16.65594073733716, 20.301597232738757, 18.41164077384319, 11.965201320050301, 2.8540144824513054, -6.512081201939832, -13.546669325946898, -16.485832086998943, -15.368919143797514, -11.8682668053207
-8.462150986505621, -5.803837508695654, -4.253213543061187, -2.9050589791097448, -1.0712707751290556, 1.2172385823601655, 3.44919191668499, 5.101784914971655, 5.90832150915477, 5.891572048995015, 5.279940700957471, 4.352743725629229, 3.252545164740212, 1.887096390306825, 0.05926447456464777, -2.220054477961667, -4.549541434897425, -6.35133169405634, -7.285536906345109, -7.422758836024479, -7.056061431153911, -6.411729976856932, -5.513153968612002, -4.245764776057563, -2.548130714171069, -0.6104076070013724, 1.0653863870396678, 1.8333644754609315, 1.2396913038835795, -0.6784283958905839, -3.3563208006755434, -6.012299444960737, -8.171926349567471, -10.08542507916617, -12.641599330620167, -16.561518219557293, -21.335857096414152, -25.08613745775652, -25.694148072785865, -21.884754428071798, -13.469506682925699, -1.4580729383571431, 11.813749691780956, 23.451147850827596, 31.452617839742103, 35.35883802783602, 35.79281987639628, 33.8744560441968, 30.900523385733887, 27.99229356482907, 25.65475247036503, 23.63030612353706, 21.32048876408233, 18.43244386836481, 15.216771700672666, 12.178640506364424, 9.690566158596843, 7.841923013167544, 6.51121295264729, 5.4942403921716085, 4.569261242298674, 3.492559672128897, 1.9960892591597148, -0.14756757889236882, -3.0005069622492155, -6.350626462353195, -9.703534471940282, -12.41232420919154, -13.90382802358273, -13.887698533761661, -12.428353656505326, -9.852914844202772, -6.591263280565119, -3.0738789109295075, 0.27742350982817865, 3.0325807945646805, 4.785552371344662, 5.242311296956737, 4.307637308803457, 2.1012968185787284, -1.1296878633861083, -5.15203032253359, -9.777495288119544, -14.606988993686308, -18.589383131637714, -19.98624028804699, -17.196907078118375, -9.817570948680778, 0.8976244758076305, 12.186817506079842, 20.64558682396308, 23.837456922406805, 21.347419652698875, 14.349577067019155, 4.704831628676511, -5.3078070176593, -13.073166387484376, -16.585861437481984, -15.70860230036069, -12.202216492966711
-8.625917114069198, -6.102459408731824, -4.657282071456186, -3.3173114224603406, -1.337622823299344, 1.2045412469705146, 3.649447045358786, 5.307021095810764, 5.816269608642105, 5.248750311228702, 4.040114773161458, 2.759876858676399, 1.7666511260663607, 0.9448754824477369, -0.20568803550771636, -2.0732177991930323, -4.449570201291164, -6.617867069037414, -7.932750066252136, -8.236243667691589, -7.778028493804974, -6.8805399407522865, -5.675766267411695, -4.068858180131707, -1.9655483156312712, 0.38000640534629815, 2.234399682282152, 2.684491955321042, 1.1899666293672992, -2.0137595192951525, -5.937242150721922, -9.308118844540477, -11.316331193694454, -12.240362876498978, -13.420575784387692, -16.224095773742587, -20.485017794743335, -24.054178415968202, -24.270233077501977, -19.64584380041633, -10.282819958647634, 2.3352417510210612, 15.593700054907856, 26.633622600197544, 33.64348495086798, 36.32314216614228, 35.45482213232873, 32.407321905353385, 28.76556876794355, 25.846126760626344, 24.151461053442098, 23.188381624154264, 21.967740534019995, 19.84037382936312, 16.904643063809374, 13.737210667476456, 10.903642919571128, 8.689211476834913, 7.099547376299522, 5.979123573389341, 5.111062119754085, 4.250562195154887, 3.1274827554304014, 1.4829689640536787, -0.8346155213368798, -3.7546844080447768, -6.924568282085424, -9.764518844092914, -11.645482533045895, -12.122010774397374, -11.09609208038248, -8.818144474772327, -5.749110961639612, -2.4025964111370794, 0.7410003035893081, 3.2589789375600926, 4.80839818461179, 5.1656926197451485, 4.260727301732191, 2.1786936254407467, -0.8940401755476379, -4.7720746632596915, -9.304628367023401, -14.140776816204681, -18.20824995063517, -19.507887812173813, -16.069023072366317, -7.505939660082264, 4.377165453884969, 16.23870894509453, 24.539426513616842, 27.11910466284994, 23.9636424116415, 16.534913835353848, 6.681560792596219, -3.6054893453381336, -11.890607620846522, -16.000050676996583, -15.54045020205133, -12.236701661879152
-8.630995265624128, -6.434550753914173, -5.166553144084112, -3.7749558638416176, -1.475940045623065, 1.5323056571804738, 4.3281398285837485, 5.968049455294943, 5.9866270542782765, 4.553533051773831, 2.378660405728461, 0.4057353482248774, -0.6717731685484472, -0.8780433807415138, -1.0022288721752217, -1.9753932674151993, -4.010773965035477, -6.411658204476595, -8.232376178215846, -8.960958266667832, -8.630353139356094, -7.533178958054377, -5.882827113932177, -3.658687502960146, -0.8332190902184062, 2.155538594073775, 4.249889317018628, 4.258949616933668, 1.6098934462556163, -3.2192825215295646, -8.788581955725988, -13.264749296786153, -15.375725271171543, -15.318147061624403, -14.86610682239153, -16.139997731432263, -19.511301020258678, -22.711903863718945, -22.55470690379258, -17.273322020841952, -7.196617365036029, 5.772997069781716, 18.80908425971106, 29.11949669772154, 35.0567545498224, 36.463471419687515, 34.297077914416995, 30.167075068824364, 25.889005895458205, 22.921012621032002, 21.78345121365173, 21.84663319335726, 21.82758579307179, 20.726131204700902, 18.397193468761937, 15.371785822289812, 12.334686301690994, 9.761774753343099, 7.831305974753455, 6.492698251316272, 5.568688021732758, 4.822691034761278, 3.9858313105708243, 2.784515927498768, 1.006947245092802, -1.3975082213130114, -4.233859012773778, -7.0508424548850135, -9.243788431153293, -10.258429599532759, -9.808364407882587, -7.983719639575897, -5.1921944498406205, -1.991939712706867, 1.0693697119846033, 3.542582452749462, 5.095385710463058, 5.497992799453938, 4.628043594315039, 2.515261011144546, -0.6443460129452909, -4.572183512397863, -9.000652813781786, -13.563905454985832, -17.318508661805577, -18.298453103453895, -14.295895320885073, -4.812648982369491, 7.954431913203094, 20.123150819811254, 28.026110675072246, 29.812072236782285, 25.946171176192728, 18.277784975756894, 8.641734747997486, -1.4272750313178375, -9.897550964808362, -14.539419702281203, -14.66470876628985, -11.842863256516898
-8.508358285659346, -6.830009472377448, -5.773693661908, -4.1824369595418975, -1.298674801991177, 2.428468723836821, 5.703851633091593, 7.306070342198797, 6.709377333198349, 4.207252526756605, 0.7569406384907339, -2.322951182827896, -3.8828837049128744, -3.645787905323866, -2.5465457498184745, -2.1250491987088966, -3.2745992970810818, -5.591318529581853, -7.944270719878301, -9.374556859925622, -9.468451813845979, -8.277472514633608, -6.032999962684353, -2.8767248212373233, 0.9987265254100759, 4.842254792566697, 7.232592494361528, 6.7580266962181605, 2.8762787428742635, -3.7159112781626513, -11.198495038607968, -17.166083304596263, -19.756330479421035, -18.932790040759226, -16.822866703594002, -16.330108261486114, -18.510336284585303, -21.162259988964415, -20.659002575873828, -14.90581987883692, -4.359943198064436, 8.735166196339529, 21.3929465742962, 30.90149383045072, 35.76086196030461, 35.95574790355909, 32.625768681214694, 27.582853744016187, 22.780942724427074, 19.730515955620223, 18.963379955631677, 19.82269382585821, 20.892459359386866, 20.914237941998902, 19.463229214726603, 16.902501945765067, 13.911795605583565, 11.090933682446586, 8.795824240681593, 7.131353461169196, 6.013839679202793, 5.246010390445334, 4.5718617166080815, 3.7155761888186705, 2.4320773886621025, 0.5827601784379363, -1.7820242686759988, -4.373923924201062, -6.696157564863384, -8.178041714446868, -8.384066247915563, -7.197730362165846, -4.8711037479413966, -1.915278344460717, 1.0847670435500627, 3.6117852851488816, 5.253750483848089, 5.684385117678272, 4.6991057952296105, 2.3228422333429526, -1.1583042713328882, -5.309053462829763, -9.659483547268843, -13.704246343576104, -16.634519966809968, -16.811938172220824, -12.11983373416972, -1.9389672588703624, 11.382300566688047, 23.573674947258013, 30.863859228316755, 31.72526713189235, 27.154872862201785, 19.44662852637027, 10.418282304993888, 1.0361502591988148, -7.261263205362426, -12.316557002010601, -13.140652598307843, -11.053378351180774
-8.321375520689513, -7.254900024666196, -6.3585649768345, -4.339062519941497, -0.5641677164332725, 4.117809672134532, 7.9792789224379135, 9.583371601164995, 8.418367261103635, 4.864974950415493, -0.012904087492802923, -4.624193084810892, -7.274857980000192, -7.104848166939771, -4.902644115199232, -2.739830649409274, -2.4036281293920294, -4.134095623112484, -6.864854118888363, -9.192887922836103, -10.028082778907281, -8.90368162530217, -5.957620022612492, -1.5961305879280923, 3.5810112296677303, 8.396007670760289, 11.093261078008013, 10.158979461814532, 5.153855508685916, -3.0753851401319894, -12.48773647163448, -20.189773520040305, -23.650406284488103, -22.44076632808017, -18.905075544681438, -16.663041441329437, -17.51025632559509, -19.49060591624808, -18.685277012944503, -12.66092322029303, -1.8900780071814414, 11.137494863360795, 23.3141198531783, 32.00932668159103, 35.86354880149627, 35.008511978045995, 30.75495178895289, 25.055869086146313, 19.901462047823458, 16.755094904003183, 16.126648085397346, 17.416528841482005, 19.254039228291248, 20.285118244975152, 19.84943229824485, 18.060256493638544, 15.451734832046474, 12.624835587250024, 10.055894263076437, 8.018444353272955, 6.574258412935334, 5.616153512699977, 4.931551451637106, 4.260433224442239, 3.3483103721796437, 2.00638634858475, 0.17884971307576214, -2.0003549407392205, -4.191809322021677, -5.910716219904521, -6.675622637451771, -6.200489308407818, -4.5299071052782125, -2.0331240398344868, 0.7308744901435555, 3.172149468110387, 4.760388934454466, 5.074061540534653, 3.8993065727641985, 1.32647429677499, -2.322384336902164, -6.628330152840672, -11.009421794935077, -14.646943535154893, -16.587174901597688, -15.555082794079725, -9.914235847619967, 0.8541258047546696, 14.425718750309203, 26.3814667534764, 32.91684645144598, 32.81696170776174, 27.597480293344134, 19.996531884934818, 11.83852386620652, 3.501173176910129, -4.310950660100169, -9.653260943181113, -11.236797767474986, -10.041088478434142
-8.099150738280844, -7.57407447665564, -6.681214712280613, -3.9813517853229023, 0.9330736640119011, 6.706041096026169, 11.196840558645382, 12.870068522639182, 11.295910936472422, 6.8801369116490925, 0.6231077712747263, -5.795780199440322, -10.16533880289706, -10.802661848693669, -7.966210843683744, -4.005592572093482, -1.6711715758677808, -2.1822793842796706, -4.895451057299767, -8.115062231633726, -9.934050435994353, -9.082373963211174, -5.440309247096621, 0.24813141774400663, 6.79683488408207, 12.52235109126856, 15.425007334024448, 14.056868875235526, 8.185421850648886, -1.257186609620656, -12.2438003358251, -21.622139052853736, -26.22556315189642, -25.09312544774668, -20.59150637678972, -16.883003025505953, -16.45049252764157, -17.728113330703522, -16.69747835397047, -10.619099264295269, 0.13266165508722316, 12.928230751997926, 24.569006394827067, 32.49847127653642, 35.494241571201215, 33.829457686573534, 28.94476898314491, 22.861120085679094, 17.527487613340963, 14.287624999729777, 13.582843971119342, 14.904084686608925, 17.065328800774438, 18.800442461103717, 19.332301295815668, 18.519803883505084, 16.646111087442492, 14.17051267086325, 11.574136188111009, 9.249985478257262, 7.420978374492121, 6.118223299524261, 5.219329772472225, 4.512368413092025, 3.759919761151964, 2.7587540486328557, 1.396309391393932, -0.30107666336227157, -2.1412264313747165, -3.7815299341014357, -4.809160630484255, -4.885190394604399, -3.9012373532144515, -2.061895981671501, 0.16134762165698802, 2.174132923764816, 3.4240314569530725, 3.5455893134921017, 2.458630189240307, 0.2999947182899755, -2.8391735275922936, -6.945123404570275, -11.556632630258429, -15.391265972578593, -16.869008114033647, -14.72745846371961, -8.002394907107332, 3.3282639180227784, 16.924540151347585, 28.44272677965902, 34.16705346523127, 33.1644647748773, 27.379020914429137, 19.942591054909077, 12.753012198840466, 5.682106295595327, -1.3881870578541948, -6.8955005410531935, -9.260899242384701, -9.003001088721383
-7.806485400524407, -7.578914275190894, -6.4533639560735825, -2.8914377453471842, 3.2340368344583794, 10.042343136619717, 15.0587257826067, 16.758176082749266, 14.853905546883498, 9.790903631551924, 2.4247145370715897, -5.7160817968167725, -12.137563623861093, -14.279196679799451, -11.5051980345927, -6.03746497777002, -1.4385593373904673, -0.10265543397662852, -2.1855897907196096, -5.996898799105991, -8.847971709720479, -8.472600776210893, -4.301335846983458, 2.5938861569473075, 10.332338785935704, 16.70000140924648, 19.580738499641676, 17.777998103049654, 11.400277307541476, 1.442173425970351, -10.353919219036674, -20.963186750933964, -26.776336683940194, -26.202522719543765, -21.36878620770385, -16.69644845046555, -15.207644217162978, -15.838312856569226, -14.696188499536659, -8.807009323428986, 1.6656016866040921, 14.074907538250244, 25.160265147184756, 32.42366662127896, 34.76793980667032, 32.570825922314725, 27.32701751011723, 21.06395017862538, 15.670594435992978, 12.35229249307189, 11.434644570345414, 12.470320109187846, 14.515861866934173, 16.539052972623747, 17.80190946053041, 17.989540203674824, 17.109488665105363, 15.373044103059549, 13.130468032059897, 10.78630009386396, 8.677919698553012, 6.985229918609089, 5.715382133682092, 4.745707926971213, 3.889216159349654, 2.9606924241686485, 1.834439510915955, 0.487853083454315, -0.9756394023430884, -2.332470903151629, -3.285074491641293, -3.556574815226012, -3.0186773449907633, -1.7966594355927155, -0.27258266653470065, 1.0561756134818225, 1.8095957838828374, 1.898410748763103, 1.4673731782616573, 0.540784909642059, -1.3523608404094056, -4.898256617692035, -9.918711864543145, -14.676526929258, -16.666632219405955, -14.110511163755056, -6.5186173403203425, 5.324996907862659, 18.813256388724465, 29.77186543261115, 34.70873430209199, 32.92951602574175, 26.656068445279775, 19.335225298911908, 13.045775233587507, 7.3304057266798655, 1.2277013435107331, -4.289718526457239, -7.416141931332812, -8.059156128282035
-7.412389744607238, -7.124298708970684, -5.499927829327574, -1.0410519598868757, 6.111747245091571, 13.659012323378425, 18.904893767858226, 20.400067124820172, 18.07359770264597, 12.547275407412757, 4.580119855071895, -4.710095258524358, -12.997111476861258, -17.052727162303196, -15.11085718517591, -8.785995941951537, -2.0791528041747758, 1.476473550144341, 0.6660592108421134, -3.1701811751026443, -6.796372341641507, -6.972086732653675, -2.5465144956791614, 5.196362920355774, 13.71615463371171, 20.32328757033201, 22.90901446732585, 20.66216792430012, 14.152869764351658, 4.488362670765153, -7.074148182464237, -18.1073629816974, -24.941514424282925, -25.352942243675354, -20.916843903023867, -15.92796294627122, -13.71816777477977, -13.796123684063893, -12.64685786409456, -7.191708538537557, 2.711051836358145, 14.55131117191405, 25.06253304135076, 31.789261139929298, 33.71860885537721, 31.247094061745464, 25.829111831376547, 19.48038475751354, 14.080401621067502, 10.726162248919515, 9.584529995747198, 10.190318639203111, 11.810464990488663, 13.713063232078925, 15.337952405050437, 16.332200121816598, 16.497148741794657, 15.775395567893145, 14.290586065001255, 12.333650588910798, 10.254159321260671, 8.330736673966996, 6.6991216156012445, 5.352000558298377, 4.184498747289741, 3.057446132349633, 1.8602854623203184, 0.5616471936312606, -0.7621786397784543, -1.9307931104691196, -2.705499472478156, -2.8798958072015335, -2.394373719707631, -1.4199378687755169, -0.32987751546183064, 0.4983930019876967, 0.9654075220697468, 1.3358853945167444, 1.8991059883354169, 2.371246400131101, 1.6545387794986328, -1.441539536436908, -6.857268126855053, -12.624407701951293, -15.630791029914567, -13.391620853627764, -5.4169774095557495, 6.777096241313414, 20.083330101708846, 30.4497670755142, 34.689425302936634, 32.28210790828303, 25.561255966023165, 18.217213964880678, 12.629497238548057, 8.240122832310448, 3.3149567301051035, -1.9759063723574537, -5.7713337810064065, -7.2467677217015485
-6.979881898689145, -6.291388057643349, -3.929357194746449, 1.3117231418925948, 9.075800922579845, 16.87070578135142, 21.92733164236298, 22.897594538536424, 19.991247401109966, 14.195853534170519, 6.312629911572294, -3.142263812187827, -12.550666077617226, -18.492787056459427, -18.075663857494582, -11.872839162678073, -3.793431076101303, 1.7869843553880285, 2.5835468347750727, -0.6374572651286079, -4.450542336740515, -4.957612246795236, -0.4895374246891725, 7.628948205627182, 16.413672227263564, 22.854330683793744, 24.927370577272878, 22.227861443262157, 15.850431876819519, 7.148806033202054, -3.12176146700515, -13.538330601137089, -20.919936263085916, -22.587721646335805, -19.279293047835765, -14.706648491041577, -12.193641224534703, -11.80397947805343, -10.641530537207014, -5.755973763985051, 3.304100510127619, 14.339416426174857, 24.20913412323559, 30.510535511652694, 32.23022266287523, 29.65536040886211, 24.13401629698659, 17.715328440725546, 12.351033800278751, 9.063509417147415, 7.82092039948398, 8.048094746815709, 9.134535271431348, 10.62902140777557, 12.222217194920537, 13.655722426976666, 14.655793990481962, 14.972031429393981, 14.493894994942945, 13.318091601751167, 11.694839676806874, 9.905288943188648, 8.15838503629874, 6.547259172305312, 5.05874527281596, 3.6156589972761006, 2.134052328884026, 0.5824267790223648, -0.9686516730963706, -2.3250885655752835, -3.2065144540356205, -3.3634081626156527, -2.7398003643062863, -1.576315419992172, -0.3304471222395497, 0.6218466663585352, 1.3135109891010797, 2.142875073959562, 3.295060343587649, 4.123038410490627, 3.284389717593935, -0.1780563548056319, -5.777043914526112, -11.566800972834695, -14.745923700187838, -12.696952063374074, -4.633562165080455, 7.675342366041505, 20.714653528165616, 30.508448568222974, 34.15965457078966, 31.229318120155064, 24.058325839345077, 16.547628199502295, 11.436065754336024, 8.257590730595822, 4.680962564346581, -0.05242090484956029, -4.312579385888327, -6.559606854659803
-6.58615283861434, -5.353233710678258, -2.133033189117657, 3.6772238133936095, 11.517204080412235, 18.973742900553, 23.395364598666024, 23.566016109681065, 20.008251815802314, 14.192179840220387, 7.104144141538015, -1.3575207587731013, -10.685265909064592, -17.92398383191451, -19.420602514452096, -14.488689512855736, -6.3591331929638075, 0.3038813261751854, 2.46013536850737, 0.3118041185357516, -2.89839133749719, -3.1813379701521387, 1.33108023952336, 9.399437711025156, 17.938182049601124, 23.856092987420666, 25.25804095151221, 22.09020682226792, 15.96422057482205, 8.612400197858808, 0.4471368879276471, -8.28651767954605, -15.465191095234132, -18.37043049148927, -16.787269077712466, -13.397554397915822, -11.104507658013144, -10.361304465911296, -9.043006459982669, -4.643102707359784, 3.4408936217414308, 13.438535775882235, 22.530463930526004, 28.417355421825615, 29.98435027764545, 27.317696926739156, 21.692124304957886, 15.269721631235086, 10.089879027254124, 7.067478847593673, 5.938333112095721, 5.970972934464198, 6.600416598798476, 7.582973649210622, 8.847790751924872, 10.301437961874253, 11.722406057467422, 12.799258118240461, 13.270909506382981, 13.046640652713311, 12.216923687355926, 10.973868077358722, 9.514348837337069, 7.974863433751839, 6.408049637742363, 4.793201190134613, 3.071398419427668, 1.1996000852600939, -0.7800589682814218, -2.67336625580269, -4.1224983626884795, -4.719521800679776, -4.241886425016579, -2.8595322775171903, -1.0962566756269316, 0.5160545975990011, 1.810023522106831, 2.9045358042285137, 3.6190954878422, 3.0898118493647817, 0.33065109689006394, -4.571256782029462, -10.093423420975906, -14.360710159613651, -15.773426839584829, -12.669051907175785, -4.236543929921214, 8.013076968864677, 20.627073503987777, 29.80718556827369, 32.86509315429038, 29.392876318779216, 21.790311670683334, 14.144457935016574, 9.428489696808665, 7.317954658074509, 5.160609688800282, 1.3584161467544582, -2.9986867876487038, -5.914580114995332
-6.0563706623438, -4.437816425127834, -0.5184120726206439, 5.519141442834966, 12.83904447637469, 19.29877014838773, 22.59858678428185, 21.786975106379796, 17.71702867153037, 12.262623503735647, 6.590332639688096, 0.14573454836130179, -7.6968322370511935, -15.036039573393142, -18.212909560396014, -15.476991390887147, -8.886098130876627, -2.6199523241969485, 0.13639896338651197, -0.7975760362635598, -2.707104260150175, -2.1450295997082556, 2.5119795137136407, 10.135089383668037, 17.86746061845358, 22.822310859362183, 23.34988167939724, 19.743345558304956, 14.01971505360626, 8.215640459634232, 2.5748372190959627, -3.6511153752398893, -9.681099499513811, -13.316477463754328, -13.615135529636484, -11.98122320961809, -10.475342306493758, -9.634275961469255, -8.080535877558193, -3.9958285754960605, 3.118596041883372, 11.893609040511707, 19.959860929204385, 25.185955984594163, 26.357214573972836, 23.45347074705527, 17.818180116201514, 11.71279035955914, 7.092626636404178, 4.629737175631882, 3.8298776507014107, 3.8612529387904395, 4.1999033174467035, 4.73332831018815, 5.549490997783548, 6.701965766570486, 8.083859826447304, 9.441016937051616, 10.48767535782893, 11.03129567007976, 11.024509868885929, 10.536135573106172, 9.6865918604198, 8.58920516258, 7.313192797417308, 5.869225347060846, 4.216360890536588, 2.294000543531537, 0.08847839123233599, -2.2675952301267728, -4.415034423857712, -5.816413194116481, -6.002750530542662, -4.898249400925486, -2.936140518052822, -0.8060667752857055, 0.9200588804892181, 1.8161161019713195, 1.2605507081580256, -1.6062347330170508, -7.071829934713389, -13.766649984771405, -18.992718296171585, -20.825000786038604, -19.025828807717335, -13.561835094217841, -4.212423339306532, 7.855394814120769, 19.705628913958385, 27.922728341468833, 30.052171469975214, 25.899861132998552, 18.110469676722133, 10.771586291265823, 6.673408270988041, 5.502943729453617, 4.650288920212991, 2.0715274298320403, -1.8290925818385737, -5.085466363314554
-4.97579990428136, -3.3519863509866936, 0.6319456660733992, 6.177081206563594, 12.17396687226991, 16.866628459738312, 18.585069483319607, 16.876206277809473, 12.851733078446205, 8.40265473768265, 4.607792483928386, 0.7286031787749172, -4.5106777436836385, -10.408012882498102, -14.168910641011228, -13.685924151742299, -9.718162354119725, -5.2018838542040635, -2.7425048261486555, -2.6850802225554173, -3.124336876378557, -1.616852292246427, 2.897052919640156, 9.388066521766413, 15.481771939702025, 18.83950812802316, 18.33129571706335, 14.62537351168173, 9.79841704497867, 5.755381701307065, 2.6091108902502165, -0.8470026177965765, -4.887088013434986, -8.21323135886729, -9.715647322953625, -9.720160790296884, -9.264920246103703, -8.67166654087209, -7.117163204415185, -3.4881769700607466, 2.4503513648396247, 9.60435680849969, 16.060073020204158, 19.979619933174924, 20.296963892130435, 17.165262709645386, 12.039350270041732, 6.985852921881125, 3.5079023056730607, 1.8916017593382346, 1.5203267634038287, 1.6343234969509954, 1.8237659091908631, 2.056737289861682, 2.474897700138322, 3.1958077113484875, 4.208382863620011, 5.367046378941664, 6.460611933053772, 7.303024137212266, 7.78981302029685, 7.901824168637894, 7.675930618672672, 7.168731358166884, 6.4263146079214195, 5.463151465383351, 4.251589768027562, 2.7286422536373984, 0.8365588397060614, -1.3872569956970895, -3.696286414324831, -5.599230045864429, -6.524089339396, -6.154089512366591, -4.684852523388303, -2.7620559561455615, -1.195779129141961, -0.8013064635569401, -2.4378477966320298, -6.82076159541587, -13.739073373251742, -21.173638441157525, -25.88536667376022, -25.852981877457548, -21.49950695077267, -14.001681091802048, -4.025704836106034, 7.2493302764677425, 17.43559259327865, 23.739731145577572, 24.331464608407273, 19.64433068765207, 12.521423336703922, 6.467596746465106, 3.473499832202726, 3.0844136416021657, 3.162502103158258, 1.8439246985331803, -0.9882738701653481, -3.890722663177598
-3.4472489730619533, -2.2650542723556564, 0.6570225341006689, 4.457340468540539, 8.115972599802612, 10.489167936370732, 10.741161108168539, 8.92490062769975, 6.026724077728076, 3.345174099141519, 1.5219540188188172, -0.04505148400534564, -2.473023358101705, -5.794844634647488, -8.542182373948123, -9.177798910473722, -7.643084464006889, -5.364113249376328, -3.855886322047914, -3.414545661914214, -3.0364748579557053, -1.424440391195867, 1.8797218456516, 6.075055745631856, 9.58481770530457, 11.007066648201093, 9.913106814700175, 7.08052210931486, 4.009618822543387, 1.8938811987077588, 0.7070780602516055, -0.5344111077159965, -2.4013760394292265, -4.406690237547719, -5.818263913438635, -6.485668881253573, -6.688313683414651, -6.472782616004404, -5.382778164385164, -2.86518416132559, 1.0918275101000947, 5.680948996062365, 9.575881043899674, 11.549470562509082, 11.034091232547757, 8.419131908733695, 4.899843520868974, 1.8180672304433836, -0.0628051362163583, -0.7771395618303383, -0.822124438657887, -0.6805544463786956, -0.5743983623116434, -0.49297888815778634, -0.32927520815730754, 0.009125715428521013, 0.5452262113942352, 1.2243430333459924, 1.9416414328761098, 2.5865677833305885, 3.077989180057036, 3.3757856174383036, 3.4735278957875164, 3.383681713785562, 3.122423363752562, 2.6960907207985034, 2.0899979804592226, 1.2633352164861336, 0.1618494974529967, -1.2339383433757176, -2.824675765527005, -4.326798610407429, -5.326687575618831, -5.4937921628294095, -4.823228088147297, -3.7034689931486002, -2.7755571446354894, -2.7603750060175893, -4.356178078437535, -8.044478900967224, -13.580931193466114, -19.386389207553876, -22.906319414084788, -22.405786713079156, -18.13868061615583, -11.35350676502641, -3.1472155286513743, 5.214224081515678, 11.935240508591555, 15.254971375409866, 14.437065898293104, 10.463861364983385, 5.604824545621847, 1.9720482865854767, 0.4372145366903286, 0.5165936935200144, 0.9286358821797971, 0.5383336334717221, -0.9069392024897651, -2.688369731464286
-2.4893550442105425, -2.0692582134956794, -1.0722290856596572, 0.1395531300272064, 1.1718856023364583, 1.677882150715227, 1.4828743749812063, 0.7086339519909113, -0.27394833009037456, -1.0582601672125715, -1.4773072738161859, -1.7630014545586197, -2.325535589404378, -3.2628523769402324, -4.178398585978193, -4.555934280047022, -4.269346091430101, -3.6766465206035464, -3.223906851025265, -3.014240645195693, -2.7644330205519685, -2.1174310788378152, -0.9948711376519422, 0.28836218694770416, 1.2157611397841233, 1.40011324178891, 0.815796177023868, -0.1989694818918826, -1.1499186241392139, -1.6939317576929476, -1.8827477120675231, -2.0722255400350886, -2.505667467025906, -3.090224053870478, -3.602176259778169, -3.937382313430644, -4.108328278315847, -4.083562295363982, -3.7149195844564837, -2.8565941551155403, -1.5591597052920572, -0.14185773861299042, 0.9368360577769548, 1.3084187029362895, 0.8741582771712676, -0.14234517131465171, -1.3077305483136206, -2.2190099411939137, -2.7026692970675565, -2.829656417366936, -2.780433270434178, -2.701749340207525, -2.650250783519342, -2.6144994632200227, -2.5586484942594234, -2.452378537930308, -2.2844681870926395, -2.0658208001692446, -1.823880684478418, -1.5913393130617768, -1.3955688646823199, -1.2536150733980926, -1.172598942576924, -1.1528284844124748, -1.1916423688130497, -1.2873688726185748, -1.4433179343336844, -1.6710208543407925, -1.9892613426405654, -2.4120954312595626, -2.9219037489146915, -3.4404148499313143, -3.832567850016339, -3.9697610367501714, -3.82233638087897, -3.505511209479876, -3.2436384297286596, -3.2994225891347497, -3.9195286324306213, -5.270808277832968, -7.2811999290905955, -9.400247974972359, -10.65760661787181, -10.311228841799544, -8.396802753147794, -5.486582236236137, -2.2203177252376736, 0.7640309612649676, 2.8257198986285093, 3.5174481590859155, 2.833719892348462, 1.3018325354805536, -0.28544940940505953, -1.336662504917085, -1.6950671482361026, -1.57015729285246, -1.349733046860516, -1.3680363065472638, -1.7312713657425063, -2.25883481287545
