-0.2122, -0.25, -0.2773, -0.314, -0.3184, -0.3877, -0.3564, -0.3237, -0.25, -0.25, -0.287, -0.3276, -0.3901, -0.3213, -0.3188, -0.25, -0.314, -0.3193, -0.3228, -0.3164, -0.3208, -0.2593, -0.25, -0.2468, -0.25, -0.2385, -0.1985, -0.238, -0.2275, -0.2195, -0.2336, -0.248, -0.2102, -0.206, -0.2009, -0.2, -0.2065, -0.2493, -0.25, -0.25, -0.3193, -0.3965, -0.3916, -0.3662, -0.3457, -0.317, -0.25, -0.2915, -0.25, -0.313, -0.2966, -0.2686, -0.25, -0.25, -0.2734, -0.3228, -0.3394, -0.3242, -0.4048, -0.3965, -0.4033, -0.4126, -0.3677, -0.3872, -0.3706, -0.391, -0.4185, -0.4082, -0.3613, -0.3477, -0.3604, -0.3901, -0.4092, -0.3906, -0.3804, -0.3677, -0.4292, -0.4055, -0.38, -0.4087, -0.3684, -0.359, -0.3555, -0.3535, -0.3726, -0.3975, -0.3442, -0.3354, -0.31, -0.25, -0.2861, -0.3086, -0.337, -0.3066, -0.25, -0.2488, -0.25, -0.25, -0.2817, -0.25
-0.1122, -0.1041, -0.125, -0.1414, -0.167, -0.2205, -0.2334, -0.1846, -0.1392, -0.1292, -0.1545, -0.1982, -0.25, -0.1973, -0.167, -0.125, -0.169, -0.1907, -0.1946, -0.188, -0.1772, -0.1628, -0.1626, -0.1677, -0.1531, -0.125, -0.1122, -0.1414, -0.1205, -0.1179, -0.1375, -0.1343, -0.1177, -0.125, -0.11304, -0.10645, -0.125, -0.144, -0.1565, -0.1494, -0.2083, -0.25, -0.2351, -0.2488, -0.207, -0.1941, -0.1655, -0.1597, -0.1418, -0.1995, -0.1875, -0.1643, -0.137, -0.1521, -0.166, -0.1697, -0.2178, -0.2373, -0.292, -0.2866, -0.2842, -0.2754, -0.2466, -0.2837, -0.275, -0.266, -0.2578, -0.25, -0.206, -0.2068, -0.2139, -0.2136, -0.25, -0.2412, -0.25, -0.2257, -0.2598, -0.25, -0.2412, -0.25, -0.1965, -0.2227, -0.221, -0.2229, -0.2268, -0.2307, -0.222, -0.217, -0.1892, -0.146, -0.1711, -0.2031, -0.2053, -0.1985, -0.1765, -0.1189, -0.1035, -0.125, -0.133, -0.125
-0.0742, -0.0635, -0.06665, -0.07446, -0.1006, -0.125, -0.114, -0.1017, -0.1051, -0.0923, -0.0897, -0.1582, -0.2, -0.125, -0.0951, -0.03125, -0.0908, -0.125, -0.09216, -0.1034, -0.1239, -0.1207, -0.10913, -0.1041, -0.09155, -0.07776, -0.0698, -0.0867, -0.0824, -0.06238, -0.06934, -0.05292, -0.0625, -0.0735, -0.0625, -0.0625, -0.0625, -0.0625, -0.10486, -0.0925, -0.125, -0.1216, -0.133, -0.1677, -0.125, -0.12354, -0.09033, -0.114, -0.0696, -0.125, -0.1146, -0.1078, -0.0676, -0.05212, -0.0985, -0.09534, -0.125, -0.1797, -0.2019, -0.1997, -0.1968, -0.1647, -0.168, -0.1963, -0.2156, -0.1753, -0.1589, -0.125, -0.125, -0.1267, -0.08923, -0.125, -0.167, -0.1736, -0.1692, -0.168, -0.1792, -0.1487, -0.1702, -0.1648, -0.1138, -0.1207, -0.125, -0.1299, -0.1631, -0.1367, -0.1384, -0.1458, -0.125, -0.09656, -0.0951, -0.10876, -0.11975, -0.1345, -0.125, -0.0925, -0.0625, -0.06116, -0.0625, -0.0674
-0.03125, -0.02112, -0.01797, -0.03845, -0.0836, -0.0923, -0.0885, -0.0625, -0.02945, -0.04608, -0.02765, -0.06665, -0.125, -0.05365, -0.0542, -0.01485, -0.03125, -0.0625, -0.05518, -0.0737, -0.1083, -0.09705, -0.0874, -0.0625, -0.03125, -0.04486, -0.05194, -0.05804, -0.04297, -0.0257, -0.01993, -0.03125, -0.0409, -0.0558, -0.0332, -0.02606, -0.02377, -0.02374, -0.04004, -0.0482, -0.1173, -0.10754, -0.0874, -0.0724, -0.05353, -0.0528, -0.042, -0.04364, -0.02258, -0.0382, -0.08264, -0.06006, -0.02893, -0.01822, -0.03412, -0.0625, -0.06232, -0.1056, -0.1279, -0.1401, -0.1392, -0.1172, -0.125, -0.1562, -0.1799, -0.1465, -0.12305, -0.08887, -0.0786, -0.0702, -0.02322, -0.07495, -0.1299, -0.1357, -0.1205, -0.125, -0.125, -0.1062, -0.10864, -0.1146, -0.0863, -0.05994, -0.03125, -0.06555, -0.0748, -0.0946, -0.1, -0.0962, -0.0873, -0.0625, -0.0625, -0.0625, -0.0786, -0.0928, -0.08545, -0.04822, -0.04193, -0.0504, -0.03232, -0.01134
0.01736, 0.02066, 0.02185, -0.03125, -0.0896, -0.0753, -0.0625, -0.05127, -0.03125, -0.00837, 0.03125, 0.0009284, -0.0517, -0.04547, -0.05984, -0.03125, -0.01563, -0.02333, -0.008514, -0.02719, -0.0775, -0.0625, -0.0545, -0.03125, 0.007812, -0.01549, -0.04236, -0.08606, -0.07947, -0.05032, -0.02979, -0.03125, -0.03766, -0.03278, -0.02841, -0.01563, 0.01135, 0.01239, 0.0167, -0.04266, -0.1068, -0.074, -0.04657, -0.05353, -0.0709, -0.0468, -0.04895, -0.04077, -0.0242, -0.007812, -0.01563, -0.02481, -0.01563, 0.01721, -0.007317, -0.03958, -0.0625, -0.083, -0.09937, -0.1085, -0.10876, -0.09546, -0.0901, -0.0884, -0.1083, -0.125, -0.0867, -0.0691, -0.0625, -0.05518, -0.04858, -0.09204, -0.1028, -0.09143, -0.0814, -0.08875, -0.0625, -0.0597, -0.05392, -0.088, -0.07935, -0.03125, 0.005127, 0.003906, -0.03787, -0.05743, -0.08374, -0.0919, -0.0906, -0.0792, -0.073, -0.04315, -0.0625, -0.0691, -0.06168, -0.0323, -0.0338, -0.0327, -0.02087, -0.006287
-0.002323, 0.02322, 0.04486, -0.0163, -0.0757, -0.0539, -0.04895, -0.0423, 0.010925, 0.0479, 0.07715, 0.01563, -0.05957, -0.03955, -0.04517, -0.06177, -0.01465, 0.01563, -0.001093, -0.003618, -0.03125, -0.03125, -0.02054, -0.0211, 0.01752, -0.010345, -0.0659, -0.125, -0.1122, -0.0807, -0.0625, -0.0479, -0.02301, -0.01917, -0.01563, 0.02075, 0.0625, 0.0685, 0.05676, -0.01907, -0.0702, -0.0625, -0.0398, -0.05905, -0.0792, -0.0757, -0.0625, -0.0322, -0.02988, -0.02414, -0.00481, 0.03125, 0.01563, -0.01872, -0.01602, -0.05585, -0.0719, -0.04962, -0.0506, -0.072, -0.0636, -0.05127, -0.03168, -0.03143, -0.0691, -0.0773, -0.0625, -0.0526, -0.05304, -0.0625, -0.04785, -0.0511, -0.0362, -0.0359, -0.0586, -0.05597, -0.04883, -0.04382, -0.03876, -0.0561, -0.0542, -0.02606, -0.003593, 0.01278, 0.03552, -0.00988, -0.05878, -0.07263, -0.0949, -0.0863, -0.0646, -0.0718, -0.0595, -0.0635, -0.08093, -0.03705, -0.01197, 0.05444, -0.01467, -0.02264
-0.01785, 0.0061, 0.03632, -0.009125, -0.03125, -0.02802, -0.013794, -0.03125, 0.03009, 0.04773, 0.0763, 0.001435, -0.0625, -0.04404, -0.02405, -0.01935, 0.05157, 0.03394, -0.00982, 0.03125, 0.007812, -0.0321, 0.006935, 0.03125, 0.01221, -0.06094, -0.1089, -0.1073, -0.1001, -0.05518, -0.02054, -0.02704, 0.01703, 0.03494, 0.03705, 0.0625, 0.07947, 0.0908, 0.06396, -0.01563, -0.03326, -0.02106, -0.01862, -0.03192, -0.00674, 0.01563, 0.01563, -0.004303, -0.02469, 0.007812, 0.03748, 0.093, 0.03314, -0.02742, -0.04794, -0.0384, -0.0625, -0.03125, -0.005096, 0.03049, -0.01588, -0.0432, -0.0227, 0.01018, -0.03125, -0.0719, -0.0465, -0.02826, -0.031, -0.02481, -0.02953, 0.007835, 0.02151, 0.013824, -0.01563, -0.01563, -0.01852, -0.03125, -0.02646, -0.03687, -0.02713, -0.01794, -0.011665, 0.02069, 0.0503, 0.03253, -0.0162, -0.01563, -0.03583, -0.05304, -0.05225, -0.0611, -0.04956, -0.0445, -0.0525, -0.0459, 0.007812, 0.0625, 0.01657, -0.01504
-0.0166, -0.003656, 0.01554, 0.02713, 0.02716, 0.03125, 0.01563, 0.01563, 0.01999, 0.03125, 0.03125, -0.0148, -0.03125, -0.03796, 0.01657, 0.0625, 0.08276, 0.06274, 0.0625, 0.03265, -0.02524, -0.03125, -0.007812, 0.02356, 0.00876, -0.1072, -0.0814, -0.06104, -0.03125, -0.01563, -0.01524, 0.03125, 0.06158, 0.08984, 0.08374, 0.0952, 0.1223, 0.07947, 0.03125, 0.014755, -0.00621, -0.01563, -0.03204, -0.04236, 0.00718, 0.0603, 0.04407, 0.0319, 0.0412, 0.0748, 0.07007, 0.0625, 0.05005, 0.03125, 0.04718, 0.003479, -0.01265, 0.00894, 0.03424, 0.05157, 0.00715, -0.05307, -0.03442, 0.001566, -0.0443, -0.09143, -0.0625, -0.04254, -0.03125, -0.00969, 0.02853, 0.0625, 0.099, 0.04083, -0.007812, 0.01352, 0.011765, -0.007263, 0.03125, 0.0167, 0.007812, 0.03162, 0.04834, 0.05518, 0.06335, 0.04425, 0.03125, 0.03503, 0.03125, 0.004837, -0.03125, -0.0625, -0.0625, -0.03125, -0.03973, -0.06116, -0.03125, 0.03125, 0.02106, -0.0169
-0.00966, 0.02182, 0.0625, 0.08594, 0.08765, 0.05798, 0.02316, 0.037, 0.01541, -0.02606, -0.007538, -0.004456, -0.00761, 0.03125, 0.03046, 0.0625, 0.074, 0.08374, 0.0719, 0.0329, -0.01712, 0.00943, 0.03125, 0.07654, 0.007812, -0.06232, -0.01269, -0.01563, 0.02673, 0.03882, 0.01563, 0.02892, 0.05914, 0.0729, 0.06335, 0.0928, 0.10034, 0.0245, -0.03278, -0.00585, 0.01563, -0.03552, -0.0979, -0.0802, -0.03528, 0.02664, 0.013054, 0.01883, 0.03925, 0.0625, 0.06616, 0.03613, 0.02557, 0.0175, 0.03125, 0.01791, 0.00894, 0.03021, 0.03125, 0.05054, -0.0015545, -0.04816, -0.02243, 0.004097, -0.03125, -0.07385, -0.05786, -0.03069, 0.003603, 0.02106, 0.0337, 0.06018, 0.1012, 0.04102, -0.02527, -0.01354, 0.013664, 0.01855, 0.0373, 0.04388, 0.0625, 0.03125, 0.01563, 0.010544, 0.05762, 0.07007, 0.05682, 0.07153, 0.05487, 0.01886, -0.02551, -0.0757, -0.08777, -0.0625, -0.06232, -0.0564, -0.03125, -0.00434, 0.004097, 0.007812
0.03186, 0.0724, 0.12317, 0.1511, 0.119, 0.06073, 0.04462, 0.0825, 0.03217, -0.01143, 0.01085, 0.02562, 0.03278, 0.03937, 0.0195, 0.03018, 0.0779, 0.103, 0.108, 0.06824, 0.01938, 0.05682, 0.0863, 0.08813, 0.0332, -0.004013, 0.03125, 0.0451, 0.05664, 0.0664, 0.03125, -0.01024, 0.01703, 0.03986, 0.03662, 0.0418, 0.0679, 0.03125, -0.02582, -0.01563, -0.03217, -0.0913, -0.1172, -0.09155, -0.04688, -0.005024, 0.01052, 0.001049, 0.01563, 0.03455, 0.0625, 0.03757, -0.01265, -0.01013, 0.00651, 0.02634, 0.03125, 0.04623, 0.04108, 0.08167, 0.03955, 0.0075, -0.01631, -0.01308, 0.007812, -0.01495, -0.01563, 0.000977, 0.01987, 0.02399, 0.01968, -0.007812, 0.02069, -0.006874, -0.0539, -0.02835, -0.03174, -0.01117, 0.01372, 0.0278, 0.0498, -0.005367, -0.04108, -0.005043, 0.03125, 0.0625, 0.0731, 0.08923, 0.0625, 0.03125, 0.010895, -0.04333, -0.0875, -0.0625, -0.0526, -0.03125, -0.01563, 0.007812, 0.02328, 0.03357
0.04736, 0.06104, 0.0669, 0.125, 0.0812, 0.0625, 0.0487, 0.0792, 0.03125, -0.03021, 0.001179, 0.03125, 0.02759, 0.02393, 0.009796, 0.0282, 0.0528, 0.08215, 0.1006, 0.05396, 0.01378, 0.05066, 0.0864, 0.1078, 0.067, 0.03125, 0.0467, 0.0625, 0.0779, 0.0802, 0.02466, -0.003412, 0.0345, 0.05316, 0.05792, 0.05017, 0.06665, 0.0346, -0.02496, 0.01575, -0.03125, -0.0968, -0.10547, -0.0625, -0.0393, 0.03125, 0.04156, 0.01474, 0.01563, 0.03125, 0.03125, 0.02312, 0.013435, 0.01439, 0.02145, 0.02383, 0.015594, 0.01965, 0.02097, 0.0407, 0.05118, 0.04456, 0.02115, 0.01828, 0.0147, 0.004295, 0.005234, 0.03943, 0.03125, 0.03125, 0.01982, -0.006905, 0.01611, -0.00534, -0.001986, -0.0214, -0.01563, 0.02496, 0.01727, 0.03577, 0.04965, 0.00859, -0.0011635, -0.00229, 0.03125, 0.06274, 0.0625, 0.0731, 0.0625, 0.03308, 0.03265, -0.04785, -0.0847, -0.04065, -0.0334, -0.02747, -0.0192, 0.005844, 0.01962, 0.0349
0.0625, 0.05298, 0.04535, 0.05115, 0.0473, 0.0625, 0.03125, 0.0297, -0.02032, -0.01987, 0.008286, 0.0348, 0.04425, 0.03204, 0.03644, 0.0625, 0.07666, 0.0748, 0.07605, 0.0479, 0.02664, 0.04596, 0.0762, 0.1008, 0.0551, 0.01877, 0.05145, 0.08203, 0.093, 0.0814, 0.0467, 0.03125, 0.0293, 0.0495, 0.0506, 0.0625, 0.07996, 0.03882, -0.03125, -0.03125, -0.03125, -0.04803, -0.0625, -0.02954, 0.0274, 0.0625, 0.07654, 0.01563, 0.00904, 0.02222, 0.01152, 0.02548, 0.06158, 0.03125, 0.007812, 0.01563, 0.01563, 0.01563, 0.01563, 0.02869, 0.0625, 0.05334, 0.04926, 0.03125, 0.04395, 0.02844, 0.0337, 0.05457, 0.05096, 0.057, 0.0161, 0.00699, 0.002874, 0.02078, 0.03125, 0.01712, 0.01563, 0.04535, 0.0539, 0.0382, 0.03125, 0.02734, 0.03125, 0.03125, 0.0685, 0.05603, 0.03983, 0.0606, 0.0558, 0.0506, 0.04785, -0.03955, -0.0625, -0.02075, 0.00499, 0.02194, 0.001953, 0.0081, 0.03125, 0.0423
0.07434, 0.05383, 0.0481, 0.0412, 0.0465, 0.07153, 0.03125, -0.011536, -0.007812, 0.01797, 0.03552, 0.03467, 0.04364, 0.03497, 0.0384, 0.0625, 0.0736, 0.0625, 0.03125, 0.03796, 0.02444, 0.0407, 0.0625, 0.08496, 0.03125, -0.0221, 0.003578, 0.02838, 0.0625, 0.09094, 0.0823, 0.02353, -0.007812, 0.03772, 0.06195, 0.0625, 0.07117, 0.0709, 0.004906, -0.0431, -0.03125, -0.0169, -0.0134, 0.01051, 0.04095, 0.07007, 0.0947, 0.03125, -0.02048, 0.007812, 0.0452, 0.06195, 0.10583, 0.04565, -0.01274, 0.007812, 0.02618, 0.04272, 0.05432, 0.0525, 0.0572, 0.0625, 0.05676, 0.05548, 0.05432, 0.0586, 0.05786, 0.06384, 0.0592, 0.0625, 0.04913, 0.01457, 0.0385, 0.065, 0.0625, 0.039, 0.01563, 0.03125, 0.0384, 0.03363, 0.03024, 0.01563, 0.03125, 0.02023, 0.05823, 0.01852, -0.00303, 0.01971, 0.03845, 0.0625, 0.02902, -0.003895, -0.01563, 0.00243, 0.00981, 0.0327, 0.03125, 0.03125, 0.04822, 0.0663
0.062, 0.0625, 0.05273, 0.0512, 0.0561, 0.0625, 0.02692, 0.00425, 0.01563, 0.0313, 0.04266, 0.05475, 0.05347, 0.03558, 0.05255, 0.0719, 0.0818, 0.0453, 0.01834, 0.0143, 0.01608, 0.04102, 0.0625, 0.0625, 0.0112, -0.02353, -0.007515, 0.02927, 0.04175, 0.0625, 0.0824, 0.02768, -0.00716, 0.04535, 0.0625, 0.044, 0.03125, 0.05243, -0.013626, -0.03308, 0.0003595, 0.001812, -0.000447, 0.03125, 0.0581, 0.07654, 0.09644, 0.04993, 0.0081, 0.02177, 0.0421, 0.0648, 0.1056, 0.0625, 0.01563, 0.02737, 0.03467, 0.0625, 0.0625, 0.06946, 0.0929, 0.0545, 0.03125, 0.05902, 0.0594, 0.0617, 0.0578, 0.0625, 0.0625, 0.0941, 0.06116, 0.03943, 0.04333, 0.03815, 0.05383, 0.02942, -0.00618, -0.01053, -0.002155, 0.01081, 0.01581, 0.012146, 0.003433, 0.002552, 0.02829, 0.03125, 0.007008, 0.01297, 0.03125, 0.03024, 0.03125, 0.0275, 0.01566, 0.01563, 0.02686, 0.03168, 0.03125, 0.02621, 0.03125, 0.04602
0.0625, 0.0625, 0.05255, 0.0534, 0.05255, 0.0625, 0.05444, 0.026, 0.02588, 0.0217, 0.03125, 0.04816, 0.05115, 0.05115, 0.06885, 0.08704, 0.08777, 0.0625, 0.04956, 0.021, 0.02676, 0.0625, 0.0687, 0.0625, 0.03754, -0.001214, 0.00596, 0.03467, 0.052, 0.0625, 0.0812, 0.04413, 0.03125, 0.0553, 0.07043, 0.03125, 0.01563, 0.03046, 0.007812, 0.01418, 0.01752, 0.01438, 0.007156, 0.01755, 0.03125, 0.05826, 0.0608, 0.02112, 0.01563, 0.03125, 0.05652, 0.0658, 0.1221, 0.084, 0.05438, 0.0548, 0.010376, 0.03125, 0.05298, 0.0625, 0.0875, 0.0758, 0.068, 0.0773, 0.0611, 0.07227, 0.0703, 0.0735, 0.07825, 0.09424, 0.05115, 0.04132, 0.04004, 0.03082, 0.03156, 0.001104, -0.02563, -0.03119, -0.01269, 0.02017, 0.037, 0.0348, 0.01797, 0.02399, 0.04706, 0.05426, 0.03912, 0.02689, 0.04547, 0.0537, 0.04205, 0.03595, 0.03564, 0.0559, 0.0625, 0.0625, 0.04987, 0.03192, 0.03125, 0.0473
0.05377, 0.0625, 0.0625, 0.067, 0.07556, 0.0741, 0.07983, 0.0572, 0.0307, 0.04498, 0.0423, 0.05078, 0.0592, 0.0625, 0.06836, 0.0907, 0.10535, 0.0846, 0.07104, 0.04266, 0.03125, 0.0625, 0.05566, 0.07043, 0.05328, 0.03125, 0.03125, 0.04596, 0.0625, 0.07263, 0.0637, 0.0591, 0.05402, 0.05072, 0.0625, 0.04572, 0.05402, 0.0528, 0.03998, 0.03125, 0.03125, 0.03986, 0.02817, 0.01341, 0.01457, 0.03125, 0.0382, 0.03125, 0.03125, 0.0479, 0.0625, 0.095, 0.1166, 0.099, 0.0802, 0.0349, -0.02588, 0.01904, 0.03632, 0.0665, 0.0912, 0.0824, 0.05762, 0.0625, 0.0625, 0.0874, 0.1056, 0.09656, 0.0852, 0.08435, 0.04803, 0.04077, 0.04797, 0.03043, 0.03125, 0.007595, -0.009, -0.01431, -0.01772, 0.01859, 0.02386, 0.03894, 0.03326, 0.0313, 0.0459, 0.05493, 0.0318, 0.03937, 0.0625, 0.0929, 0.08716, 0.0676, 0.074, 0.07263, 0.0625, 0.0625, 0.074, 0.0665, 0.0625, 0.05298
0.04565, 0.0625, 0.0802, 0.0836, 0.0808, 0.07874, 0.098, 0.0625, 0.03192, 0.04712, 0.05634, 0.0779, 0.0707, 0.0625, 0.0697, 0.0864, 0.1078, 0.089, 0.05157, 0.03125, 0.03125, 0.0382, 0.0476, 0.05627, 0.05518, 0.0573, 0.04828, 0.0625, 0.07715, 0.0823, 0.0648, 0.04443, 0.0597, 0.0625, 0.06726, 0.0685, 0.0625, 0.0625, 0.0625, 0.05774, 0.0625, 0.0625, 0.0625, 0.05786, 0.04156, 0.06042, 0.04608, 0.01682, 0.01563, 0.03125, 0.0625, 0.09937, 0.1, 0.0929, 0.0897, 0.03632, 0.001833, 0.03125, 0.0523, 0.05927, 0.0863, 0.0709, 0.05023, 0.03784, 0.0625, 0.0834, 0.1057, 0.1074, 0.1078, 0.0989, 0.0652, 0.03326, 0.03186, 0.03125, 0.02234, 0.02573, 0.01563, 0.003672, 0.014145, 0.02887, 0.03827, 0.03906, 0.0348, 0.03406, 0.0398, 0.04614, 0.05908, 0.08203, 0.0969, 0.1134, 0.11145, 0.08704, 0.0853, 0.0581, 0.03888, 0.04413, 0.0625, 0.0737, 0.07007, 0.05524
0.0625, 0.08044, 0.0736, 0.0625, 0.05664, 0.0625, 0.0825, 0.0575, 0.0426, 0.04767, 0.0625, 0.09033, 0.09265, 0.0786, 0.07336, 0.07825, 0.09485, 0.07153, 0.04816, 0.05786, 0.0572, 0.05176, 0.0547, 0.05792, 0.0625, 0.0698, 0.0625, 0.0625, 0.0797, 0.11914, 0.0945, 0.04248, 0.0696, 0.078, 0.10144, 0.095, 0.0891, 0.07935, 0.0773, 0.0719, 0.07275, 0.09814, 0.0919, 0.1084, 0.11194, 0.125, 0.0797, 0.01608, 0.0173, 0.02676, 0.04358, 0.083, 0.08813, 0.078, 0.094, 0.0625, 0.03049, 0.04456, 0.0759, 0.0654, 0.05475, 0.0846, 0.0751, 0.0825, 0.0841, 0.0845, 0.10315, 0.0803, 0.1035, 0.1029, 0.11273, 0.07605, 0.0492, 0.03043, 0.0323, 0.03717, 0.02606, 0.02873, 0.03043, 0.02573, 0.02371, 0.01234, 0.04547, 0.07544, 0.0775, 0.0625, 0.0676, 0.0775, 0.0946, 0.125, 0.11475, 0.10376, 0.0846, 0.0625, 0.0625, 0.0625, 0.0481, 0.0625, 0.0625, 0.0625
0.0625, 0.07764, 0.0729, 0.0625, 0.04364, 0.044, 0.06152, 0.07336, 0.0625, 0.05487, 0.0625, 0.07275, 0.083, 0.074, 0.0625, 0.0786, 0.09875, 0.093, 0.0625, 0.0691, 0.07556, 0.0625, 0.0696, 0.07556, 0.07117, 0.06287, 0.0569, 0.0602, 0.0764, 0.08813, 0.0625, 0.0625, 0.0845, 0.0885, 0.10815, 0.0873, 0.0625, 0.07336, 0.0819, 0.0845, 0.08765, 0.1223, 0.1008, 0.1095, 0.1162, 0.1309, 0.089, 0.04047, 0.01682, -0.005707, 0.03717, 0.0851, 0.0947, 0.0834, 0.07874, 0.0594, 0.04822, 0.067, 0.1017, 0.0708, 0.05322, 0.0896, 0.1183, 0.1061, 0.09534, 0.08105, 0.04773, 0.03125, 0.05902, 0.09326, 0.125, 0.1196, 0.10156, 0.0625, 0.0501, 0.0625, 0.0531, 0.03864, 0.05573, 0.06232, 0.015205, -0.01563, 0.02386, 0.05518, 0.0737, 0.08594, 0.04724, 0.03125, 0.0625, 0.1074, 0.09937, 0.0625, 0.05737, 0.05383, 0.0747, 0.0813, 0.0625, 0.05957, 0.08044, 0.0984
0.1023, 0.08154, 0.0625, 0.0625, 0.04932, 0.0625, 0.1207, 0.1063, 0.0786, 0.0709, 0.08105, 0.06122, 0.0567, 0.0735, 0.08606, 0.0939, 0.0845, 0.09717, 0.10034, 0.0902, 0.09143, 0.078, 0.06885, 0.089, 0.0895, 0.07666, 0.0323, 0.0501, 0.07776, 0.0818, 0.0625, 0.0731, 0.09875, 0.1007, 0.1001, 0.05145, 0.00265, 0.01563, 0.0625, 0.0659, 0.0967, 0.1249, 0.0957, 0.07007, 0.10736, 0.1348, 0.11426, 0.0598, 0.02112, 0.01563, 0.05316, 0.0969, 0.0758, 0.06226, 0.0675, 0.05713, 0.05707, 0.0862, 0.1139, 0.1085, 0.11743, 0.125, 0.125, 0.1094, 0.125, 0.11145, 0.0625, 0.0514, 0.0603, 0.0963, 0.125, 0.125, 0.125, 0.125, 0.1245, 0.08057, 0.0625, 0.0625, 0.0625, 0.0886, 0.02426, -0.01563, 0.03125, 0.03986, 0.0736, 0.09326, 0.0625, 0.03125, 0.05786, 0.0991, 0.10156, 0.07117, 0.0553, 0.05713, 0.0625, 0.05902, 0.0691, 0.0852, 0.125, 0.125
0.11487, 0.08276, 0.05823, 0.05658, 0.05664, 0.0845, 0.125, 0.1052, 0.08887, 0.09863, 0.1, 0.0751, 0.0773, 0.1013, 0.1084, 0.11743, 0.0819, 0.0707, 0.099, 0.09656, 0.1094, 0.1177, 0.10376, 0.11365, 0.1178, 0.0803, 0.02563, 0.0558, 0.0681, 0.0625, 0.0625, 0.0891, 0.11633, 0.10706, 0.10986, 0.0581, -0.007126, 0.0116, 0.03125, 0.05798, 0.08386, 0.1111, 0.10254, 0.12085, 0.1238, 0.1335, 0.10205, 0.05005, 0.03668, 0.0625, 0.0891, 0.1063, 0.05365, 0.04364, 0.04993, 0.0588, 0.067, 0.0761, 0.0945, 0.1156, 0.1426, 0.1455, 0.1362, 0.125, 0.137, 0.11084, 0.05865, 0.0664, 0.0786, 0.09326, 0.1072, 0.09155, 0.11646, 0.1536, 0.1531, 0.125, 0.1013, 0.0969, 0.11633, 0.1022, 0.0465, 0.0431, 0.0625, 0.0625, 0.07336, 0.0858, 0.0625, 0.04346, 0.04895, 0.0873, 0.1134, 0.1284, 0.10913, 0.05518, 0.02756, 0.04297, 0.0625, 0.08936, 0.1073, 0.10266
0.1382, 0.1039, 0.0812, 0.0891, 0.09216, 0.09595, 0.1205, 0.10815, 0.10803, 0.11304, 0.1102, 0.1167, 0.1044, 0.11, 0.1199, 0.1188, 0.0818, 0.0674, 0.0979, 0.1173, 0.1362, 0.1387, 0.125, 0.125, 0.125, 0.08936, 0.04138, 0.05328, 0.0625, 0.0586, 0.0625, 0.0962, 0.1199, 0.125, 0.119, 0.08545, 0.04517, 0.0428, 0.04834, 0.0597, 0.08545, 0.1012, 0.12195, 0.1353, 0.125, 0.125, 0.099, 0.06042, 0.05878, 0.0803, 0.1072, 0.10815, 0.07764, 0.0724, 0.05743, 0.0625, 0.0796, 0.073, 0.077, 0.0967, 0.1068, 0.1357, 0.1318, 0.125, 0.12354, 0.0625, 0.0349, 0.0584, 0.0625, 0.0867, 0.0918, 0.08594, 0.09814, 0.1572, 0.1543, 0.1509, 0.125, 0.1129, 0.1217, 0.1177, 0.0748, 0.0625, 0.0952, 0.08984, 0.09973, 0.103, 0.07104, 0.0625, 0.07263, 0.08777, 0.125, 0.1545, 0.125, 0.0625, 0.03125, 0.03766, 0.06134, 0.088, 0.109, 0.125
0.1299, 0.125, 0.125, 0.11584, 0.1079, 0.11096, 0.125, 0.12146, 0.119, 0.1323, 0.1399, 0.1428, 0.1323, 0.125, 0.125, 0.1277, 0.1079, 0.0957, 0.1151, 0.125, 0.125, 0.12305, 0.125, 0.1294, 0.12366, 0.0925, 0.0675, 0.08057, 0.0781, 0.089, 0.08203, 0.1008, 0.125, 0.125, 0.11096, 0.10974, 0.09607, 0.0874, 0.0708, 0.0625, 0.1095, 0.11426, 0.1318, 0.1553, 0.1565, 0.1443, 0.1162, 0.0995, 0.1033, 0.0962, 0.0936, 0.0925, 0.08777, 0.0862, 0.07275, 0.0819, 0.09985, 0.1034, 0.1113, 0.0956, 0.1041, 0.1127, 0.1133, 0.1274, 0.125, 0.0901, 0.072, 0.0796, 0.0608, 0.0996, 0.125, 0.1287, 0.1448, 0.1633, 0.165, 0.1587, 0.138, 0.125, 0.125, 0.1338, 0.125, 0.105, 0.12354, 0.1078, 0.1172, 0.1146, 0.10474, 0.1039, 0.1129, 0.11316, 0.1367, 0.1423, 0.1074, 0.0625, 0.0443, 0.0561, 0.09033, 0.10254, 0.1112, 0.12195
0.125, 0.1372, 0.1365, 0.125, 0.1094, 0.1095, 0.1318, 0.11523, 0.104, 0.1294, 0.135, 0.1416, 0.134, 0.125, 0.10864, 0.1111, 0.105, 0.10645, 0.10876, 0.12354, 0.1199, 0.1229, 0.1321, 0.125, 0.125, 0.11914, 0.1095, 0.105, 0.1095, 0.10547, 0.10803, 0.0958, 0.12366, 0.1194, 0.10986, 0.1117, 0.1078, 0.0957, 0.07605, 0.08264, 0.11475, 0.125, 0.125, 0.1348, 0.154, 0.1455, 0.1345, 0.125, 0.125, 0.125, 0.11475, 0.1138, 0.1024, 0.09753, 0.0825, 0.0896, 0.135, 0.1445, 0.1501, 0.12476, 0.10754, 0.11475, 0.1362, 0.1475, 0.1624, 0.1328, 0.1056, 0.0841, 0.07446, 0.1201, 0.1384, 0.1462, 0.146, 0.1626, 0.1621, 0.1427, 0.1436, 0.146, 0.1396, 0.1467, 0.1438, 0.1362, 0.1436, 0.1111, 0.0936, 0.0956, 0.11096, 0.1172, 0.125, 0.125, 0.135, 0.12415, 0.09546, 0.0736, 0.07214, 0.0886, 0.1041, 0.125, 0.1244, 0.125
0.1134, 0.125, 0.12195, 0.1083, 0.0941, 0.10876, 0.125, 0.1039, 0.109, 0.109, 0.1013, 0.1239, 0.1309, 0.10767, 0.0936, 0.08777, 0.07886, 0.0913, 0.10693, 0.1234, 0.12366, 0.1313, 0.1394, 0.12366, 0.114, 0.1133, 0.10315, 0.09814, 0.1063, 0.1106, 0.0951, 0.0718, 0.0879, 0.1116, 0.104, 0.0829, 0.0831, 0.0637, 0.0625, 0.0842, 0.11633, 0.127, 0.1179, 0.125, 0.1292, 0.1309, 0.1362, 0.1326, 0.1311, 0.125, 0.125, 0.125, 0.1112, 0.1222, 0.125, 0.1355, 0.1516, 0.1667, 0.1609, 0.1521, 0.1389, 0.124, 0.125, 0.1472, 0.148, 0.1062, 0.0985, 0.09546, 0.125, 0.144, 0.1482, 0.1365, 0.1323, 0.1377, 0.1406, 0.11646, 0.11536, 0.1377, 0.1377, 0.1394, 0.1274, 0.12085, 0.1396, 0.1233, 0.089, 0.0862, 0.1063, 0.125, 0.1382, 0.1309, 0.1348, 0.1282, 0.125, 0.1201, 0.12195, 0.1177, 0.125, 0.125, 0.125, 0.1189
0.11865, 0.12317, 0.1184, 0.0939, 0.0917, 0.1111, 0.126, 0.1244, 0.1145, 0.1, 0.0968, 0.1144, 0.1321, 0.11926, 0.1063, 0.0941, 0.07544, 0.08325, 0.103, 0.10913, 0.1177, 0.1306, 0.134, 0.1112, 0.1023, 0.08545, 0.08276, 0.0762, 0.07544, 0.0858, 0.0625, 0.04944, 0.08215, 0.1046, 0.09204, 0.0895, 0.09546, 0.08923, 0.08154, 0.09814, 0.109, 0.1201, 0.125, 0.148, 0.144, 0.1416, 0.1355, 0.1362, 0.125, 0.125, 0.1282, 0.125, 0.1133, 0.125, 0.1382, 0.134, 0.1436, 0.1577, 0.1543, 0.1475, 0.1587, 0.1306, 0.125, 0.1326, 0.125, 0.1062, 0.1039, 0.1212, 0.1514, 0.1663, 0.1594, 0.1482, 0.1348, 0.1377, 0.125, 0.1106, 0.1084, 0.125, 0.1377, 0.1377, 0.1238, 0.1116, 0.1335, 0.1489, 0.125, 0.11584, 0.1223, 0.125, 0.125, 0.1122, 0.11914, 0.1311, 0.1465, 0.1526, 0.1453, 0.125, 0.1122, 0.125, 0.1105, 0.11304
0.12134, 0.1217, 0.1072, 0.105, 0.1124, 0.1212, 0.1156, 0.11865, 0.1001, 0.1013, 0.12476, 0.1173, 0.12, 0.0974, 0.10767, 0.1029, 0.0885, 0.07104, 0.07544, 0.0873, 0.1067, 0.1282, 0.1113, 0.09546, 0.07983, 0.06506, 0.07935, 0.08777, 0.07837, 0.09326, 0.07996, 0.0625, 0.09326, 0.1008, 0.0825, 0.10876, 0.125, 0.1394, 0.125, 0.11365, 0.1029, 0.1116, 0.1423, 0.1729, 0.1687, 0.148, 0.1326, 0.1309, 0.12305, 0.1155, 0.125, 0.1338, 0.1292, 0.12476, 0.1188, 0.11597, 0.125, 0.1504, 0.1375, 0.1501, 0.1711, 0.1504, 0.1384, 0.1423, 0.125, 0.10046, 0.0963, 0.098, 0.147, 0.1584, 0.1545, 0.1511, 0.1448, 0.1453, 0.1489, 0.125, 0.1046, 0.11523, 0.145, 0.1489, 0.1377, 0.1228, 0.1216, 0.1458, 0.1587, 0.1216, 0.1189, 0.125, 0.114, 0.1185, 0.125, 0.1326, 0.125, 0.1409, 0.125, 0.09705, 0.0945, 0.1151, 0.1096, 0.1008
0.09595, 0.0812, 0.0625, 0.07983, 0.09106, 0.104, 0.10486, 0.0873, 0.0625, 0.07837, 0.1119, 0.09485, 0.0867, 0.07495, 0.08813, 0.09546, 0.08093, 0.0625, 0.06177, 0.0762, 0.1013, 0.1316, 0.125, 0.0928, 0.0747, 0.0625, 0.0762, 0.0896, 0.08264, 0.0985, 0.1124, 0.0869, 0.084, 0.0858, 0.078, 0.0928, 0.125, 0.1531, 0.125, 0.0963, 0.0956, 0.11865, 0.125, 0.1389, 0.1206, 0.12427, 0.1022, 0.09204, 0.0702, 0.0935, 0.09656, 0.125, 0.10266, 0.1011, 0.0941, 0.10474, 0.125, 0.1321, 0.125, 0.1348, 0.1516, 0.1418, 0.1384, 0.1367, 0.125, 0.0952, 0.0813, 0.0785, 0.09204, 0.125, 0.1433, 0.1372, 0.1462, 0.1624, 0.1775, 0.1538, 0.11304, 0.11096, 0.1375, 0.1455, 0.1234, 0.125, 0.125, 0.1377, 0.1472, 0.125, 0.125, 0.125, 0.10645, 0.1177, 0.1472, 0.146, 0.12134, 0.1044, 0.0947, 0.0762, 0.0781, 0.09534, 0.0989, 0.0935
0.0625, 0.05994, 0.03796, 0.04028, 0.08044, 0.09656, 0.0939, 0.0812, 0.05652, 0.05157, 0.0703, 0.0764, 0.0774, 0.06934, 0.0625, 0.05493, 0.05823, 0.0625, 0.06824, 0.0862, 0.10376, 0.125, 0.125, 0.1008, 0.07336, 0.0625, 0.07654, 0.0829, 0.07166, 0.0775, 0.0796, 0.0652, 0.0578, 0.0625, 0.09937, 0.10535, 0.1184, 0.1477, 0.125, 0.099, 0.0835, 0.0941, 0.09973, 0.0757, 0.06055, 0.0807, 0.0625, 0.03644, 0.0198, 0.03125, 0.05975, 0.0625, 0.0451, 0.06128, 0.0625, 0.0918, 0.1229, 0.121, 0.1178, 0.11804, 0.1245, 0.1313, 0.125, 0.125, 0.125, 0.1085, 0.0801, 0.07104, 0.05273, 0.07385, 0.125, 0.1384, 0.1509, 0.1704, 0.1602, 0.1514, 0.125, 0.11475, 0.11084, 0.125, 0.1129, 0.1006, 0.115, 0.125, 0.1343, 0.125, 0.12476, 0.1416, 0.125, 0.125, 0.1523, 0.125, 0.10547, 0.09326, 0.0758, 0.07043, 0.0625, 0.0625, 0.0763, 0.073
0.04285, 0.0415, 0.03284, 0.03967, 0.072, 0.0625, 0.0796, 0.0625, 0.03125, 0.01563, 0.0545, 0.0856, 0.08386, 0.069, 0.04694, 0.01563, 0.03735, 0.074, 0.07336, 0.0719, 0.07837, 0.1146, 0.125, 0.08276, 0.03864, 0.0625, 0.0907, 0.0625, 0.05835, 0.05432, 0.05164, 0.0625, 0.0625, 0.0963, 0.12305, 0.12195, 0.0891, 0.1028, 0.11523, 0.1024, 0.0912, 0.0775, 0.07227, 0.04285, 0.01953, 0.01837, 0.01971, 0.01068, 0.02078, 0.03864, 0.03815, 0.03418, 0.0289, 0.02838, 0.04218, 0.0775, 0.115, 0.1107, 0.09033, 0.089, 0.093, 0.1, 0.0758, 0.1002, 0.10266, 0.0936, 0.06006, 0.04395, -0.003775, 0.0365, 0.09485, 0.1096, 0.098, 0.1102, 0.0908, 0.0768, 0.1133, 0.10376, 0.06836, 0.0823, 0.0696, 0.0996, 0.1128, 0.07983, 0.0958, 0.134, 0.11755, 0.1328, 0.1184, 0.1244, 0.125, 0.1206, 0.08997, 0.0737, 0.0758, 0.05566, 0.04578, 0.03937, 0.05, 0.04272
0.05316, 0.04437, 0.0359, 0.03827, 0.0468, 0.03912, 0.055, 0.0503, 0.03125, 0.007256, 0.05518, 0.0842, 0.08044, 0.0625, 0.036, 0.01471, 0.05847, 0.08936, 0.0768, 0.06323, 0.05664, 0.09534, 0.08887, 0.05872, 0.05292, 0.0939, 0.0979, 0.0556, 0.0464, 0.04517, 0.04718, 0.07983, 0.1019, 0.0802, 0.07935, 0.06055, 0.04926, 0.0625, 0.084, 0.1072, 0.0885, 0.0813, 0.08154, 0.0603, 0.02377, -0.01617, -0.02615, -0.01857, 0.003853, 0.0625, 0.05066, 0.03125, 0.0381, 0.03125, 0.02419, 0.0625, 0.10803, 0.0917, 0.0702, 0.0605, 0.05377, 0.06384, 0.05554, 0.05762, 0.0796, 0.0625, 0.03125, 0.00625, -0.004047, 0.03952, 0.05365, 0.0537, 0.05435, 0.0729, 0.0902, 0.06445, 0.0831, 0.05786, 0.01782, 0.0348, 0.05725, 0.0862, 0.06433, 0.04004, 0.0625, 0.0946, 0.0945, 0.0842, 0.0625, 0.06934, 0.0752, 0.04877, 0.0625, 0.0796, 0.08215, 0.04974, 0.0484, 0.05743, 0.05005, 0.06042
0.05365, 0.0456, 0.0224, 0.01548, 0.01901, 0.009964, 0.034, 0.0362, 0.03125, 0.01563, 0.05762, 0.083, 0.0625, 0.0625, 0.04572, 0.02701, 0.05957, 0.10803, 0.08887, 0.0625, 0.05084, 0.0625, 0.07544, 0.0625, 0.0625, 0.0841, 0.08875, 0.05597, 0.03894, 0.03125, 0.04047, 0.0781, 0.0984, 0.07056, 0.0625, 0.0373, 0.0345, 0.05133, 0.07324, 0.0785, 0.0835, 0.05957, 0.07336, 0.0573, 0.03516, 0.006542, -0.0149, -0.02469, 0.01633, 0.0443, 0.03125, 0.02396, 0.05078, 0.0625, 0.05292, 0.0606, 0.0748, 0.0625, 0.0529, 0.01563, 0.00626, 0.0213, -0.0045, 0.02826, 0.0625, 0.05884, 0.04724, 0.01534, 0.01066, 0.02322, 0.03833, 0.03099, 0.01305, 0.0339, 0.07996, 0.0668, 0.0481, 0.02524, -0.01341, 0.02185, 0.0558, 0.035, 0.03473, 0.01563, 0.0345, 0.0625, 0.04126, 0.03607, 0.02682, 0.02985, 0.03696, 0.02072, 0.0231, 0.0714, 0.0978, 0.05487, 0.04883, 0.04852, 0.0625, 0.0625
0.0515, 0.0737, 0.08777, 0.0625, 0.0625, 0.03418, 0.0395, 0.04187, 0.01642, 0.02527, 0.05383, 0.0625, 0.04645, 0.0477, 0.0373, 0.02432, 0.03125, 0.0923, 0.11426, 0.0768, 0.04553, 0.0465, 0.0625, 0.049, 0.05298, 0.0654, 0.0625, 0.0625, 0.0625, 0.0498, 0.04358, 0.08105, 0.1218, 0.09607, 0.0625, 0.01563, 0.014404, 0.04565, 0.06226, 0.07495, 0.07385, 0.04938, 0.0625, 0.05286, 0.03192, 0.02277, 0.012054, 0.01584, 0.006493, 0.02637, 0.01965, 0.03204, 0.04785, 0.05377, 0.0713, 0.0625, 0.04956, 0.01373, 0.00348, -0.011665, -0.03317, -0.03522, -0.02917, 0.00804, 0.05725, 0.0757, 0.05078, 0.02263, 0.013565, 0.03326, 0.0332, -0.01347, -0.03668, -0.001581, 0.02693, 0.05127, 0.03125, 0.01563, 0.02383, 0.03125, 0.0625, 0.04846, 0.03125, 0.01913, 0.03827, 0.05927, 0.03162, 0.02374, 0.01825, 0.001194, 0.001852, -0.00518, 0.003471, 0.05725, 0.0801, 0.0625, 0.0597, 0.04614, 0.0335, 0.05334
0.0625, 0.0625, 0.0951, 0.0946, 0.08545, 0.0625, 0.04462, 0.0412, 0.01563, 0.0313, 0.0676, 0.04584, 0.05933, 0.0625, 0.03125, 0.03125, 0.02277, 0.06134, 0.0625, 0.03125, 0.01563, 0.0181, 0.04248, 0.01563, 0.039, 0.05994, 0.05023, 0.0713, 0.0896, 0.0625, 0.03125, 0.05652, 0.09546, 0.0625, 0.05212, 0.01563, 0.00336, 0.0285, 0.04578, 0.05396, 0.03125, 0.02255, 0.03516, 0.03125, 0.007812, 0.03125, 0.05212, 0.05237, 0.03125, 0.02065, 0.03125, 0.0382, 0.04633, 0.04382, 0.0479, 0.0456, 0.02802, 0.007618, -0.0172, -0.00865, -0.03378, -0.045, -0.04486, -0.01773, 0.07336, 0.0947, 0.0721, 0.02887, 0.03992, 0.04248, 0.01933, -0.02902, -0.0531, -0.025, 0.00443, 0.0114, 0.01907, 0.01563, 0.04773, 0.0625, 0.0379, 0.01682, 0.02753, 0.00283, 0.02515, 0.0476, 0.0625, 0.0418, 0.03125, 0.02274, -0.001144, 0.00242, 0.02405, 0.0625, 0.0625, 0.0625, 0.06055, 0.0736, 0.0625, 0.0641
0.0625, 0.03125, 0.02588, 0.0539, 0.07336, 0.0635, 0.0506, 0.0268, -0.002148, 0.03125, 0.0622, 0.03125, 0.0691, 0.0857, 0.06158, 0.05475, 0.04333, 0.04138, 0.03125, -0.00357, -0.009735, 0.001044, 0.01563, -0.007812, 0.01428, 0.04767, 0.03125, 0.03802, 0.047, 0.03125, 0.03125, 0.06067, 0.06775, 0.0401, 0.04602, 0.04425, 0.0426, 0.03125, 0.03125, 0.03125, 0.0275, 0.03125, 0.03125, 0.03125, 0.01563, 0.03937, 0.06934, 0.0625, 0.055, 0.03125, 0.03125, 0.0269, 0.04248, 0.03632, 0.03668, 0.03967, 0.0257, -0.002882, 0.00641, 0.01993, 0.01563, -0.004513, -0.02869, 0.00861, 0.09875, 0.1012, 0.0814, 0.0625, 0.0365, 0.0249, -0.007687, -0.00885, -0.03125, -0.012115, -0.00901, 0.00401, -0.009995, -0.001807, 0.05914, 0.0625, 0.01987, -0.01123, -0.03125, -0.02551, -0.01312, 0.01547, 0.05768, 0.05505, 0.03925, 0.02637, -0.0052, -0.001355, 0.03125, 0.03125, 0.03125, 0.04114, 0.0625, 0.07666, 0.0923, 0.0625
0.007812, -0.003607, -0.01563, 0.002748, 0.05286, 0.0625, 0.02316, 0.01022, 0.0015745, 0.03247, 0.0622, 0.03888, 0.0652, 0.09094, 0.0625, 0.04352, 0.04053, 0.03723, 0.0224, 0.001993, -0.010605, -0.0187, 0.0003335, -0.009186, 0.01563, 0.0442, 0.04846, 0.04102, 0.03125, 0.03125, 0.03046, 0.04718, 0.04285, 0.03125, 0.0368, 0.03125, 0.03906, 0.03125, 0.01128, 0.01929, 0.01654, 0.03558, 0.0384, 0.0393, 0.02454, 0.0318, 0.04266, 0.04248, 0.02385, 0.03009, 0.01987, 0.00467, 0.01099, 0.02809, 0.0348, 0.0421, 0.057, 0.04474, 0.03125, 0.03772, 0.0509, 0.03827, 0.02487, 0.04376, 0.0729, 0.0625, 0.04712, 0.01898, 0.010544, -0.01614, -0.02611, 0.00609, 0.03125, 0.0202, -0.003126, 0.003788, 0.01532, -0.0002654, 0.02731, 0.02252, -0.01199, -0.04938, -0.04962, -0.06183, -0.0625, -0.02682, 0.0315, 0.03583, 0.02982, 0.00961, 0.00926, 0.02039, 0.01495, 0.01448, 0.00359, 0.03116, 0.0847, 0.0625, 0.05255, 0.03125
-0.01584, -0.007782, -0.0234, -0.02863, 0.02512, 0.05725, 0.05627, 0.03125, 0.01266, 0.03442, 0.0445, 0.04272, 0.0492, 0.03534, 0.03009, 0.01578, 0.03967, 0.03107, 0.03125, 0.01437, 0.00974, -0.01419, -0.02155, -0.02054, 0.014114, 0.03125, 0.05737, 0.0648, 0.0337, 0.01779, 0.02264, 0.02585, 0.03125, 0.03079, 0.03125, 0.03125, 0.0432, 0.0625, 0.0293, 0.03125, 0.0249, 0.0432, 0.03418, 0.01563, -0.001612, 0.011116, 0.01563, 0.01563, -0.003906, 0.01785, 0.014336, 0.004356, 0.00784, 0.02922, 0.03885, 0.05695, 0.0393, 0.05634, 0.05243, 0.0625, 0.06604, 0.0584, 0.04126, 0.03687, 0.02362, 0.01994, 0.01668, -0.0002177, 0.006622, -0.01331, -0.0083, 0.021, 0.0348, 0.0492, 0.0625, 0.03125, 0.03125, 0.03125, 0.01015, -0.00877, -0.01275, -0.02136, -0.0337, -0.06012, -0.07654, -0.03156, 0.0191, 0.03125, 0.02692, 0.02087, 0.02133, 0.0419, 0.05267, 0.03607, 0.02747, 0.04846, 0.0625, 0.01971, 0.001723, -0.01563
-0.02606, -0.005383, -0.02017, -0.02823, -0.002796, 0.03125, 0.0625, 0.0625, 0.0526, 0.0368, 0.04053, 0.03595, 0.03992, 0.03125, 0.02086, 0.01193, 0.02264, 0.02753, 0.013824, -0.002394, -0.008995, -0.03333, -0.0476, -0.004158, 0.04578, 0.01904, 0.04584, 0.0764, 0.0395, 0.02847, 0.02287, 0.02917, 0.02744, 0.03021, 0.03113, 0.01563, 0.0487, 0.0614, 0.05334, 0.0625, 0.0698, 0.0625, 0.04626, 0.0293, 0.001783, 0.00974, -0.00314, -0.03125, -0.0558, -0.01724, 0.01895, 0.01306, 0.02689, 0.05133, 0.0417, 0.03125, 0.03125, 0.0238, 0.03125, 0.04553, 0.06274, 0.05438, 0.02695, 0.0167, -0.01504, -0.006245, 0.0192, 0.02203, 0.0008874, 0.008514, 0.002016, 0.007183, 0.003937, 0.0625, 0.09595, 0.06, 0.02867, 0.008224, 0.01773, -0.01714, -0.01996, -0.00457, -0.01892, -0.0432, -0.07385, -0.03833, -0.003906, 0.02301, 0.004436, -0.004543, -0.012924, 0.0348, 0.0625, 0.04846, 0.05176, 0.05072, 0.01563, -0.0059, -0.02434, -0.0206
-0.03125, -0.002028, 0.03125, 0.01431, -0.01085, -0.01651, 0.02661, 0.05768, 0.04388, 0.03125, 0.01666, 0.01984, 0.03125, 0.03516, 0.02301, 0.001179, 0.01563, 0.01605, 0.003906, -0.003906, -0.01563, -0.03326, -0.04956, 0.014046, 0.0625, 0.03687, 0.06616, 0.0814, 0.0625, 0.04858, 0.04932, 0.03876, 0.02698, 0.01767, 0.02103, 0.0009174, 0.01377, 0.02135, 0.02515, 0.04065, 0.06885, 0.0611, 0.0428, 0.03125, 0.01563, 0.004856, 0.00498, -0.0003226, -0.03125, 0.001161, 0.03125, -0.007812, 0.03125, 0.0658, 0.04364, 0.02924, 0.02286, 0.02063, 0.02283, 0.0315, 0.04327, 0.03125, 0.03345, 0.0313, 0.03119, 0.03125, 0.03934, 0.03125, 0.02148, 0.01071, -0.002316, -0.01369, -0.02094, 0.03992, 0.08374, 0.04895, 0.022, 0.01718, 0.01485, 0.003849, -0.01706, -0.00805, -0.004417, -0.03125, -0.03174, -0.03622, -0.02184, 0.001987, 0.002735, -0.03125, -0.03766, 0.00351, 0.0625, 0.03442, 0.04468, 0.04333, 0.01247, -0.011246, 0.0002587, -0.01563
-0.00921, 0.01883, 0.06122, 0.03485, 0.01343, 0.007812, 0.01563, 0.02396, 0.02637, 0.00543, 0.00937, 0.01417, 0.02151, 0.0278, 0.009995, -0.01088, 0.004414, 0.0393, 0.03174, 0.03125, 0.01437, -0.001953, -0.001953, 0.01187, 0.0368, 0.03113, 0.0401, 0.04877, 0.05206, 0.0484, 0.04248, 0.0002339, -0.0197, 0.01563, 0.05896, 0.03125, 0.01494, 0.01337, -0.0008955, 0.02225, 0.0329, 0.02737, 0.01563, 0.01563, 0.02493, 0.0274, 0.01563, 0.02225, 0.0007844, -0.007812, -0.01624, -0.025, 0.01929, 0.0709, 0.05695, 0.04163, 0.03204, 0.02347, 0.01917, 0.03125, 0.04645, 0.04364, 0.03983, 0.02927, 0.04633, 0.0685, 0.0708, 0.0625, 0.0625, 0.0489, 0.02509, -0.01563, -0.007812, 0.03125, 0.072, 0.04852, 0.03125, 0.01816, 0.01883, 0.01563, 0.01401, 0.0143, 0.01563, 0.01892, 0.02267, -9.12e-5, 0.00417, 0.01563, -0.0001736, -0.00876, -0.03107, -0.01479, 0.002546, -0.01624, -0.00992, -0.011955, -0.02086, -0.01886, 0.03613, 0.03125
0.03098, 0.01962, 0.02283, 0.03125, 0.013885, 0.0163, 0.05292, 0.03516, 0.01785, 0.00143, 0.001038, 0.01424, 0.007576, 0.00865, -0.01563, -0.02332, 0.0198, 0.0625, 0.05463, 0.0429, 0.01563, 0.007812, -0.001133, -0.002827, 0.01685, 0.03125, 0.01663, 0.04565, 0.05273, 0.03027, 0.02396, 0.00989, -0.00718, -0.0002458, 0.0746, 0.062, 0.03125, 0.02899, 0.02394, 0.007366, -0.01083, -0.0123, -0.01175, -8.88e-5, 0.03455, 0.0625, 0.05066, 0.03125, 0.00373, -0.005997, -0.03125, -0.04053, 0.01563, 0.06494, 0.05255, 0.0442, 0.03125, 0.01682, 0.002499, -0.004025, 0.00798, 0.03125, -0.01004, 0.010284, 0.0625, 0.05627, 0.0595, 0.0625, 0.03387, 0.04407, 0.03766, 0.02008, 0.01042, 0.01558, 0.03937, 0.03125, 0.01926, 0.00901, 0.02267, 0.02823, 0.02863, 0.03122, 0.03125, 0.0326, 0.03125, 0.01563, 0.02072, 0.01593, 0.01895, 0.00419, -0.002281, -0.01109, -0.0169, -0.02615, -0.00719, -0.00498, -0.02705, 0.00098, 0.0657, 0.07043
0.01092, 0.005547, 0.007786, 0.0009227, -0.02377, 0.02051, 0.0707, 0.05176, 0.02072, 0.0002167, -0.003307, -0.006958, -0.00787, -0.02759, -0.02213, -0.03125, -0.003534, 0.01563, 0.01563, 0.02496, -0.003906, -0.01736, -0.03125, -0.05304, -0.01663, 0.04663, -0.0003195, 0.02843, 0.0641, 0.04138, 0.01657, 0.002674, 0.002516, 0.00864, 0.01172, 0.01563, 0.007812, -0.01563, 0.0151, 0.0515, 0.01563, 0.01563, 0.00494, 0.001824, 0.0445, 0.0625, 0.03061, 0.01627, 0.01962, 0.02539, 0.01254, -0.000425, 0.01563, 0.05383, 0.0451, 0.0304, 0.01563, -0.001355, -0.007763, -0.0108, -0.01563, -0.00929, -0.02556, 0.02278, 0.0395, 0.04156, 0.04346, 0.03125, 0.01286, 0.004704, 0.007812, 0.002382, -0.02945, -0.0217, 0.00027, 0.00969, 0.000286, -0.00443, 0.002884, 0.01285, 0.01563, 0.01563, 0.02338, 0.03192, 0.03125, 0.01703, -0.008026, 0.00651, -0.01563, -0.02069, -0.02872, -0.03625, -0.01563, -0.05023, -0.014656, 0.04156, 0.01397, 0.03125, 0.0453, 0.0382
0.04016, 0.02464, 0.007812, -0.014175, -0.04443, -0.00405, 0.05695, 0.03577, 0.004272, -0.01563, -0.00702, -0.00133, -0.01563, -0.00515, 0.01514, 0.001345, -0.00705, -0.0096, -0.00859, -0.00417, -0.04047, -0.04364, -0.0748, -0.0625, 0.009705, 0.03833, -0.005432, 0.0217, 0.0625, 0.03125, 0.008865, -0.001585, -0.015526, 0.00139, 0.01047, 0.01044, -0.00245, -0.01146, 0.04205, 0.0625, 0.03503, 0.0421, 0.02649, 0.000494, 0.01828, 0.0307, 0.0008917, -0.02475, 0.001953, 0.01563, 0.00359, 0.005325, 0.00328, 0.008514, 0.00798, -0.004387, 0.003906, -0.006138, -0.0268, -0.004574, 0.03125, 0.00986, 0.01563, 0.02164, 0.02362, 0.00621, 0.01563, 0.001202, -0.03943, -0.04437, -0.02374, -0.02063, -0.03784, -0.04584, -0.00875, 0.01678, 0.004166, -0.00899, -0.007812, 0.001331, 0.00776, -0.002632, -0.003994, -0.00654, -0.002108, -0.01057, -0.0202, -0.02026, -0.01466, -0.0401, -0.04584, -0.02737, -0.02774, -0.0586, 0.003841, 0.07434, 0.062, 0.04565, 0.02249, 0.03125
0.011986, 0.003056, -0.0014, -0.01309, -0.01563, -0.003906, 0.03662, 0.009674, -0.01418, -0.012665, -0.009445, 0.004448, -0.00472, 0.00476, 0.01678, 0.01563, 0.01015, -0.00525, -0.01053, -0.02737, -0.04474, -0.0665, -0.1, -0.04596, 0.0337, 0.02603, 0.00996, 0.02951, 0.03125, 0.03125, 0.00387, -0.03125, -0.01564, 0.01207, 0.00472, 0.00899, 0.01437, 0.013855, 0.006714, -0.04877, 0.007812, 0.04736, 0.005028, -0.03125, -0.01694, 0.00569, -0.03125, -0.03125, -0.01846, -0.03125, -0.02164, 0.004383, 0.009865, -0.007317, -0.02594, -0.02737, -0.00431, -0.01993, -0.04846, 0.01578, 0.05646, 0.03973, 0.03857, 0.03125, 0.007812, -0.01563, -0.01563, -0.03198, -0.05493, -0.04797, -0.03125, -0.0355, -0.0813, -0.03632, 0.004677, -0.006523, -0.01463, -0.01225, -0.003906, 0.000979, -0.003313, -0.03125, -0.05246, -0.03125, -0.01084, -0.02228, -0.02588, -0.02722, 0.002035, -0.00868, -0.008545, -0.01146, -0.02441, -0.0522, 0.0083, 0.0595, 0.03125, 0.003906, 0.00926, 0.02097
0.004524, -0.001609, -0.01563, 0.00971, 0.02426, 0.011734, 0.01427, -0.007812, -0.007103, -0.002087, -0.002445, -0.001214, -0.001236, -0.01688, -0.02274, -0.01563, -0.01563, -0.03125, -0.03125, -0.0279, -0.02682, -0.0503, -0.0625, -0.02042, 0.0354, 0.03198, 0.02084, -0.002258, 0.007812, 0.00334, 0.003906, -0.01563, -0.004898, 0.02219, -0.01019, -0.02084, -0.03125, -0.01424, -0.03125, -0.0631, -0.02048, 0.0234, -0.00943, -0.04462, -0.05286, -0.05035, -0.0625, -0.055, -0.05402, -0.05316, -0.0625, -0.01128, 0.02966, 0.02405, -0.000763, -0.02249, -0.03125, -0.03375, -0.04993, -0.01314, 0.01654, 0.00928, 0.002907, -0.00288, -0.03125, -0.03796, -0.03125, -0.0625, -0.03998, 0.000796, -0.00986, -0.03754, -0.0476, -0.007812, 0.01654, -0.00745, -0.03125, -0.0278, 0.001934, 0.000996, -0.0191, -0.0429, -0.0702, -0.03418, 0.01933, -0.006573, -0.03876, -0.03183, -0.00283, -0.002445, -0.02194, -0.02728, -0.03705, -0.03833, 0.002235, 0.02109, -0.01563, -0.0311, -0.004906, 0.00981
-0.0234, -0.0476, -0.05798, -0.00931, 0.014496, 0.001918, -0.03125, -0.05774, -0.044, -0.03125, -0.01563, -0.02515, -0.007812, -0.0163, -0.0326, -0.04248, -0.03857, -0.04584, -0.05304, -0.05048, -0.0359, -0.03125, -0.0429, -0.0415, -0.0163, 0.01563, -0.01563, -0.03772, -0.02289, 0.01112, 0.00641, -0.0001683, 0.00845, 0.002432, -0.0007696, -0.0242, -0.05475, -0.05676, -0.04694, -0.0625, -0.0625, -0.02072, -0.01563, -0.0368, -0.04388, -0.0373, -0.0625, -0.08374, -0.0952, -0.0913, -0.1008, -0.03265, 0.007584, 0.00842, 0.002361, -0.01862, -0.03455, -0.05188, -0.0647, -0.0625, -0.037, -0.0323, -0.03125, -0.04004, -0.0625, -0.0625, -0.0625, -0.07544, -0.03125, -0.007812, -0.03125, -0.06107, -0.04657, -0.02097, -0.01791, -0.04016, -0.05438, -0.0625, -0.03125, -0.0348, -0.0263, -0.0515, -0.06555, -0.01584, 0.02182, 0.001023, 0.000805, -0.01126, -0.012054, -0.008804, -0.02188, -0.03125, -0.0625, -0.07056, -0.0625, -0.05627, -0.04987, -0.03644, -0.0396, -0.01563
-0.05566, -0.05286, -0.05048, -0.0202, -0.000554, -0.007812, -0.03125, -0.0625, -0.07007, -0.0581, -0.04456, -0.0625, -0.04858, -0.0478, -0.0462, -0.04346, -0.04413, -0.0663, -0.07654, -0.0786, -0.0747, -0.104, -0.0868, -0.073, -0.0625, -0.03125, -0.03302, -0.05444, -0.03284, 0.010185, -0.01563, -0.01779, -0.01563, -0.02356, -0.01422, -0.02185, -0.0459, -0.07166, -0.07825, -0.0653, -0.0818, -0.077, -0.04068, -0.03125, -0.03503, -0.02905, -0.05432, -0.0791, -0.1008, -0.0962, -0.0985, -0.0625, -0.0625, -0.0415, -0.0625, -0.0625, -0.06104, -0.09375, -0.10425, -0.1034, -0.0658, -0.04834, -0.0769, -0.08044, -0.0753, -0.0654, -0.06555, -0.0818, -0.06396, -0.04193, -0.06616, -0.0841, -0.0642, -0.05865, -0.07275, -0.0769, -0.09106, -0.0901, -0.08044, -0.093, -0.08606, -0.0762, -0.07007, -0.0432, -0.02817, -0.02617, -0.03613, -0.02054, -0.03735, -0.03522, -0.0323, -0.05444, -0.067, -0.0625, -0.0625, -0.09143, -0.07947, -0.0625, -0.06122, -0.05432
-0.0751, -0.0625, -0.0718, -0.0759, -0.03882, -0.02731, -0.04486, -0.07654, -0.0934, -0.07007, -0.0668, -0.09863, -0.0901, -0.07666, -0.05542, -0.05988, -0.0473, -0.06934, -0.10376, -0.0995, -0.125, -0.1416, -0.135, -0.0996, -0.08203, -0.077, -0.06104, -0.0625, -0.068, -0.05157, -0.05206, -0.0625, -0.05383, -0.04694, -0.03632, -0.01633, -0.03125, -0.0625, -0.08716, -0.0902, -0.10657, -0.125, -0.0592, -0.02469, -0.0625, -0.06604, -0.0891, -0.125, -0.125, -0.125, -0.0969, -0.09985, -0.09985, -0.09485, -0.125, -0.11865, -0.114, -0.125, -0.1641, -0.1733, -0.1299, -0.125, -0.1384, -0.1592, -0.126, -0.11523, -0.125, -0.125, -0.124, -0.0834, -0.10547, -0.103, -0.0918, -0.1072, -0.1189, -0.1111, -0.11475, -0.125, -0.1396, -0.1528, -0.1543, -0.12, -0.1409, -0.125, -0.1023, -0.0952, -0.08215, -0.05963, -0.0625, -0.094, -0.0625, -0.0625, -0.0642, -0.0625, -0.0925, -0.1353, -0.1418, -0.09644, -0.0625, -0.0625
-0.1406, -0.1482, -0.1531, -0.1313, -0.11035, -0.0852, -0.1105, -0.1113, -0.125, -0.1321, -0.114, -0.1633, -0.1553, -0.1208, -0.11926, -0.1188, -0.1033, -0.11145, -0.1587, -0.1895, -0.2246, -0.25, -0.2297, -0.1516, -0.1709, -0.1897, -0.1555, -0.125, -0.1538, -0.1572, -0.11633, -0.1511, -0.1423, -0.125, -0.0816, -0.05212, -0.0625, -0.10205, -0.1292, -0.1411, -0.1597, -0.1641, -0.125, -0.0835, -0.12036, -0.1375, -0.1855, -0.2327, -0.227, -0.2207, -0.1737, -0.1426, -0.1558, -0.1792, -0.2051, -0.179, -0.1865, -0.228, -0.2463, -0.25, -0.2451, -0.2383, -0.2852, -0.2905, -0.2375, -0.2268, -0.227, -0.2231, -0.2185, -0.1731, -0.1587, -0.1753, -0.1702, -0.2148, -0.2239, -0.1697, -0.1931, -0.25, -0.25, -0.2166, -0.2334, -0.1892, -0.25, -0.249, -0.1633, -0.1362, -0.2007, -0.1526, -0.1526, -0.2241, -0.1882, -0.1938, -0.1572, -0.11194, -0.1772, -0.2236, -0.25, -0.1597, -0.1039, -0.1392
-0.3115, -0.353, -0.3271, -0.25, -0.2468, -0.25, -0.25, -0.25, -0.25, -0.25, -0.25, -0.2925, -0.2852, -0.25, -0.2493, -0.25, -0.25, -0.25, -0.2876, -0.3276, -0.3843, -0.399, -0.3892, -0.3252, -0.3826, -0.3745, -0.3438, -0.2932, -0.3525, -0.3994, -0.3608, -0.3438, -0.3115, -0.3025, -0.2332, -0.25, -0.25, -0.25, -0.25, -0.25, -0.2754, -0.292, -0.2793, -0.2451, -0.25, -0.287, -0.3354, -0.3862, -0.4062, -0.3823, -0.354, -0.3271, -0.2974, -0.3438, -0.375, -0.3403, -0.3442, -0.3594, -0.376, -0.4106, -0.4287, -0.456, -0.4814, -0.4985, -0.4595, -0.4565, -0.4297, -0.434, -0.4229, -0.3638, -0.3464, -0.3982, -0.3735, -0.409, -0.4355, -0.401, -0.4668, -0.4375, -0.4297, -0.352, -0.3916, -0.3647, -0.419, -0.454, -0.3435, -0.3477, -0.3777, -0.3408, -0.3638, -0.425, -0.395, -0.4124, -0.4067, -0.317, -0.397, -0.3772, -0.434, -0.37, -0.2534, -0.315
