-7.299109884478296, -7.73727521762697, -8.017977000921462, -8.314528864357309, -8.637913970211418, -8.931993233419803, -9.166763608065894, -9.334164031794124, -9.389025461083191, -9.22631454232135, -8.77018200997401, -8.108225172253263, -7.489950187125868, -7.144235680190171, -7.120547164024089, -7.3294117578853495, -7.663672735692524, -8.030486131671799, -8.335079556442892, -8.503087914021565, -8.516648315406375, -8.414114544128243, -8.256684321428521, -8.102432902777506, -8.014934285436041, -8.074904120596122, -8.328601458099657, -8.68149137356826, -8.873218406439472, -8.650460812743761, -8.017933077227465, -7.277479685328652, -6.764780807733648, -6.57287306445721, -6.580481066567693, -6.670859723040019, -6.818689397661977, -7.024051997225948, -7.267536790985062, -7.5250938866004535, -7.7880440171670156, -8.067069179269893, -8.384215690019603, -8.75747639976514, -9.181376160073004, -9.608447562453945, -9.939653030701331, -10.039359322138022, -9.79938098620192, -9.245374921326905, -8.598325118747466, -8.19888829283921, -8.323228236205512, -9.026749519858644, -10.134006746775906, -11.351792571007518, -12.388457516727666, -13.015453254334048, -13.08486149123519, -12.549013242839306, -11.507436269953176, -10.230425488807116, -9.069860110433043, -8.267774516776521, -7.825848551834743, -7.590092598710249, -7.455511215503783, -7.435632747032592, -7.5636566815878, -7.8129631991337485, -8.113359513875682, -8.396214249806558, -8.62160862519097, -8.78501787137844, -8.909068737640062, -9.025914160104081, -9.15826927777026, -9.307969033366879, -9.4574860179125, -9.582286882561325, -9.664094700453147, -9.695235427549855, -9.674444279282579, -9.603546948161261, -9.491080760111764, -9.357867595832086, -9.234386163977941, -9.14549282344173, -9.088823870591117, -9.022711921765964, -8.882879476043087, -8.632164601781597, -8.304341220559493, -7.974123860983023, -7.656779045716339, -7.2765240179960236, -6.8015247218838475, -6.3892395112385305, -6.316282832822047, -6.70585105631324
-2.7307288081140566, -4.04126114118637, -5.068167866944448, -6.192493161766343, -7.335239802261883, -8.295075708762626, -9.020428994463037, -9.55902713532694, -9.816425951967105, -9.432206488678908, -8.061857906565692, -5.884587485851704, -3.7010028926562217, -2.354487147530355, -2.112270931904604, -2.723123694998661, -3.829058857232287, -5.1020093042366295, -6.202287985046739, -6.851152435451058, -6.954375014396154, -6.618351430919964, -6.054855498584035, -5.49203716901732, -5.1823249863097995, -5.414988569004782, -6.3354842030987415, -7.61690455243535, -8.394574595505711, -7.799733739032463, -5.7678354056066325, -3.241926156189, -1.3743884980079601, -0.5576421253200341, -0.4472759116288083, -0.6836512559831224, -1.1882334454365486, -1.9549819793164227, -2.9081046902143197, -3.950318955152667, -5.0287287149915665, -6.149195509844513, -7.35070167735622, -8.65760686373205, -10.02583311657733, -11.298637186687678, -12.185482452425024, -12.297049226735444, -11.32719767724294, -9.399142059105078, -7.278752640740696, -6.0791974042889985, -6.568988107825599, -8.710026993562863, -11.827298598753003, -15.091165337338355, -17.832870389703512, -19.58938410672676, -20.014997177099097, -18.845166594161412, -16.06927914254599, -12.210638612067049, -8.289749108485841, -5.258315420019413, -3.386033920206017, -2.336915426639901, -1.7950688351451107, -1.7488914255085926, -2.2379756628450793, -3.129935186129303, -4.174891669455212, -5.140916404529457, -5.892215245897544, -6.408125299055352, -6.760214008229852, -7.058951456729967, -7.390235334568242, -7.771120817805032, -8.148053360144827, -8.435740996794907, -8.56537479454726, -8.507646403984742, -8.267265786124865, -7.874637342656553, -7.3910633225232125, -6.912464152052685, -6.5457972478205715, -6.353643423206246, -6.293203612303227, -6.197043420063865, -5.8460988619076595, -5.137456655722309, -4.217141350434927, -3.363951323533124, -2.648100380259025, -1.8196414249977066, -0.7333235043250539, 0.19249071440470872, 0.19176239688556207, -1.0356008360876512
2.6610854755533233, 0.4501294283888667, -1.7016334274242086, -4.005804644818887, -6.105170223756777, -7.653308233762696, -8.705284200541467, -9.543633997217182, -10.149056962866867, -9.86833648735775, -7.859695992420121, -4.117497923464747, 0.07747434555281664, 3.0407374041455233, 3.9823944706555148, 3.167462122769208, 1.2050812016183414, -1.2790261052080707, -3.600836266696813, -5.148737475715513, -5.630355056475036, -5.154399970821617, -4.098577968638032, -2.9386227867948467, -2.2105129656299414, -2.4862958527898966, -4.05686200408395, -6.395095066843758, -8.019776958352319, -7.303436449771159, -3.867374898599436, 0.8300093526661292, 4.672256824006975, 6.698124860879049, 7.308468546651004, 7.059935927555559, 6.091910266384811, 4.450998581213746, 2.3294965090981674, -0.024066079798776126, -2.431705074739787, -4.822121739988115, -7.192255992208241, -9.53084406918382, -11.737510498394304, -13.563177748864907, -14.581403609809241, -14.228487856353036, -12.08406995768082, -8.466847811869028, -4.792683637654058, -2.943299618940742, -3.956905817880545, -7.421296433302209, -12.100205836836132, -16.816288248926252, -20.805564688680047, -23.627854973486247, -24.91001511287428, -24.13240362435924, -20.796812950093955, -15.089641172481576, -8.330474726631815, -2.349122268061388, 1.7963547196256713, 4.22787389512554, 5.403789446784098, 5.472668238864436, 4.499134960351513, 2.777586586353008, 0.7639695415600644, -1.1204645557597814, -2.607934023229563, -3.624084205313037, -4.268371692805513, -4.737017027235909, -5.2096532242281945, -5.752118962249891, -6.291732256889029, -6.678281964677184, -6.780538716905618, -6.548274566946583, -6.0180164354623304, -5.29487024404645, -4.537273146301686, -3.930529348118085, -3.625549007752926, -3.65221612115078, -3.850723913670915, -3.8783807650453594, -3.351547368260248, -2.123267795992368, -0.49644248228581056, 0.9745455976031919, 2.075302007786767, 3.1911429002192597, 4.684326078243941, 6.1071593842979555, 6.388984262197351, 4.970052125989136
7.521190984234297, 4.626844641988895, 1.3587891102508252, -2.0349403433171616, -4.833414628184173, -6.602384252483614, -7.6189291568016815, -8.53289637572249, -9.527071716257627, -9.734419874147488, -7.73825801298602, -3.0392153380006595, 2.9679135165647628, 7.8453926439126205, 10.0287945709848, 9.503329757260275, 6.9804098741556935, 3.3369927998916795, -0.3869231174383359, -3.1684614604426087, -4.382604012632696, -4.006571971447997, -2.5164823702662855, -0.6530457707266192, 0.7084773055455837, 0.677503742259745, -1.2141381196449341, -4.3587728571305435, -6.8742789417543255, -6.484350191578673, -2.2881616868170074, 4.161532736713583, 10.021620751304177, 13.594399834546492, 15.013928586666914, 14.866694433655347, 13.364477703588465, 10.664440630018884, 7.142061630432225, 3.2574402032963863, -0.6324595706468651, -4.335767602003226, -7.777304595096213, -10.89495037170676, -13.531721101699329, -15.365787860375061, -15.89968688345696, -14.545312901553578, -10.992156487680578, -5.927200885377551, -1.3610909454257387, 0.40563136735489147, -1.477298007773891, -6.013329963777675, -11.55119689957198, -16.83795692167358, -21.209313963052047, -24.398248505329875, -26.232873785294338, -26.2238178618225, -23.467536582421857, -17.418924216074384, -8.977432157355798, -0.3914204030561896, 6.311959208392714, 10.543465089933381, 12.635294535303476, 12.899390057083707, 11.575475663579125, 9.11103235465107, 6.12823501560469, 3.2275705928581466, 0.8423836917521937, -0.8354235439047488, -1.8657824065413549, -2.49058052772287, -2.9880680094915513, -3.5152086691944424, -4.034865302052498, -4.376134772870116, -4.373011249477061, -3.973552770013661, -3.2642753487712026, -2.435325197142221, -1.726028448227323, -1.3564776360680915, -1.442307500232007, -1.9140646608656697, -2.4774817286742663, -2.6539600286240925, -1.9577044175947238, -0.22655372646519842, 2.108090364913998, 4.238549069377792, 5.723730038291641, 6.937763040329777, 8.471173496467914, 10.133392997101629, 10.87707281905076, 9.867585478453211
11.180488888157624, 8.073384748557803, 4.060711885109127, -0.09577972716536015, -3.3114013264388285, -5.074162060578294, -5.867423172415597, -6.692133504853852, -7.9849059423399, -8.819917757994657, -7.340804365512745, -2.4304725541391328, 4.820811765166048, 11.587055794171324, 15.486194531674455, 15.912787161984628, 13.425664347082286, 9.016635777911405, 4.014081210342193, -0.14210572659164022, -2.4022104205126555, -2.4716518329358683, -0.8107442464853154, 1.6199332233873829, 3.6191287206054708, 4.020346111406571, 2.2099384992886595, -1.2501326181092367, -4.4124576132737205, -4.672195085855074, -0.5688839645463019, 6.7080206468912555, 14.07600015382055, 19.144903662830878, 21.472594961295574, 21.45898510894814, 19.3963025493431, 15.633163324406125, 10.775341027114012, 5.50295793280861, 0.34057139602435915, -4.417091928986922, -8.640652046976514, -12.233534736258042, -14.993101552164228, -16.527864162337835, -16.29209752075148, -13.78375375685807, -9.004694069307057, -3.117643881926738, 1.494185552372506, 2.602530600086781, -0.12021309364685472, -5.224376030848473, -11.020284755152193, -16.399600337729183, -20.746011079616213, -23.812638996966076, -25.61416423004794, -25.964608291448627, -23.998700423172615, -18.61589724205584, -9.866675671386563, 0.3288081216684847, 9.345912682827095, 15.653211110626389, 19.089187748072888, 19.97341907641317, 18.68483272922228, 15.776449454577879, 11.98895991699448, 8.087790265944573, 4.693859648425061, 2.173039676232792, 0.5867192564573368, -0.27585085811403953, -0.7574799519053627, -1.1314584642000631, -1.4646412554150132, -1.6427836863136218, -1.5217586803491472, -1.0708927055755848, -0.4151859094285765, 0.21359214312527183, 0.5636441627800997, 0.45412375440884595, -0.14638061444899578, -1.0709261728083155, -1.9476143022901315, -2.2528451736859636, -1.4795162792693797, 0.5398184625918184, 3.339895136560559, 5.992213789952157, 7.848426599036907, 9.124076185035817, 10.502169547853397, 12.145845167967218, 13.310595869616938, 13.040599846104172
13.299906556464855, 10.569989387025773, 6.343303684362061, 1.783282426193331, -1.6934592989549104, -3.444822566241374, -4.030511835316704, -4.67200261562197, -6.056736991225189, -7.38955072828135, -6.638597304739512, -2.1385926198114995, 5.623826825895377, 13.91220249114618, 19.731286688914793, 21.693046216019187, 19.927785061204904, 15.361989007798535, 9.490589258463883, 4.088821326297367, 0.6265717095407233, -0.24740787495669564, 1.1449687092754346, 3.7365425747992673, 6.110422618927058, 6.953848985243842, 5.592799609551305, 2.4417257693967405, -0.8424989661210799, -1.766908634219517, 1.5268536678720888, 8.526507224790125, 16.458273382063783, 22.520862633453095, 25.569115706160613, 25.63051749120073, 23.049967737851365, 18.41023882171969, 12.54907321653701, 6.316162529463646, 0.3357129905398495, -5.052532815178205, -9.70566010747908, -13.522363099362241, -16.280282111479035, -17.538753084997918, -16.71550923256922, -13.412136264380662, -7.955866172545849, -1.8820771258468194, 2.3653456667175052, 2.958871935375778, 0.05013663692247539, -4.876904293894622, -10.456720282660234, -15.782826932108987, -20.1401757081474, -23.08742597889502, -24.629810579438093, -24.885799341400645, -23.380808440502967, -18.951572144864386, -10.897862794547429, -0.2831854687993849, 10.35728130550489, 18.748452417423927, 23.958191478410363, 26.009061012529862, 25.27461335405216, 22.360384842259435, 18.0996232458575, 13.403412897119225, 9.064866539910204, 5.631644800549064, 3.3383964559542343, 2.089508347563551, 1.5492462021973277, 1.3455999627480926, 1.2643040380356136, 1.2888471789645846, 1.4807010476173648, 1.8322777130132186, 2.2122716847060953, 2.4124386316989606, 2.237420154527775, 1.5871212449705125, 0.5096578432586257, -0.7785610663876277, -1.9010973485430165, -2.3681639851838123, -1.7140145299779352, 0.22844861979834244, 3.054321785012875, 5.883816410901047, 7.981951907069531, 9.35572564150203, 10.601349410045914, 12.13020457987936, 13.61926557318345, 14.22919048837766
13.840756477909757, 11.946314558420285, 7.996469896137839, 3.368255534517346, -0.25996544625883466, -2.06225570432219, -2.5143275671904752, -2.8868275566375194, -4.085692660858216, -5.627716452118824, -5.606222783979538, -1.9977190471757909, 5.449873239092061, 14.527786275944223, 22.015635623145016, 25.76291443714079, 25.26879155592412, 21.207778090765277, 15.0826196323767, 8.84226828055517, 4.262698844069754, 2.341822605012062, 3.0003058813439765, 5.229169820781621, 7.573859933598255, 8.73113330460533, 8.056192991011573, 5.783238792838129, 3.0485204241196366, 1.8078682899802236, 3.9646928418531484, 9.733166739301112, 17.084826616610844, 23.26018674221361, 26.562971357007818, 26.584992525043674, 23.649530868308034, 18.51894488803059, 12.183405007326943, 5.562075027980242, -0.7058138935798697, -6.28720199069099, -11.051521268900885, -14.909627497335144, -17.646181188405002, -18.81542017990997, -17.828652154657018, -14.341283126302105, -8.833949009538458, -2.946590425472979, 1.0678887603302822, 1.793458969657589, -0.4941832531191866, -4.685024096337604, -9.827827544757099, -15.078311008547141, -19.530331795817958, -22.512713591533007, -23.891488300916524, -23.90710926746703, -22.51944240159187, -18.912206950811537, -12.064513809965797, -2.1086541079961094, 9.118459530683772, 19.14082693605455, 26.273388957247313, 29.9522212022248, 30.3190799936559, 27.94359568268866, 23.71727540324566, 18.659626041653905, 13.685755325000706, 9.483790946018548, 6.464344152575516, 4.70552126602555, 3.9633466517857086, 3.828369313338233, 3.946278127739344, 4.13330168501129, 4.326459857773127, 4.4680268192498565, 4.447093744065587, 4.125433671224651, 3.39974902183719, 2.253294343394159, 0.7829939289038254, -0.7908469759088667, -2.128204668383241, -2.8046231324093496, -2.422277800671539, -0.8261785301134885, 1.6739073919139225, 4.345345112819108, 6.483784069088466, 7.9271046137148025, 9.089363674612706, 10.480254908053336, 12.17367635166637, 13.621330751977663
13.135048273539555, 12.228386388243852, 8.872835969651131, 4.461615764825771, 0.812267686885278, -1.0683759913837616, -1.453451261604069, -1.4950040734510246, -2.237251634810123, -3.6203926793092363, -4.146466144055475, -1.7186162503907165, 4.608851615869414, 13.461645499839562, 21.867355273620046, 27.174290629737136, 28.20364927621487, 25.215086412450464, 19.535225389091202, 13.079229964857099, 7.740975707798986, 4.777929698895126, 4.403470410734124, 5.82383196908672, 7.7253144677546866, 8.938708156153849, 8.918277931818166, 7.786109670770859, 6.167494065528701, 5.241071444938261, 6.501453627257196, 10.610067169944777, 16.45151740638268, 21.781509956764435, 24.74602632089156, 24.60838889487817, 21.575820844517445, 16.429309883061528, 10.158300129092455, 3.6443367752400486, -2.5086549726620704, -7.985206589317558, -12.661724739966747, -16.454237573870845, -19.160831644501364, -20.366739339652234, -19.520327078192842, -16.291486738649436, -11.121488705156542, -5.490268396218793, -1.3410875870912629, 0.11258265604292514, -1.1286793670411492, -4.495288953498505, -9.266070446865166, -14.453112686991773, -18.976183571357296, -22.065764718899615, -23.462182165579048, -23.342671569243212, -21.917986635970955, -18.85906251879292, -13.287340139624026, -4.7199051434881865, 5.95394040476538, 16.671944764000433, 25.3707086047888, 30.83735866162021, 32.763264696753865, 31.52322769409389, 27.971403757617566, 23.161939785659566, 18.062846620775467, 13.439883534026743, 9.845333026589083, 7.54950158100928, 6.467610924192906, 6.234271170830602, 6.410699191905247, 6.660378254783799, 6.785587213503633, 6.67000841517455, 6.228814378269486, 5.405126386462135, 4.187754237532923, 2.6243182434500323, 0.8319401363560084, -0.9846351121518151, -2.5198866050942765, -3.396604039628874, -3.2714274090441804, -2.0129416588503712, 0.1316560997835927, 2.5567632049765305, 4.612584805511983, 6.019337290729368, 7.020907297449654, 8.16080708210865, 9.844866528983479, 11.876923736298055
11.745840687556635, 11.667960908336449, 9.002255089747248, 5.002115673927728, 1.4693397590724016, -0.480148838955707, -0.8739089774252259, -0.609005937333583, -0.727652070417061, -1.5782282168500374, -2.271450853270264, -0.9837405246743182, 3.6807469369409014, 11.27945120216904, 19.519422491993428, 25.69345942938357, 28.10549197465246, 26.515188084709493, 21.893171191197414, 15.914104038510049, 10.38934622185738, 6.692614571690279, 5.295240934844837, 5.6942907747106, 6.8333756504160075, 7.754067910098246, 8.057543979073877, 7.87964381934155, 7.555658409863282, 7.557297024866954, 8.646676212628552, 11.433253817140693, 15.514871492879912, 19.42964962084673, 21.604652314153626, 21.201574868041114, 18.256499695046777, 13.396158443725083, 7.471583804929708, 1.2724175224215541, -4.629111533327092, -9.913524972217672, -14.443995704344056, -18.12297572162242, -20.745752301788364, -21.93169022207919, -21.19799300443296, -18.241973093338185, -13.391792603994771, -7.854685342329435, -3.293951640277537, -0.9654902011430796, -1.3318697527589776, -4.218438373829026, -8.840590162827496, -13.968492282794, -18.472722765637382, -21.66059382885362, -23.227870477769613, -23.18700506617489, -21.76085958106778, -19.002109004837173, -14.453223691221686, -7.49416287840261, 1.765995205526976, 12.053313537374551, 21.475181987858136, 28.428761917879108, 32.09577877551586, 32.48371348515829, 30.245558514544093, 26.345414566752318, 21.717293636615768, 17.139097060220923, 13.255491361687195, 10.512884593424523, 9.018324445908029, 8.522484080181496, 8.581544347361595, 8.76189982879307, 8.753102988058348, 8.378634848608915, 7.567654986454882, 6.326926896274198, 4.713565835588115, 2.8134343690753387, 0.7469346362368093, -1.2919879543340047, -3.0016493172224235, -4.004367085677982, -3.971430215384227, -2.7999747890646574, -0.7454452266379247, 1.607941841843057, 3.5999813315384417, 4.8588809575884975, 5.532351321339742, 6.222091276331071, 7.6118695984557565, 9.82859392620567
10.172202841337404, 10.597462032993006, 8.546387528250838, 5.046270832664203, 1.7402512043093916, -0.25526412611059407, -0.7507732266150442, -0.3112679374259611, 0.1871595292896111, 0.1337559720893865, -0.23176452458613023, 0.33853046662158437, 3.3004307454393125, 8.981259749935091, 16.008393329649834, 22.095163449486883, 25.367577723146347, 25.138332427150267, 21.905413313792426, 16.94522549727864, 11.829177513369327, 7.9002452996584, 5.782697082421323, 5.232593913467464, 5.474961935116415, 5.789896262719252, 5.947014471873857, 6.19298285327518, 6.842732016228888, 7.988591326230964, 9.678551423458131, 12.049341466979477, 14.940521418517571, 17.571790023793753, 18.884494368471564, 18.15756470714722, 15.287476972201988, 10.68554130499294, 5.0325229966269935, -0.95638556400522, -6.709100034160022, -11.879168640305485, -16.300533166637322, -19.84351257933631, -22.27428976797498, -23.223186559616014, -22.285074234224957, -19.236463636049866, -14.359510100635212, -8.67199258029791, -3.704557562338982, -0.8819496713295654, -0.9960327295768379, -3.9113868593278953, -8.571639732353608, -13.590857807420848, -17.972727099536456, -21.225899705938783, -23.065584325880927, -23.317397501079125, -22.043436110612795, -19.454729219245575, -15.537866399789966, -9.921521413789625, -2.354884465961814, 6.660366301249658, 15.813008652613382, 23.551758089825107, 28.728444970621542, 30.925374028577917, 30.43767485221764, 27.985828219372006, 24.36316662999714, 20.292562108830268, 16.45929467551929, 13.448169907244068, 11.554318669516322, 10.686700896342124, 10.470501264787071, 10.448451757432004, 10.242659086399781, 9.625922135270297, 8.523536832004734, 6.973423162621181, 5.065555928698814, 2.897478327694117, 0.5862813258207233, -1.6666673649119428, -3.524325124387764, -4.558563618580063, -4.414343247431866, -3.0199212106925177, -0.7133430066821047, 1.8208458275612827, 3.8275662192293187, 4.864321222187872, 5.074511208562801, 5.165875679984302, 6.038559366965888, 8.056218374545981
8.663040139626931, 9.281840214905905, 7.705088139270246, 4.713988317664048, 1.7001083698552428, -0.31618625365486885, -0.9971906052364492, -0.5746756332318241, 0.36250515629257024, 1.1537897655646308, 1.5287302633895725, 2.030257496815806, 3.785219119273055, 7.520927667151816, 12.737940524313109, 17.880428906990264, 21.28064950059765, 22.002408292130138, 20.08667473854603, 16.353718940778585, 12.04752136578682, 8.360882528413446, 5.9405614483634785, 4.703356474285633, 4.110780678804174, 3.6705595104921906, 3.313462052656651, 3.411476011861728, 4.40843958574592, 6.375282888098807, 8.974463869070668, 11.792465913802998, 14.467575725099032, 16.513573867869773, 17.300113373527267, 16.315269630267174, 13.411364232862073, 8.856447441923244, 3.228290328850619, -2.7815045392479836, -8.575801515609834, -13.768370916369193, -18.148193053481236, -21.531971363494655, -23.631495209769874, -24.06360418437217, -22.50222115425453, -18.87185954258467, -13.560490560662801, -7.598561896082072, -2.539167405938492, 0.09889057059857145, -0.44485743772924097, -3.7378499401373646, -8.4487139673922, -13.247746266019812, -17.42473025303022, -20.723474223745878, -22.89230511224676, -23.593538587639756, -22.66093495440249, -20.254564152228376, -16.640944080156718, -11.844815041440109, -5.672214977606636, 1.83583734346057, 10.029551332336988, 17.76710133439347, 23.890818124627806, 27.67773544872683, 29.017587816177542, 28.27188445484802, 25.98965239464934, 22.770234776731726, 19.28687073802489, 16.212987904906278, 13.999871333178472, 12.72248963451612, 12.124543960201809, 11.793129055036928, 11.336980431268595, 10.498130452669349, 9.183645374328036, 7.427360504260299, 5.314072228611721, 2.9292256283918143, 0.38715564674398306, -2.080590422159377, -4.068156078938304, -5.0644237546157305, -4.666832427776341, -2.842808426532396, -0.06726135391930821, 2.794113264604421, 4.848788597208436, 5.623535420636782, 5.336154970879322, 4.821031870374481, 5.111649589525523, 6.700737260294698
7.261242013384057, 7.883750645662076, 6.657734992264803, 4.138129313671774, 1.434564481575739, -0.5777660140110109, -1.483278089583313, -1.2457019614689766, -0.13952876659168256, 1.3063549587348997, 2.56345902982203, 3.5647393442481303, 4.885248747774936, 7.23468656600435, 10.688591591462353, 14.44812843328332, 17.313278802920298, 18.365902349188552, 17.3536291892672, 14.708700717672485, 11.331954240864327, 8.177379609398137, 5.792933043032191, 4.153073582991589, 2.8984751232154817, 1.7435764159124723, 0.7561328652930596, 0.3752644400662602, 1.1494216110948792, 3.3064732081366808, 6.508024125476251, 10.048621496545826, 13.223174765718294, 15.456752611767222, 16.259559969053708, 15.259969359556766, 12.336729519629186, 7.721964082025657, 1.9715749728878817, -4.209956962064568, -10.18784493596165, -15.518452346858872, -19.91532373331309, -23.111253906972124, -24.746429224188578, -24.420575147493544, -21.904209307980945, -17.34453252243016, -11.393078312197257, -5.273179039203009, -0.5984528215161863, 1.2532153499143648, -0.09256914809193102, -3.7825668307573395, -8.38708859709562, -12.842436964189602, -16.78121547254179, -20.134771863351865, -22.659638018041814, -23.89508694717009, -23.46541607652742, -21.359584647899958, -17.904477330190794, -13.442160656365372, -8.064871622623933, -1.73323832203863, 5.357101828588536, 12.577302202701954, 19.029790011420083, 23.91296172191873, 26.804436985309742, 27.690913812335356, 26.81892689095644, 24.608462088167705, 21.66885243997843, 18.705933621583224, 16.27818837767885, 14.607466613552813, 13.57742877137873, 12.869211285802397, 12.127859018847996, 11.089116843412976, 9.633221624078594, 7.7582736766738485, 5.509010577056895, 2.93990619282135, 0.1681179653740702, -2.521843381548131, -4.63201605353136, -5.557412527511051, -4.8517591997225225, -2.537895114474506, 0.7460747242594524, 3.9314029653830986, 5.999208931110393, 6.495406658573428, 5.758231749402978, 4.7363740717002605, 4.51409418435445, 5.620984557191218
5.959348625696479, 6.5123444304847276, 5.5499260819667695, 3.434276335367848, 1.0155498376139427, -0.970981235173404, -2.078014741238897, -2.1009753986914035, -1.0696484976810108, 0.6966261945679124, 2.657475993958204, 4.387347052002834, 5.923126480854317, 7.669002535799092, 9.889067968134226, 12.325753574789099, 14.300140954916591, 15.131421452590718, 14.508837664781032, 12.63083480386336, 10.093413423129467, 7.557044103359806, 5.383342040051921, 3.5369150059944374, 1.8075827477019384, 0.108162844485368, -1.381825020254839, -2.24175069054607, -1.9504113629306967, -0.1588775330567388, 3.006975974950601, 6.904824717492871, 10.660771084786155, 13.477316249601712, 14.74985727760917, 14.086269238029425, 11.366499632984791, 6.820817309449021, 1.0083305296415142, -5.34701708802176, -11.560258782515607, -17.09624762695809, -21.546718078552793, -24.52622023461869, -25.59998078815161, -24.375999346257792, -20.763445561344263, -15.197574972843816, -8.686485912314396, -2.6995182629283536, 1.193251802290021, 2.0032365114068678, -0.09960817452529906, -3.9484481382326027, -8.239457058199497, -12.2818609578703, -16.007216947517584, -19.448789032529856, -22.338300313083188, -24.13272057778352, -24.308782525956303, -22.660570838723803, -19.408093958272406, -15.020129129974071, -9.88242675649917, -4.134659099124108, 2.1686027958799956, 8.778118182398611, 15.150791494735515, 20.60790982480808, 24.58828843009149, 26.790349975222714, 27.171641803143974, 25.949116263260322, 23.625393570085382, 20.88280254146971, 18.332055440275596, 16.308314928352413, 14.835831377824006, 13.719842803923246, 12.680106488584011, 11.468628734685439, 9.933668748989, 8.011159615468246, 5.6768674515631705, 2.9414081348616254, -0.0660625832706115, -2.9866856020532913, -5.214661294993532, -6.054110506147774, -5.035306165639793, -2.2585888139734633, 1.4685180638623547, 4.892842417436557, 6.9085270329459565, 7.120871174642667, 6.003827793469319, 4.597709930073963, 3.9819453871193904, 4.663121299544587
4.791825275735507, 5.2643546095961655, 4.494373736979295, 2.689066029062945, 0.49672831103067017, -1.4440087924179066, -2.6735830765010156, -2.9197356379370545, -2.09271900936806, -0.3345156586410511, 1.9519952246417416, 4.258015910926776, 6.271841158528023, 8.01602064198315, 9.645908082186846, 11.145039514252915, 12.240372108830233, 12.580922247296867, 11.985891577406214, 10.575314474600102, 8.703914293352549, 6.729225343057883, 4.794910603703184, 2.8378534761563516, 0.7965635442148432, -1.2185368521078108, -2.9410136634636688, -4.044047515628696, -4.1729162207283945, -2.9992770236783834, -0.4301154090782189, 3.1829264820764407, 7.086539820517338, 10.384810104585558, 12.285796438974215, 12.239673000291845, 10.026038750859133, 5.813699185520945, 0.12695644005612394, -6.306731313114195, -12.737591778968742, -18.49819846988904, -23.01100569418741, -25.744620956173463, -26.20132589907365, -24.045213533177883, -19.379447273266354, -12.96281375334188, -6.155203826287473, -0.5916734346749225, 2.363223039498031, 2.237754023223425, -0.3163108431285224, -4.029338120795049, -7.872220534429353, -11.514300369506248, -15.088929079053171, -18.65575518963577, -21.905085790800715, -24.2459113549843, -25.07171397166341, -24.018451381667784, -21.125763678802322, -16.808083181075386, -11.609594887244077, -5.919828471680397, 0.09910860550427551, 6.33831877026476, 12.531553328729087, 18.211766205128516, 22.839438310697048, 25.962684387532455, 27.324545195456913, 26.954787595081868, 25.225245180292667, 22.748115291300255, 20.1354058118056, 17.798798061965634, 15.892779581799273, 14.362227817682923, 13.028199688059976, 11.676067457329047, 10.117615253781477, 8.20494212307055, 5.822705898741792, 2.930782588200432, -0.3182014222746738, -3.4715012817888686, -5.80327470130199, -6.533437337393118, -5.193738719222458, -1.9874903570115765, 2.1060373434249255, 5.677117620509798, 7.573190451786148, 7.486534478719848, 6.032461686853265, 4.331934872699136, 3.434657019640085, 3.788079914654191
3.8202022311715793, 4.2188679480786355, 3.566151381958057, 1.9596877384949758, -0.07746170277862147, -1.9469569467101582, -3.184091298083707, -3.5319089564831527, -2.908302732994462, -1.3698456830237467, 0.856440947814842, 3.37439651186852, 5.762224490067405, 7.753374305395784, 9.265851613566669, 10.282937753833435, 10.756664730356416, 10.633207222478456, 9.937676338134823, 8.806995209382798, 7.420174444165443, 5.8708504231661545, 4.114063325426962, 2.082727445281696, -0.12663358164087138, -2.2194690084438027, -3.876468556930269, -4.915850781157817, -5.232450453412624, -4.641696055434556, -2.9297931118190874, -0.11528476231182033, 3.367733856304919, 6.740542888983955, 9.118424609427864, 9.758594705714081, 8.24508520807195, 4.589245322957028, -0.7872924204914481, -7.182872038861323, -13.776791451445686, -19.74028698777197, -24.29299478859547, -26.742716151091205, -26.551484328037695, -23.495090817674246, -17.92151090923635, -10.90987729213408, -4.088386055662126, 0.886756237630628, 2.9774448355957004, 2.2067953380637952, -0.46900088037689946, -3.854507674990762, -7.230143413982035, -10.540930179526296, -14.028497063612061, -17.7405722394325, -21.332588674807024, -24.19154061626864, -25.671751938050782, -25.303802788166436, -22.95086967453843, -18.869326745943926, -13.59675499081193, -7.695030752554504, -1.536281917847883, 4.699560241442526, 10.855845032918802, 16.645596230075494, 21.637117559078092, 25.35513703142208, 27.42765054514094, 27.74252766088, 26.538980719683178, 24.3291372566847, 21.68706336826272, 19.068512352087396, 16.74415607671817, 14.805109736903043, 13.19090259492674, 11.731562986846395, 10.197458886765359, 8.339620291543946, 5.936370340515126, 2.8954965577966023, -0.5943834985459101, -3.9697365468003096, -6.37441719379548, -6.94929019704264, -5.250336758541265, -1.6118258789086737, 2.804367699167554, 6.44868001687114, 8.15308697693793, 7.723193305793792, 5.931140740798978, 3.985122834485567, 2.898521195806857, 3.031846472683055
3.082513999545686, 3.414452695079999, 2.799124159709182, 1.2807670115932368, -0.6609393575131643, -2.4196723540022416, -3.5374696070153497, -3.836254082278791, -3.3348961801391175, -2.0933344280813855, -0.1895332249735636, 2.1828484044882264, 4.6766838366604695, 6.892476943867325, 8.520688086329127, 9.414097092674105, 9.58652558434313, 9.180117491176413, 8.405482809128763, 7.447627971492244, 6.3684899835639355, 5.071699821740368, 3.394222707864661, 1.3073205924635085, -0.9358474408740239, -2.895366131448842, -4.24740302124159, -4.984043087104226, -5.26373579075034, -5.088570105581074, -4.2142250029032615, -2.3978039261934025, 0.28364371747335854, 3.3116687075076183, 5.8544073943170245, 7.037859139049728, 6.225151675351004, 3.2057996283267287, -1.7596246297591087, -8.02891541383606, -14.720171246853866, -20.835747709865498, -25.378294415372814, -27.49227902376342, -26.62572522047242, -22.716389420550293, -16.392524247401422, -9.02203559308271, -2.3881895723061817, 1.9649312002090038, 3.366442649604929, 2.225418681415449, -0.36766681254180933, -3.374936570908613, -6.342018210872003, -9.39616311377002, -12.83067371836193, -16.67996799600732, -20.586047491600304, -23.93199858734666, -26.053953897193253, -26.417122364903552, -24.748199806115863, -21.123882785607393, -15.960317092009564, -9.855779599942519, -3.35811177687106, 3.175607561474108, 9.535267965232926, 15.507996814216444, 20.7698890239815, 24.897471487318835, 27.49093782389591, 28.351858279875405, 27.603114182780985, 25.64579865813687, 22.992022001537798, 20.11711427486974, 17.39394043965192, 15.060944897774505, 13.18608970279466, 11.65040316449848, 10.177870107871403, 8.40626115830579, 5.9997107243269765, 2.8177853866794638, -0.9024173883074897, -4.47367422956388, -6.902504593841415, -7.2548836882119785, -5.130681600834101, -1.0246211557336704, 3.6980464366285215, 7.352001826764225, 8.780445404032065, 7.935793182387328, 5.773744775267762, 3.6047958823896433, 2.4059952221950685, 2.4263861605994106
2.570481146284526, 2.8433499154562094, 2.1940882509513107, 0.6757405854147402, -1.2006902543311313, -2.792515364674059, -3.674400178643203, -3.7970055491240156, -3.33012838868594, -2.3844243993461363, -0.9242618100014256, 1.0739649276641292, 3.4320425892825406, 5.7484277963796355, 7.558099537019327, 8.545704511242398, 8.676326884034431, 8.176596963528942, 7.377250116788875, 6.506548706709692, 5.561522408539127, 4.343019732812945, 2.6518334241973287, 0.535152276850443, -1.618101155188498, -3.2834460084376107, -4.190610455005663, -4.518906433404763, -4.654790761874844, -4.752644731935897, -4.566305760837446, -3.6815847819102467, -1.8922050222035172, 0.5588719653927908, 2.9846145680078457, 4.475084945160107, 4.218397209734607, 1.780117048063466, -2.7642952307757422, -8.859478430905723, -15.584706221421564, -21.78520490850092, -26.24900224856656, -27.963560326122533, -26.387683154851878, -21.659708316680337, -14.70729146463225, -7.145485192772884, -0.8119669820494166, 2.9469278090789586, 3.8098845627136053, 2.45771402667998, 0.013070974966072388, -2.6508515838073228, -5.279504346952796, -8.118606532564758, -11.495033331068633, -15.448038822863767, -19.62957108223089, -23.43078122834753, -26.17648266048269, -27.287146158316975, -26.393693355740314, -23.420335117473574, -18.62046012430605, -12.514826049250278, -5.720864928819818, 1.2354607297417983, 7.996862500380195, 14.307338731213463, 19.889118889790772, 24.383003600767108, 27.41278042578684, 28.741593050017926, 28.40188830549549, 26.688689852048306, 24.042457065423456, 20.94191403104879, 17.84948646947134, 15.14797430461456, 13.037418968075666, 11.45178468125452, 10.064551177479235, 8.394398951457092, 5.991811093892634, 2.677246116750078, -1.2521686421390978, -4.97820542433476, -7.368740565213423, -7.42116765782269, -4.797418967504649, -0.18092639862133741, 4.836766220053573, 8.436230145726139, 9.500644132238126, 8.165843623285454, 5.595402697187044, 3.213035111811566, 1.9626906862215656, 1.9665412215782632
2.238741721549991, 2.46612521057176, 1.7355080581806854, 0.1671551782460234, -1.6385526789903353, -2.9963179059017193, -3.5521259731885335, -3.425680912516237, -2.9521768256584684, -2.294075651638147, -1.3144527330905817, 0.21227968703476097, 2.29751637281674, 4.6071809291999575, 6.59241129834078, 7.782704671442818, 8.036651672936184, 7.5758818201877665, 6.7814834954537275, 5.91022907249524, 4.941208630033365, 3.6548118763351223, 1.8866677197561215, -0.21867151310806984, -2.1726699102296503, -3.435812162382584, -3.8495394235194667, -3.785407436457632, -3.802336801603814, -4.1328679997568365, -4.501600762384531, -4.376097039183681, -3.366864014689197, -1.5125758501157038, 0.6514505863227735, 2.246740698528815, 2.3617780229432053, 0.3855991482123972, -3.77880663254953, -9.676936721451158, -16.375522657356782, -22.585358212478596, -26.89286051478859, -28.140602183694778, -25.820038837586736, -20.296712338370114, -12.804094164295313, -5.165032398925592, 0.8006103595349324, 3.9872261382425207, 4.38906125902104, 2.8827532309313115, 0.5823580291706928, -1.7824850857547276, -4.109660480997005, -6.734194499930868, -10.019020537212999, -14.026957703329872, -18.43656588031288, -22.655635195346036, -26.00141552414561, -27.858394706924635, -27.787856907918272, -25.599648309703486, -21.395801701663625, -15.564040869956559, -8.68593754390388, -1.376622827531459, 5.853761413392084, 12.63026629801045, 18.640596747894833, 23.55333654887896, 27.02460800205409, 28.807154124870802, 28.86880004951263, 27.412848361090337, 24.80872961423037, 21.529108402995792, 18.11482712174688, 15.08643977305336, 12.773324287408757, 11.159796627056908, 9.86625645989498, 8.294262576535855, 5.890727058408374, 2.451424120435576, -1.6567296644026202, -5.484129918354238, -7.766448080390705, -7.443490016764366, -4.256854634517422, 0.8985299964977216, 6.1898979212956435, 9.67305551530993, 10.302296799352032, 8.424477252007632, 5.4186025089989895, 2.8224268000882837, 1.5562237688394422, 1.616726250398564
2.023722176648391, 2.2313378711296834, 1.4059450090881458, -0.21963105840323757, -1.9187125828925486, -2.9744438210696034, -3.1472498759681633, -2.7561744212089465, -2.2938588910962388, -1.9458932377921925, -1.4619012195923917, -0.43052339865547673, 1.3331376578985312, 3.5801827844852285, 5.722912533009022, 7.163795557873081, 7.633118291889784, 7.287158555671984, 6.501310457724773, 5.5485749279978664, 4.430632004489033, 2.9745590220965084, 1.1024668372579207, -0.9374047760393504, -2.597986258663803, -3.389112796927038, -3.3127616273358935, -2.933071111353727, -2.929345736060871, -3.5392178019037512, -4.41097388820724, -4.905981392296702, -4.52075530695109, -3.174330450392436, -1.2949797950377138, 0.29026790999591934, 0.6327929872020213, -0.9919656659355927, -4.819810167488355, -10.498534335554389, -17.105611864209866, -23.243102247009396, -27.314515738035613, -28.034076067775448, -24.94578489997592, -18.659094520497103, -10.709501325231052, -3.0915653169177713, 2.4436070464616613, 5.053888866959164, 5.024054243538037, 3.3857434004845484, 1.2284710763723194, -0.8478454500930425, -2.871817838118196, -5.2574645448651385, -8.40716649957277, -12.416002776447627, -16.997579007949533, -21.584486330417075, -25.493891377570133, -28.081105931458318, -28.8509044464719, -27.526281218569213, -24.087644050611253, -18.785003869763678, -12.101294324494646, -4.649157696451919, 2.965557090197578, 10.236797896392234, 16.759445576478175, 22.173948792655832, 26.14366275154429, 28.41467903561706, 28.907396108121763, 27.749271717052142, 25.244352192266447, 21.854240216937352, 18.18828184524967, 14.89460881571788, 12.422397407800547, 10.798948521663855, 9.591145803671154, 8.094321658748047, 5.6720541377179865, 2.1147537348953493, -2.1338140936152423, -6.00005144304322, -8.102414173366194, -7.339522800848721, -3.548975967083598, 2.149573795685243, 7.681952903940474, 10.999709557050787, 11.15616315128139, 8.717512799894712, 5.264314685926647, 2.4413907452553305, 1.1642867993385269, 1.32510648676791
1.8577436290047438, 2.0883545221447957, 1.1914294684941442, -0.4607174702983568, -1.9986406541616202, -2.6937369779591265, -2.4576705981737574, -1.8257150274016505, -1.4285447441303534, -1.4382322186062142, -1.4707605966843154, -0.9395560770992284, 0.49010533807311707, 2.6486409706371012, 4.931945299622755, 6.641544672506859, 7.375644435770827, 7.187790278565963, 6.407502925620323, 5.315560880697043, 3.9675443145117573, 2.2861318722997055, 0.3136159258327379, -1.6005373145253903, -2.8881683319853977, -3.159229790161629, -2.6093090134239074, -1.9895866216430953, -2.060044813277547, -3.0152115386111746, -4.396062490847134, -5.456171646083537, -5.60717084496859, -4.697808617107327, -3.092018350157627, -1.572136842873178, -1.089841544456542, -2.433424717510696, -5.943364235269241, -11.365538594689303, -17.80630986225762, -23.783257022684044, -27.538885936911704, -27.680345586301385, -23.824106064747262, -16.832321926308556, -8.5280364502689, -1.0382653144155882, 3.998674192627947, 6.02237436527304, 5.5917193407518955, 3.863549723567077, 1.8834328961700222, 0.11895067969938117, -1.5817218928939822, -3.702513866215101, -6.678760769580292, -10.635115063821537, -15.323362648841197, -20.210821742268365, -24.62762751026334, -27.910392159335352, -29.515294998008287, -29.092278853362636, -26.524504184505613, -21.942944118561705, -15.714389175007796, -8.386108045793543, -0.5847512396565542, 7.091307188174295, 14.129728338221934, 20.098769790471497, 24.629992880076838, 27.446739452137656, 28.425867619347198, 27.629576753781006, 25.3021757288295, 21.891439516956734, 18.066055148719496, 14.587745427328299, 12.008879494659979, 10.38785790150482, 9.240593501757404, 7.776599463835668, 5.306031578314097, 1.6368709412007902, -2.7068840620931502, -6.54291064086717, -8.395656195861305, -7.14374137393316, -2.734405071095001, 3.486717727111259, 9.220248097946714, 12.342627796927063, 12.024832117832783, 9.039306460628609, 5.137905283447713, 2.0629895963466574, 0.7531298303426824, 1.0321906196427535
1.6767982816141316, 1.991484139899128, 1.0785633164274582, -0.5427920135290387, -1.8603414702664862, -2.1533808838691164, -1.506146134142572, -0.6704152562388676, -0.39124377719760123, -0.7994870749972655, -1.3677583672597817, -1.346269961442726, -0.2693641941987104, 1.7671202958891403, 4.158883406662991, 6.12990361821832, 7.150747398787969, 7.14956977220186, 6.380965011907209, 5.125076234145696, 3.5108536832415065, 1.5882083146361592, -0.46014117751823796, -2.1897104543276242, -3.041599937918696, -2.7606044900868976, -1.7504403963252808, -0.9342299926306125, -1.1223305122224196, -2.4455038533945346, -4.337860231323603, -5.957695663474729, -6.643441155268709, -6.182833956164867, -4.884364184802752, -3.48649377344182, -2.92725556035983, -4.030219065143938, -7.21860817561454, -12.333573464504513, -18.524423101890207, -24.24576888837963, -27.603728012916854, -27.1257713470592, -22.523317462570137, -14.913896908037996, -6.381464314259118, 0.8632706503720355, 5.340501229799132, 6.787373534960599, 6.017501519371829, 4.276409914725496, 2.5350479769354766, 1.1167715612512528, -0.24666406852790082, -2.0919665186870446, -4.8697299741236595, -8.723647288647642, -13.444864955751749, -18.547739287621454, -23.392894787432358, -27.313336152817378, -29.725397136775282, -30.21228626199839, -28.572470197632338, -24.83695603222642, -19.264251002754776, -12.310698393911345, -4.566259439384644, 3.3361468566407138, 10.801464240945965, 17.311510460627108, 22.43455120901265, 25.846895022751845, 27.373773231320587, 27.014023527246863, 24.954477789673575, 21.62676593967103, 17.749627252569194, 14.179988138527248, 11.54995657325515, 9.933932665053367, 8.803705722408756, 7.312756539704982, 4.755532008074822, 0.9818905676700856, -3.4051484991197807, -7.137081037682627, -8.674652840910914, -6.901440409498864, -1.8843769575170775, 4.815799120687265, 10.705031323768463, 13.618020317536525, 12.850717147388822, 9.353047566504783, 5.010709517739645, 1.6543480517540134, 0.27639577912761504, 0.6766533534856027
1.4251414263324933, 1.8991642679454106, 1.0481784102717444, -0.4720751704197483, -1.5180324827549814, -1.3896148396342318, -0.3443204560654967, 0.666698855497856, 0.8074209815167597, -0.0017353264457315315, -1.1015260250643837, -1.6011253755080315, -0.9183937955987161, 0.9294901520158065, 3.3613367433674184, 5.550994951436985, 6.852752746593942, 7.056764600041355, 6.319806989279185, 4.909003773079787, 3.032942229605763, 0.885044859657997, -1.201612103015473, -2.6958352789206548, -3.0715882145381492, -2.2282673900532317, -0.7738641438171242, 0.22365209592183735, -0.06920518856638473, -1.7171207827733652, -4.073849266260661, -6.237736973160094, -7.492505761561187, -7.557644906478264, -6.664737356685195, -5.486548372989428, -4.928564440226745, -5.833034000981751, -8.695594633587309, -13.453276215890325, -19.309285172677022, -24.673890195704303, -27.544393270736983, -26.40386550983318, -21.086695230281382, -12.964922946014706, -4.345030965399286, 2.5384529373496165, 6.412436757378564, 7.321445285321103, 6.3041602743965015, 4.647449734362954, 3.2099637121214397, 2.1591633126913474, 1.123950295177847, -0.4587301877175714, -3.0294541949005134, -6.736698687451797, -11.411850618361422, -16.630207431974284, -21.802990400535762, -26.278106379509236, -29.44385055981458, -30.822009388667368, -30.13117679792405, -27.313106058027813, -22.530918606147207, -16.148757111233635, -8.690824839049299, -0.7757440367570971, 6.960691039265907, 13.928077321702345, 19.619952453306173, 23.646139953264903, 25.76677484370031, 25.911759168604583, 24.208540508395252, 21.069584202654536, 17.25289856871478, 13.687063161644797, 11.05475662495084, 9.430623365374414, 8.25512392153911, 6.663756416872785, 3.9774557879699746, 0.1106497643709994, -4.261039519855678, -7.8112965841573665, -8.972854123242277, -6.662147506963792, -1.0725827191483341, 6.041172820776998, 12.031583474166663, 14.726041481055894, 13.544333320173507, 9.579252796825918, 4.813972372013737, 1.157345472078839, -0.31934983116251564, 0.20234210332771974
1.0590777280250256, 1.7725271122960895, 1.0705088745707296, -0.27866077022072133, -1.0188915530558798, -0.4735436593530364, 0.9468713310240997, 2.1242101237517965, 2.152093634524864, 0.9935917098125426, -0.5935635969548766, -1.6130443889879609, -1.3812780671435427, 0.17672758186799079, 2.536816432629807, 4.859331837919023, 6.403099603826161, 6.817114363467172, 6.141591634171404, 4.612842892691283, 2.5125570794959398, 0.18021423505847967, -1.900180389694616, -3.1216901135561836, -3.0094724164654427, -1.6242932365319498, 0.24165538007637424, 1.413838268397034, 1.063152265213966, -0.8153445050969386, -3.533607573864591, -6.1791193001463585, -8.013472107446066, -8.687621419524808, -8.327812414851069, -7.503600795476921, -7.057339993163874, -7.831245099484428, -10.385271606897849, -14.752496860279326, -20.196527807298416, -25.098261341504216, -27.37679907366098, -25.515614571899274, -19.508679450656665, -10.981539302713525, -2.4158585158999997, 3.998895136573805, 7.245485418427865, 7.678355981814221, 6.520515057906864, 5.043939352811464, 3.9561161523230224, 3.263805527398975, 2.5162009148928655, 1.1572209183260955, -1.215545291318709, -4.74051461696268, -9.290088977256753, -14.514496855943161, -19.89655331980549, -24.819639321808378, -28.658742265453007, -30.88164588222074, -31.13001792748318, -29.260449217486002, -25.348954840838545, -19.673943749077697, -12.685675515960643, -4.959562193268758, 2.866604766486343, 10.158985696959721, 16.344708297454712, 20.960233803633322, 23.68963499318752, 24.385546264360624, 23.11172391348149, 20.257255410410178, 16.60552514627084, 13.1277293028592, 10.524715254450555, 8.858551848420037, 7.558463418895379, 5.78578359833739, 2.9300061424439754, -1.0120435353504509, -5.303655915883024, -8.592423846084122, -9.321744962234227, -6.471146274534782, -0.36554480733048633, 7.074540087550672, 13.09599042653378, 15.553463732638352, 13.986904091816058, 9.601357288806874, 4.447697239735508, 0.49905354071423247, -1.084480423286769, -0.43373666284481904
0.5504388354540996, 1.57598728015891, 1.1049350994258207, -0.014044515409948461, -0.43572033898393053, 0.4989719315405549, 2.263379789538028, 3.615761861067269, 3.596702432853865, 2.189467839052766, 0.20211131700478233, -1.3094981565329944, -1.5804388083397138, -0.42948727400397085, 1.7155159136418816, 4.046754893623095, 5.75952512010441, 6.369370882373659, 5.786522131494925, 4.195061673772583, 1.9327282611605496, -0.5246609251502107, -2.551149560391967, -3.4787248645216846, -2.897847225441545, -1.0262172039212074, 1.1927055862494418, 2.523659072489503, 2.169131213707983, 0.1743579609999074, -2.7697726313486903, -5.788808628796972, -8.161605059298276, -9.484899461001762, -9.764044192958538, -9.430247356764685, -9.225571908708043, -9.965125585194434, -12.258289739022405, -16.227486763853744, -21.195204762449936, -25.52265193733812, -27.084473865055486, -24.420261889748037, -17.730886623772115, -8.896778972532388, -0.5211396964345296, 5.327870845236119, 7.9393381784979775, 7.973045351618188, 6.783131254080156, 5.562442304790755, 4.832665958769417, 4.447901569564616, 3.9118587755471013, 2.712258155184296, 0.5111611770191459, -2.8070287341907436, -7.156249644074387, -12.27405731227724, -17.73509730140843, -22.979779414885375, -27.38675453761917, -30.379818143568208, -31.528054282295784, -30.605025474989358, -27.603162486313003, -22.720136785217107, -16.332556837736025, -8.960013363761504, -1.2162995249621467, 6.250180697964772, 12.819454809085537, 17.96032367514106, 21.277303787407796, 22.539982763683096, 21.744662829259646, 19.2515301559809, 15.851102343660619, 12.523627285859828, 9.956369328034667, 8.19267598467558, 6.677942728379674, 4.644692050662571, 1.5875047970562197, -2.4041177972592305, -6.547611592486365, -9.495886060983588, -9.741521661243809, -6.35902067249255, 0.18953642765671386, 7.848291894948324, 13.809222070074572, 15.989537953348888, 14.049380588533944, 9.286512286618864, 3.7993575934171817, -0.3942829730100293, -2.0567814068358965, -1.2550460500788085
-0.11080181080731032, 1.2803020883845049, 1.1047687834375117, 0.2576010965353872, 0.14673546976930757, 1.4235373823481299, 3.491027998765497, 5.033301842618543, 5.053872368638803, 3.5284528908280675, 1.2627761466460343, -0.6783267492333915, -1.4760298451249438, -0.8368704379864048, 0.9431112455889501, 3.1366336201225984, 4.917135338942712, 5.686435836927297, 5.219646429139643, 3.627794216280161, 1.280951368976967, -1.2289418000997698, -3.1527760163417704, -3.780529449873211, -2.77835085065951, -0.5069437939081218, 1.980727442158469, 3.437333122904024, 3.121784660400278, 1.118867253769303, -1.9113317432896926, -5.1724245282357915, -7.9966842003982554, -9.950308540898988, -10.92040286339884, -11.180229320818043, -11.339263610619094, -12.153578107664094, -14.257402173572453, -17.844101037808013, -22.281832971225935, -25.91547354513715, -26.613234363780172, -23.03862911963052, -15.657316149641943, -6.607425399689118, 1.447461187744978, 6.646001588329868, 8.635457330310583, 8.36331279977964, 7.242373560269901, 6.31585451207888, 5.89852281032866, 5.720271054379771, 5.285048258978905, 4.160035610593874, 2.0909906592945307, -1.0071497860220475, -5.090242219248974, -9.992170998489984, -15.39676912607638, -20.822760227430397, -25.671195290013358, -29.334230374105864, -31.314811250909756, -31.306613265053027, -29.220665643735384, -25.176206831768386, -19.4771136728741, -12.582185807796852, -5.066688293106249, 2.42806935424393, 9.255900814167951, 14.831171261420982, 18.68334432932356, 20.498932431878266, 20.205778804837085, 18.12826788071883, 15.041433848088248, 11.899250752912607, 9.348794724319454, 7.417510691655289, 5.599222046639123, 3.238645230822795, -0.0386807148170514, -4.0488011073160735, -7.979142334897236, -10.514407962448947, -10.231078332850155, -6.331220535221667, 0.5771291970273871, 8.330847086399228, 14.116615892310117, 15.950889586130526, 13.622035987608312, 8.51532253365215, 2.7675085810459614, -1.5830912273097486, -3.254995001050273, -2.2624538186701626
-0.9152025171214199, 0.866891730553465, 1.025284203283762, 0.4716255311892368, 0.6480143803539927, 2.205816120607248, 4.523422892922653, 6.261507157267001, 6.404699777741953, 4.8975839544014255, 2.496121821392835, 0.22448231091524212, -1.0797781213409348, -1.0188360663201794, 0.2663877112769392, 2.1739653231569624, 3.9028900644525915, 4.77265548389929, 4.429467511073086, 2.8961146051655926, 0.5491408252644473, -1.9319625274919658, -3.7033639559259157, -4.036664107868865, -2.6806711312964127, -0.1175463936958195, 2.536744932585264, 4.0700200834579325, 3.8184775493922882, 1.8956855919253888, -1.0961133380296435, -4.4675602262554595, -7.631728324565418, -10.149084531712852, -11.804154039378771, -12.710716817750287, -13.326250089244366, -14.318137180825744, -16.313539322100915, -19.545325585432725, -23.401238073221414, -26.20857663161118, -25.874631904026966, -21.267445714023708, -13.182257617292906, -4.012269079734966, 3.594767260631827, 8.08236070712179, 9.500375854901403, 9.036209271409993, 8.062986742335246, 7.408686182619732, 7.189189522328157, 7.065281977471516, 6.594540693560443, 5.450854979953672, 3.470000900230335, 0.5971622004840281, -3.1657917587645716, -7.75261238929972, -12.967984856780426, -18.428088750546834, -23.576491343908895, -27.788482244708593, -30.509180123538396, -31.357042309805056, -30.165042697315716, -26.976124071670043, -22.02146463822291, -15.69561211210105, -8.52645868415246, -1.13351153053122, 5.8283685849569435, 11.734356961475905, 16.048832106885015, 18.38107388940627, 18.592626069679138, 16.963917793968317, 14.229352284577, 11.283693541156506, 8.715745983334154, 6.547922680391837, 4.354188793342969, 1.6217357699973647, -1.880744433842621, -5.879769340762862, -9.544689560395188, -11.60895240966982, -10.760462835084072, -6.360924534515365, 0.8218015223884323, 8.538595333579241, 14.015674804397602, 15.406387533099982, 12.644789634084338, 7.212919144041752, 1.287338382608383, -3.099110092459936, -4.673291762390196, -3.4334654598108196
-1.833786119680045, 0.33159387693891124, 0.8321239967885031, 0.5749645131568539, 1.0064728569830592, 2.7781049428100197, 5.2810193008992075, 7.200285538650098, 7.525217959600552, 6.157302693668327, 3.7672748911046394, 1.294358622205314, -0.44633677929443744, -0.9761729076794193, -0.275003572522944, 1.2149950148510547, 2.76633363666065, 3.657312913053768, 3.4245771228303883, 1.9972662110236712, -0.2656237349893397, -2.6316673870284824, -4.199353492125219, -4.24952621595413, -2.6174165739791997, 0.12053346799264755, 2.8330039283426416, 4.385535663284494, 4.207513271383161, 2.4305885707245793, -0.4219589613729883, -3.786895494280692, -7.175522859229904, -10.163202621051376, -12.453380573668577, -14.012710402878625, -15.141465781438825, -16.395286416867577, -18.35831920755224, -21.26007422038715, -24.471732651985846, -26.302868216739935, -24.757913934800307, -19.001944316018534, -10.222697086390374, -1.0461851674845448, 5.998415622567243, 9.764765159788233, 10.716803140669175, 10.183578866743856, 9.383075447731363, 8.892966517434516, 8.683026112891163, 8.4239596246432, 7.7771034897932125, 6.532819000390861, 4.605636235912711, 1.9611447624123168, -1.4408950068270243, -5.6300002018983895, -10.53456608500984, -15.882709931328224, -21.181291507448126, -25.806472298582854, -29.155817889037692, -30.77801914354387, -30.43269685495219, -28.090738755031, -23.91191514751113, -18.223256960684814, -11.497540296140736, -4.320836802965098, 2.6575533257852166, 8.787919215395236, 13.48180267576888, 16.280941697615752, 16.985003244361213, 15.821973719523333, 13.461415672716354, 10.712212386832611, 8.095679505329002, 5.643481227251067, 3.0340251373393676, -0.08783006880345905, -3.8109669912332715, -7.779827148955099, -11.149552398704357, -12.706895769888387, -11.269258344153767, -6.388062144714227, 0.9894224182544152, 8.539609780591512, 13.56482629865189, 14.392040551606117, 11.127692287404448, 5.373280432221892, -0.6453145646985053, -4.927808858204278, -6.2735551192446355, -4.721496245058166
-2.819642483519838, -0.31371553784139583, 0.5075332889929953, 0.5350768314944493, 1.1888077329416296, 3.1098549735009047, 5.725877341670169, 7.787524955766576, 8.31834215837232, 7.179549468241582, 4.936463943549019, 2.408072644390686, 0.3441578687030895, -0.7324573616722062, -0.6534556784408475, 0.31784849702051665, 1.5705550355268905, 2.389223145483187, 2.2330252958300782, 0.9436937742939584, -1.1568770025733792, -3.3214601877398797, -4.63417456299812, -4.414986972134826, -2.5859595552358465, 0.21313648762025372, 2.8814326454555634, 4.397664029250728, 4.294138688957299, 2.70929937730647, 0.0713269151261687, -3.1930495135039267, -6.7012027769228, -10.057957460389119, -12.908474267145596, -15.093219329727184, -16.760996253678538, -18.338931781969134, -20.329835908430454, -22.90909229629852, -25.39183071902809, -26.079599939261826, -23.149414561656187, -16.16287232954354, -6.745716673059548, 2.3042676244948783, 8.710075785781946, 11.821730481665401, 12.46036789848764, 11.947545087685489, 11.248756984373655, 10.71704348403167, 10.274413546382203, 9.68702068504694, 8.750961982038325, 7.358525715487388, 5.473612222677432, 3.0641471124365727, 0.04971727777927684, -3.68169554112512, -8.173804555951559, -13.273757245436954, -18.571735252043172, -23.465995667821076, -27.319692041098577, -29.617385376987986, -30.04987157219639, -28.52240645986022, -25.12834214872881, -20.12626484158337, -13.926256025787458, -7.0691037236152505, -0.18513067305022546, 6.064277769778488, 11.050315529701345, 14.258513019953682, 15.43261444762871, 14.741212761372685, 12.769172957955664, 10.220484480940952, 7.545462223800573, 4.796566043482753, 1.7689448807257901, -1.7342999068757872, -5.6688215538214255, -9.603036450879058, -12.67289480985338, -13.711232651559362, -11.672910623192408, -6.325325942341493, 1.1805778398844131, 8.447364127394481, 12.878881079934988, 13.00979511239189, 9.155613124661288, 3.07163066421178, -2.956273124852499, -6.992223742060414, -7.976978264429695, -6.055305516330801
-3.8128656042112037, -1.0425473407651753, 0.05309770616577922, 0.34418051495627405, 1.1929008679217166, 3.2094984892044085, 5.866837067735272, 8.012881934862639, 8.738229834944036, 7.879690810632475, 5.8920333836816425, 3.4507120606262345, 1.2021109148004776, -0.3298344183866814, -0.8579104758676172, -0.4654886444678682, 0.3858017720403791, 1.0353819319817048, 0.9066345575817791, -0.22910230258486194, -2.1009175478202424, -3.985362591272252, -4.997713183415063, -4.526005850803768, -2.575453402911213, 0.1838712995603666, 2.7228029690173408, 4.159231059121507, 4.130177139584151, 2.767901162989835, 0.3941499138129467, -2.7024105116299246, -6.243921702758522, -9.873505713122775, -13.20055385971025, -15.964792552463846, -18.17531688584884, -20.11713456961367, -22.17161217349219, -24.406551862575387, -26.047463153286767, -25.41637897966216, -20.956676071942763, -12.721177679724516, -2.7804179567345537, 6.009693614235051, 11.769619527567318, 14.367321846916736, 14.839792599015016, 14.341073389193998, 13.554384674346434, 12.704295330141482, 11.783662390541917, 10.718143932584734, 9.43799392592946, 7.899773559620462, 6.075385273617907, 3.9133740196408033, 1.2980932580968643, -1.9429480185272683, -5.948649942710239, -10.682734471580087, -15.835790784100592, -20.852692309572927, -25.07969009616848, -27.943592853224374, -29.068841716036527, -28.301387188705384, -25.67727825029081, -21.3911199759803, -15.785382320155279, -9.343243344880586, -2.6614560097088225, 3.600464070463253, 8.786043856730473, 12.336964294698891, 13.948830968389055, 13.726940666141084, 12.156763521544347, 9.823961356423796, 7.1057710364650255, 4.081348040493851, 0.6646262722992278, -3.1911381566566304, -7.32060877254783, -11.220695674549626, -13.999106996967322, -14.520497781051878, -11.875990531815845, -6.069200759861739, 1.5186354904040251, 8.406154710360306, 12.112276259636184, 11.413100583255918, 6.882135015378386, 0.46763133963029174, -5.485231369551538, -9.146443174382151, -9.66281159317863, -7.343017049464852
-4.750782840078178, -1.8182541983870641, -0.510959748933955, 0.018647769051063672, 1.0440464234997764, 3.117322802306297, 5.752883202990822, 7.91704610568163, 8.798522174300842, 8.232796531679465, 6.570801630023832, 4.334753786837642, 2.041158021283359, 0.1746344693254905, -0.898028127871225, -1.0968389526132216, -0.7166841177551021, -0.32041104859297714, -0.4752217708959314, -1.4558583125909073, -3.050482093661746, -4.594746097348877, -5.277282222692323, -4.577787933041118, -2.5756381887427398, 0.06216474712859623, 2.4119599370494025, 3.7445747066120254, 3.793674573691804, 2.6702314137628935, 0.5842285274255727, -2.3052895782061404, -5.815463153836845, -9.632714919068514, -13.353372791280727, -16.643501048018095, -19.3850852909446, -21.706795735618503, -23.828007248896043, -25.66007696962954, -26.32124381088998, -24.206774179023416, -18.131918301856206, -8.71146759256095, 1.5906101149917755, 10.018798448540517, 15.201514813175793, 17.44695964704952, 17.816799650833097, 17.195722609160207, 16.048817470165684, 14.607621490836719, 13.029440559846526, 11.418339949213873, 9.807519325299946, 8.17001002413591, 6.445202368940979, 4.543414838015768, 2.3214934380072645, -0.4262912332397295, -3.9047586043899374, -8.18156109865085, -13.05912560720207, -18.055226235272894, -22.522420778335686, -25.83895440640082, -27.562638274328144, -27.482775297928725, -25.588788211014858, -22.022715289971885, -17.061447181514648, -11.120977863423777, -4.748984726032537, 1.412519148412589, 6.6942721780881, 10.508801705248091, 12.51350510371396, 12.748322548279521, 11.586749564584185, 9.484858579617148, 6.745497751546578, 3.4790065513510817, -0.2819887955511832, -4.442972063849503, -8.73008768025582, -12.5760181835146, -15.056062563448405, -15.053386582871234, -11.787889316866105, -5.51210606724939, 2.135826853176527, 8.571983641742927, 11.437888324602756, 9.79318462663488, 4.527074459054296, -2.1944255882810344, -7.992455117137625, -11.189723567556007, -11.184958666581776, -8.486990501279166
-5.58292313215529, -2.6002053545246575, -1.1489227119055727, -0.40566659505691677, 0.7859590224615971, 2.891747715793, 5.457077580694424, 7.577434151855481, 8.563394717394136, 8.271809356671797, 6.963318201304902, 5.010363793946705, 2.7890779977379903, 0.7151491512399414, -0.8059009140064384, -1.560544990110575, -1.6765614085434453, -1.588676245135414, -1.8138918315901462, -2.6469866939597244, -3.9385240247892965, -5.1117382994462295, -5.4615671677855095, -4.572860451520961, -2.583623379797984, -0.12604822085309111, 2.0048698785212458, 3.2318501787086915, 3.3661836510676273, 2.481532996400162, 0.679601587294874, -1.989989965138253, -5.422426255637254, -9.35199195478947, -13.387243592570176, -17.147854738544535, -20.39714258451983, -23.088641437291987, -25.24112941397377, -26.574207429071983, -26.105970209284205, -22.380851086255852, -14.687853172442361, -4.229076497177341, 6.25161740400205, 14.265397285363273, 18.97540474668224, 20.969007369564267, 21.171673720972464, 20.20576479082279, 18.447857264890544, 16.246993568452677, 13.951906311694936, 11.814870347161438, 9.928660567386725, 8.247412063184807, 6.654347083457899, 5.011545458244197, 3.156231102456741, 0.8750221443846234, -2.0703799553378563, -5.830366052568493, -10.322443003835625, -15.162197316144841, -19.737443710643554, -23.392926454245785, -25.618546154795425, -26.143046650038727, -24.91630993876293, -22.04434193691394, -17.750993364657344, -12.383769315911541, -6.427751712789832, -0.4886511736119069, 4.771499455530202, 8.754658961626689, 11.090187540893059, 11.747698123187297, 10.97407000776072, 9.087139338495657, 6.321127509895022, 2.829902002086065, -1.2298818718008726, -5.628894572311351, -9.997926255953944, -13.718908525660254, -15.842590585166711, -15.267441560218307, -11.334708352055808, -4.552617932796208, 3.158987575651301, 9.094189449852948, 11.034729825645211, 8.381058264608857, 2.3815072655504017, -4.598258310055959, -10.194906252397757, -12.913290875723176, -12.413178178075842, -9.411670882490055
-6.285355772337039, -3.349299603414589, -1.8141384487763899, -0.8811537640017073, 0.46876643801002416, 2.5932557798277873, 5.057161146696288, 7.086956004384095, 8.126935438976924, 8.070795114368675, 7.104590900484036, 5.465906599124945, 3.3964887855947774, 1.2277282845486754, -0.6317557732711704, -1.870662651841316, -2.4629439218366684, -2.699927517252082, -3.0188303522681377, -3.7132380534032228, -4.697444517779544, -5.502084153276487, -5.5477293911459675, -4.524165139689862, -2.6053598004591825, -0.3608322522663007, 1.5524597031694023, 2.6912337647298004, 2.914954939977914, 2.246316886981791, 0.6952326379888902, -1.7639456842488526, -5.081567518688496, -9.047994348214507, -13.31671980296014, -17.490531255745818, -21.215279561006, -24.241376549368294, -26.35149675560442, -27.059817376871205, -25.321797409702906, -19.921968167953036, -10.700988458899635, 0.5851931401684509, 11.068025850573894, 18.648477710733392, 22.955938916125316, 24.683607940170383, 24.564291501983668, 23.06350154933467, 20.592105074804067, 17.642906574777086, 14.702777840509176, 12.111186172367088, 9.991976895651892, 8.279403465052829, 6.806269406273626, 5.388697753921444, 3.8485877323131557, 1.9809480801506418, -0.45825415779794104, -3.6763347145047995, -7.699500206041615, -12.260390579278262, -16.814548286214904, -20.69676406880607, -23.33110244351233, -24.37528953012819, -23.737286716128533, -21.502547047560046, -17.864607229884555, -13.114602181506624, -7.668632700006158, -2.0755056255262767, 3.0360178088746586, 7.078693816479855, 9.659583118354973, 10.665658131142377, 10.20203895769516, 8.4510073743178, 5.60120018858721, 1.8744134459536113, -2.441692852725243, -6.992728625540875, -11.327624671965008, -14.790859343876598, -16.425930754879637, -15.16104959766377, -10.463206450101199, -3.1040710928554023, 4.695320591744619, 10.104411298250133, 11.091216274741473, 7.4541653139113055, 0.7875720316690171, -6.4164519731820935, -11.851128393756099, -14.181277840388194, -13.291444075422339, -10.096182510959178
-6.866004348661325, -4.031297666630381, -2.455244035929979, -1.3585705774509664, 0.13653590235523577, 2.2708186015776906, 4.620040054508399, 6.534721897004485, 7.589716996297869, 7.720044480478888, 7.053167846814093, 5.717187491226106, 3.839483249170057, 1.6630930024491475, -0.4303206916924961, -2.0676952480628623, -3.0879354206991936, -3.633788958044198, -4.04528345383343, -4.6031815580057875, -5.2891913522625, -5.754069759571417, -5.549047961653018, -4.454061298306254, -2.6499130809491884, -0.6218288219249477, 1.1041359736454575, 2.182927032742085, 2.4845153235735187, 1.974283113884768, 0.6049020165730646, -1.673483872269215, -4.8370861898030055, -8.746713098680985, -13.14753390427904, -17.665274993994675, -21.825131713597074, -25.13330249646749, -27.100908570770525, -27.047233475728838, -23.93273784556688, -16.874946335689206, -6.302804632863515, 5.5625496691225305, 15.885736062152914, 23.003856793994355, 26.888751548979766, 28.233546417504673, 27.64106514344359, 25.560865507375368, 22.490711837539074, 18.994629536247995, 15.584144481904907, 12.618723008252502, 10.254937765031578, 8.447095185505885, 7.015407915506338, 5.745900880835242, 4.444897360178448, 2.9179108048697673, 0.9316807853511212, -1.7527105263623488, -5.254563765584221, -9.432873946191568, -13.842280610762353, -17.839985867709352, -20.795268239512644, -22.282204956086275, -22.151519577275067, -20.473014291871582, -17.43588124014475, -13.301455718238849, -8.42394643045343, -3.279322370323523, 1.5637146248988185, 5.547532076236835, 8.254825222630027, 9.474491883938125, 9.167517816776066, 7.408686539702223, 4.384019151257646, 0.40667677510645966, -4.116039160102925, -8.729309509422292, -12.907031538074733, -15.948410306127874, -16.89998573823027, -14.754684422082752, -9.1377736459715, -1.1037534025452893, 6.8195412318423605, 11.712287623157168, 11.801186441633305, 7.296815865194816, 0.04366607514715527, -7.435453354479523, -12.875459394428905, -15.010901260617088, -13.882115609432134, -10.59205866989831
-7.355599200216781, -4.619755087260315, -3.026206258384931, -1.7992608172843425, -0.18305313170444906, 1.9549780589125347, 4.195749339708596, 5.995877871395355, 7.040753325699715, 7.300506178477965, 6.8628508978244485, 5.784194652668224, 4.109344759484918, 1.993351707932137, -0.24110074930973652, -2.1974037318762014, -3.59686596300693, -4.4271491038554664, -4.917636649540064, -5.332824498388742, -5.731264979887126, -5.894221023974829, -5.4984539367376435, -4.387768379695912, -2.7166928974614364, -0.8734292106401251, 0.7207266621358516, 1.7649559044411172, 2.09738518378839, 1.6330963990617013, 0.3254393769172306, -1.8279365846661904, -4.789804107493874, -8.510023444532532, -12.891386752012341, -17.64643840215995, -22.18492786975861, -25.715996834775403, -27.43657757358545, -26.49864967238243, -21.95699800771901, -13.343234028199142, -1.663379510571367, 10.519378216641693, 20.5250471135479, 27.09933578427291, 30.43893371586541, 31.23102038128587, 30.082902834885893, 27.542187160317066, 24.168869626501138, 20.4653028953492, 16.830269542750806, 13.5792906492881, 10.921903986355284, 8.897346736205668, 7.374520773255081, 6.139557735825608, 4.983439786987808, 3.7132158845172647, 2.109631371332348, -0.07761020769907806, -3.0385318558466774, -6.755175056264893, -10.905611681846148, -14.907541964931502, -18.099796829866555, -19.966222980383648, -20.274343105227615, -19.06379220819694, -16.535201464576552, -12.954447553170697, -8.63901718738412, -3.992692940652328, 0.490793624954282, 4.292791066795769, 6.966832607546738, 8.20320199704906, 7.849314100139379, 5.930921732752072, 2.676489582374171, -1.5173301526590761, -6.1773889829456445, -10.793851800057773, -14.752173113466851, -17.2505008154613, -17.316723419117075, -14.059053026136302, -7.335606219938017, 1.4764834421679156, 9.56121525545041, 13.987941158669031, 13.307335369663706, 8.080945075743989, 0.25853127434712725, -7.66627046597242, -13.386885485358713, -15.574483470496789, -14.347816263746513, -11.004239260501421
-7.786075609453834, -5.101843260184563, -3.5016287342428676, -2.188102954848843, -0.48385452190898676, 1.6606303941746945, 3.823530113981245, 5.53355387815128, 6.548913073590166, 6.862391860614714, 6.550798463081157, 5.65478814775135, 4.18140880309386, 2.1974469628651407, -0.07880957476748149, -2.2800163544915177, -4.0295131891096005, -5.142674604216105, -5.713483456120243, -5.983690759056153, -6.101045288819066, -5.989651177802614, -5.444148875465854, -4.341554960878283, -2.778107659915372, -1.0452180737123518, 0.49216571596247377, 1.5054762883588388, 1.7592817431805903, 1.1457803019982495, -0.2952047114473056, -2.4232632071723854, -5.13325106602543, -8.479912088065209, -12.607756096915782, -17.41727844236374, -22.238163788043995, -25.929776263170847, -27.318451764403974, -25.41680121430752, -19.468028497634553, -9.47638584624859, 3.0275908000885194, 15.267907017006584, 24.78678406346166, 30.667976199754083, 33.26181416201339, 33.31743093885623, 31.587357238496942, 28.784248728572905, 25.473658580159213, 21.964289175829904, 18.41106595887231, 15.01517388030809, 12.04693295681511, 9.690558123112632, 7.932787727994643, 6.604573987442516, 5.491659215309563, 4.391943573849093, 3.093359292671583, 1.3464462698115058, -1.0846392999900516, -4.289282253556075, -8.081041948687478, -11.975797576913733, -15.320071305156297, -17.516265804653738, -18.221758849775302, -17.410241623528712, -15.28483257910652, -12.143113103532258, -8.306560593155295, -4.134734917559243, -0.05656244552292716, 3.446275635937619, 5.90569871943735, 6.949197250967392, 6.380147093061488, 4.242858040759389, 0.8202175532702454, -3.469523684075607, -8.183014279284166, -12.811300028507842, -16.61206212447883, -18.571052546502425, -17.625269183376503, -13.0481177326673, -5.046438737662948, 4.617985568379691, 12.884461010016189, 16.90996223934452, 15.593016919390902, 9.739452618013415, 1.2886895608199067, -7.302009666628607, -13.59128434449483, -16.064891367779936, -14.844206159460196, -11.428253826575647
-8.1648367480935, -5.485639692066114, -3.8926819536698662, -2.541921947073766, -0.7767228568459956, 1.401790976938393, 3.5494146711775403, 5.210429204862967, 6.161822965664775, 6.408918521990599, 6.066416188214641, 5.240498600496562, 3.9633522201719273, 2.214887074087538, 0.04379949230373846, -2.297040211157344, -4.3736563169344205, -5.80612051709507, -6.5048203913477245, -6.660057679703745, -6.509892301974077, -6.132546668835138, -5.436932978686099, -4.308305391950465, -2.762787736577163, -1.0155807493162774, 0.5500940502003845, 1.4912783222179722, 1.467250204834641, 0.40212195010123153, -1.4645120568951966, -3.7333043859695536, -6.158933017994125, -8.904304591489872, -12.447075694287973, -17.016318237127162, -21.9488357927602, -25.724627817083075, -26.730792250471612, -23.848717537287293, -16.58671660764166, -5.451754270776468, 7.579477048688285, 19.629906798294492, 28.47898140647305, 33.470363882968236, 35.08639612115356, 34.22738803236364, 31.894006303745382, 28.99739840775193, 26.071666656592445, 23.148757033610643, 20.035149133162715, 16.73097946545807, 13.535480418940134, 10.804992937423089, 8.703521826087108, 7.162819309738201, 5.991421596405909, 4.977157305018174, 3.905175328518471, 2.5303373685438326, 0.593192567130824, -2.0783992842733405, -5.430637864059291, -9.107507513713673, -12.510812440091769, -14.992089139074828, -16.085614177107594, -15.652013380617824, -13.856644653539941, -11.030366128771174, -7.540268599918136, -3.754275073352852, -0.0733956159730194, 3.050246441949789, 5.158546617496151, 5.8866266851909375, 5.072311744682444, 2.8115717902145994, -0.5995554729123862, -4.812898388811442, -9.505599610563968, -14.214491176370512, -18.03120052188455, -19.603213537562084, -17.659128078216103, -11.656916715106052, -2.282347099410547, 8.240655813241867, 16.659285623755643, 20.303789068649383, 18.412447324097638, 11.964725797559552, 2.852147506377247, -6.515447626449433, -13.550944642478077, -16.489729553504645, -15.371351027571283, -11.868979492818175
-8.461240781692913, -5.802431623283216, -4.251832255102934, -2.903814305070041, -1.070157092105291, 1.2181677226905285, 3.4498455961615417, 5.102085237753985, 5.908208492212953, 5.891020099440865, 5.2790137840841656, 4.3516270930357726, 3.25148927001688, 1.886289043779028, 0.05873125402842651, -2.2204094894635586, -4.549786404903812, -6.351443476946936, -7.285486444524709, -7.4225818751779205, -7.0558148725363585, -6.4114123159924805, -5.5126948681209, -4.245105046567647, -2.5473227729957726, -0.6096479924818088, 1.065802417061832, 1.8331156819867325, 1.2385311009129523, -0.6805243643965098, -3.3590550617453343, -6.01513955510499, -8.174367551801842, -10.08724212207274, -12.642927591729936, -16.56269817088372, -21.337017074406095, -25.086926494367226, -25.694107286127895, -21.8837055688156, -13.467354459072878, -1.4547653414882222, 11.81775710402318, 23.454942612516117, 31.455593387600643, 35.360941058292894, 35.79408591812788, 33.87482188522561, 30.900093890778514, 27.991512819330275, 25.654194625981134, 23.63028755147976, 21.320937362239963, 18.433123586459114, 15.217495267240382, 12.17928174636582, 9.691028280240161, 7.842153097989714, 6.511218580763745, 5.494078045568388, 4.569000531311443, 3.4922404356290753, 1.9957011634525066, -0.14806156059789727, -3.0011188192298106, -6.351303280346432, -9.704153279038794, -12.412718542869987, -13.903842579856322, -13.887261447755234, -12.427520180152966, -9.851833062612618, -6.590083003980168, -3.0726857589872227, 0.27859812785857885, 3.0336958580394775, 4.786497846015668, 5.242907073323028, 4.307700388790373, 2.1007291282569804, -1.1308258187112872, -5.153456293009509, -9.778709426868764, -14.607447964001022, -18.588751820143298, -19.984494387312395, -17.194328475683143, -9.814522425161492, 0.9010512383190066, 12.190477556965234, 20.648733622247164, 23.839277010641876, 21.347739546979426, 14.348615129049788, 4.702686898108889, -5.311144474851006, -13.077198387209615, -16.58939073942602, -15.710588015502987, -12.202496825710998
-8.624487762227192, -6.100695395058212, -4.655545469917645, -3.3156998488345373, -1.3361785211375197, 1.205697181106962, 3.650195139103773, 5.307296885362994, 5.8160055211695525, 5.2478847532341, 4.038714316598432, 2.7582106156225317, 1.7651047851851986, 0.9437420437764017, -0.2063927435481706, -2.0737158543910867, -4.450039652483207, -6.618260144702006, -7.932934139366775, -8.236191723842614, -7.777804893867774, -6.880178002038348, -5.675219068885215, -4.068069710597049, -1.964567553261448, 0.3809578368452556, 2.2349280120270105, 2.6841086884847103, 1.1882837660367576, -2.0167710901725604, -5.941119071810768, -9.312051984875787, -11.31957097515607, -12.242602276978655, -13.422041594710379, -16.225318344533097, -20.48626943779109, -24.055048967562673, -24.27010336797058, -19.644510913966688, -10.280300113903447, 2.338868937302552, 15.597852220261212, 26.63733557148235, 33.64618507075865, 36.32478081221241, 35.45543777746301, 32.40691823858268, 28.764321726700754, 25.844514585497343, 24.150111424065905, 23.187702694528276, 21.96771890922664, 19.840762662824552, 16.905215972667616, 13.737805697186907, 10.904130562705268, 8.689506394089609, 7.099624868539672, 5.979012264793055, 5.110820254663124, 4.250242745909012, 3.1271026723846282, 1.4825092235702224, -0.8351738983406622, -3.7553170398532494, -6.925186811975435, -9.764978212331467, -11.645615168599438, -12.121692845977192, -11.09531694569403, -8.817037578712789, -5.747854924854347, -2.401333624788402, 0.7421833965466573, 3.2599707935621893, 4.808990908464829, 5.165624324790102, 4.2597977735337205, 2.1768419343922045, -0.8966993236843486, -4.775198087805363, -9.30761835392295, -14.14292674638714, -18.209031421543024, -19.507078959975505, -16.0667988127618, -7.5028699520891795, 4.380584409642658, 16.2421164423412, 24.542073159967813, 27.120225740736334, 23.96314657103244, 16.533285105669602, 6.679285555608683, -3.6083277174728376, -11.893753183529858, -16.002560280572084, -15.541462201054411, -12.236196949592454
-8.628988483875164, -6.4324239344176455, -5.164424782863639, -3.7729124916084684, -1.4740918850408207, 1.5337704167233928, 4.32908197865918, 5.968398801563818, 5.986262178429551, 4.552325016804178, 2.376679200259516, 0.4033619634286824, -0.6739649673763091, -0.8795984583664322, -1.003123478081028, -1.9760256137300385, -4.011503234732248, -6.412415713322858, -8.232859956502272, -8.961017121537186, -8.63004972679387, -7.532622493612634, -5.882048606519036, -3.6576517537347386, -0.831943349031985, 2.156820818456111, 4.250639260396869, 4.258461983030142, 1.607648556144477, -3.223287333553378, -8.793701301453682, -13.269855628429928, -15.379757157154058, -15.320703446926698, -14.867571974258603, -16.141167604224155, -19.512630240735085, -22.712908078844922, -22.554537593379994, -17.27170466735339, -7.193721473113963, 5.776915517981443, 18.813352451990117, 29.12313676071362, 35.05920536695946, 36.46468036178957, 34.297119811173125, 30.16604513108454, 25.887135619336988, 22.918761610336126, 21.781439294242993, 21.845338913073704, 21.82708280196265, 20.726195390527675, 18.39757167968997, 15.372284700080815, 12.335151774591289, 9.76210081889828, 7.831445742342079, 6.492652035042715, 5.568487403156757, 4.822380157794995, 3.985441170405739, 2.784049723989932, 1.0063957126795016, -1.3981322213556444, -4.234494711206241, -7.051375555380869, -9.24406309541089, -10.25828927260687, -9.807727473031965, -7.982642795119527, -5.190856313637719, -1.9905604449765113, 1.0705705486187493, 3.5433520945062846, 5.095430397485759, 5.497063880478231, 4.626019533201064, 2.5121586129435176, -0.6483561618613017, -4.576738777869963, -9.005171823866183, -13.567656570775087, -17.320865726641937, -18.298998493187227, -14.294490246395226, -4.809811275570584, 7.957762442074483, 20.126196281279203, 28.028100038624135, 29.81237145507532, 25.94483604753512, 18.27561524913918, 8.639587290292676, -1.42928396273136, -9.899435654158971, -14.540508147755046, -14.664398791824995, -11.841368363455574
-8.505913369192536, -6.827684009234981, -5.771293415501285, -4.180019162513037, -1.2964228090836203, 2.430308680172943, 5.7051131467167275, 7.30663260374237, 6.709029776218422, 4.205786641320584, 0.7543979011102054, -2.326108324592911, -3.8858524614081267, -3.647848828657318, -2.5475953843813604, -2.1256905264505304, -3.2754686258206145, -5.592375704632911, -7.9450071430918445, -9.374634186154035, -9.467900551719993, -8.276504834495567, -6.031786714284046, -2.8752802427678974, 1.0004391256817486, 4.843994941103388, 7.233651974126045, 6.757513298049393, 2.873619399458606, -3.720675920227984, -11.204591935905684, -17.172085786791097, -19.760822990523675, -18.935273588013445, -16.823966330907048, -16.330973203719054, -18.511628711442643, -21.16340014194753, -20.65884945763218, -14.90395544925829, -4.356689673555586, 8.739341155175074, 21.397306862937626, 30.905089508981977, 35.7631391077734, 35.95664227196953, 32.62540452750934, 27.581430538426293, 22.778744893961115, 19.727946568025565, 18.96097442395288, 19.82093792519272, 20.89151690836405, 20.91395504492327, 19.463365486878303, 16.90285135851361, 13.91218727602369, 11.091246589298718, 8.795999009057768, 7.131372033451304, 6.013705651884198, 5.245742542024844, 4.571483790686832, 3.715102863143906, 2.431515011607008, 0.5821265387054815, -1.782680038840249, -4.374515115323231, -6.69656079882484, -8.17810677776765, -8.383660606055331, -7.196819477328543, -4.869808734824118, -1.913861646792724, 1.0859596994717586, 3.6123907284297614, 5.253474970842282, 5.68306603821741, 4.69667495517716, 2.319313153978659, -1.162736933425321, -5.314016935236786, -9.664509529449312, -13.708733321279464, -16.637860237491157, -16.813619990378864, -12.119356592473467, -1.9364828031013097, 11.385604741812429, 23.576484215407202, 30.86530859882601, 31.72492526924438, 27.152984529888247, 19.44422439699365, 10.416465827073425, 1.0350531175810698, -7.261860997565255, -12.316187385451352, -13.13897856096462, -11.050931692799939
-8.318783975109213, -7.252699647814697, -6.356192017953127, -4.336470023083962, -0.5615970238405023, 4.12003497764491, 7.980929741852879, 9.584265403198701, 8.418243035943826, 4.863546126807336, -0.015728476390286045, -4.627994950227166, -7.278612341589698, -7.107437129892232, -4.903734880691432, -2.7402010813771707, -2.404302126473114, -4.135191372869762, -6.865692561314896, -9.192895949570147, -10.027183209359052, -8.902152757487395, -5.955808164991963, -1.5941508396146054, 3.583234960847204, 8.39822994353838, 11.094636927919266, 10.158527254641678, 5.151043427772587, -3.08046392028075, -12.494249051203049, -20.196051975184343, -23.654688775816126, -22.442490416136206, -18.905210349251963, -16.66317579847242, -17.511263418023418, -19.491786034515076, -18.6851604844579, -12.658873222720134, -1.8865188201323702, 11.141876422630261, 23.318540255560634, 32.01290225992391, 35.86573832392379, 35.00923044640799, 30.75436996779921, 25.05428839539298, 19.899218475815523, 16.75251892975448, 16.12413258934945, 17.414490542618108, 19.252705623744102, 20.284445745360397, 19.849249849221977, 18.060381027130525, 15.451990350900314, 12.625083031822632, 10.056059812293356, 8.018500460277219, 6.574192781870479, 5.6159607279130315, 4.931234850071437, 4.260001805930575, 3.3477775779203585, 2.00577924489166, 0.17821953671395624, -2.000934424934536, -4.192249450775848, -5.910911624753139, -6.675453872586785, -6.199868145421379, -4.528861286979365, -2.031851424681473, 0.7320488527813799, 3.172903418920471, 4.760512680478218, 5.073402727565406, 3.8976393968591063, 1.3236484370053752, -2.3261390729149625, -6.632554367709767, -11.013772951968903, -14.651037680645501, -16.5904779206342, -15.55710898225656, -9.914319097523641, 0.856326451975438, 14.4291453483608, 26.38436908582811, 32.91816387799667, 32.8164378183385, 27.59550796019877, 19.994215766198458, 11.837110074380465, 3.500887370199157, -4.310446482867943, -9.651667491008983, -11.233994544329722, -10.03793747008873
-8.096731731620597, -7.572390294302671, -6.6792850461881486, -3.9788805082211187, 0.935804967149717, 6.708554063931831, 11.19880809269089, 12.871301339786106, 11.2961580956879, 6.879011087903512, 0.6203023544574072, -5.799991787022567, -10.16975833565135, -10.805689024207652, -7.967123439477617, -4.005266255157802, -1.6711276311610683, -2.1830066972708155, -4.896223681378271, -8.115049504638332, -9.932944440364807, -9.080385045121568, -5.437925102303816, 0.25062557420914783, 6.799486237729905, 12.524910440915066, 15.426565500553803, 14.056456470492003, 8.182645454063252, -1.2621055190301467, -12.25000452217708, -21.627853008048337, -26.22877616611484, -25.093278651579155, -20.59000450263772, -16.881929103810872, -16.450899816656946, -17.729156719553817, -16.697363187496595, -10.61691946486926, 0.1364538057438093, 12.932744870617071, 24.573418935168153, 32.50199833128244, 35.496373008249286, 33.83009125340334, 28.944111697710476, 22.85954667944842, 17.52537060609617, 14.285229947625018, 13.580406960607686, 14.901896650903227, 17.06363227113058, 18.79931371970111, 19.33168823188639, 18.519592912450946, 16.646144734579902, 14.170632176782599, 11.574238878265106, 9.250028057515696, 7.420942257852126, 6.118093642633023, 5.219095359974487, 4.512026055795261, 3.759478431768107, 2.7582422354791154, 1.3957815676524052, -0.30154618923386367, -2.1415637484005914, -3.7816764065139377, -4.80906566820924, -4.884803442763422, -3.9005371922640455, -2.060937609326222, 0.1624462732225437, 2.175267361947333, 3.42509362562416, 3.546260026267536, 2.4583252490292047, 0.2983843893459243, -2.841694420696349, -6.947931319465308, -11.559536107007489, -15.39414742214871, -16.871383306368976, -14.728877840519612, -8.002334604219785, 3.3304197218499416, 16.928190187151305, 28.44604185041532, 34.16874668732449, 33.16431485633489, 27.37743345282132, 19.940566986648303, 12.751884247521685, 5.682355801987141, -1.3869021883325143, -6.893081302620919, -9.257385109912907, -8.999492516965313
-7.804432018946112, -7.578038572762318, -6.452275848387508, -2.889397907496373, 3.236738372782576, 10.04495315293762, 15.060777650298931, 16.759511990123293, 14.854282803305813, 9.789860382515158, 2.4218518341324597, -5.720592322138783, -12.142458907819483, -14.282445599974656, -11.505607164490273, -6.035941254752679, -1.4372235996605216, -0.10260294984838494, -2.186206416144507, -5.997096184291579, -8.847095338771688, -8.470602328418966, -4.298707885110831, 2.5966564355962483, 10.335161485216936, 16.702603145283856, 19.582224177856297, 17.777498303463197, 11.397638259484319, 1.4378718791695855, -10.359034773120372, -20.967479025053983, -26.777743719076028, -26.200541181429607, -21.365262785551536, -16.69393196822934, -15.207291464168366, -15.839118078863503, -14.696080310014205, -8.804789690570088, 1.6695333371528092, 14.079474658655036, 25.16458330536899, 32.42706488040502, 34.7699725515366, 32.571401349307344, 27.32635702635712, 21.062438405638513, 15.66861515857001, 12.350083892174323, 11.432323929769137, 12.468033917687135, 14.513811270352265, 16.537402231894294, 17.800742004721883, 17.988852706233764, 17.109179498188812, 15.372950346975093, 13.130447091517816, 10.786271641154455, 8.677848540721882, 6.985098088937607, 5.7151772581333935, 4.7454233195265285, 3.8888561857958295, 2.9602811743411883, 1.8340286767900422, 0.48752008365145966, -0.975811790638984, -2.332429190154293, -3.284818796017107, -3.5561476820981945, -3.0181225519257437, -1.7959765881888032, -0.27169547020151064, 1.057384593275325, 1.811079959163864, 1.8996786168435946, 1.4676611843759528, 0.5398920053010042, -1.353705464141883, -4.899328729671801, -9.919620759096253, -14.677602507404552, -16.66752633886276, -14.110669585935483, -6.517739026407624, 5.327401027069088, 18.81708022657376, 29.775640394560146, 34.71108283889519, 32.93011638491483, 26.655160539436377, 19.33352306587259, 13.044636605226675, 7.3307364815850935, 1.2293262275146064, -4.286943033888282, -7.412395578522091, -8.055610406370208
-7.410630115848034, -7.124193222957471, -5.499848509300416, -1.0396532361732431, 6.114281710662979, 13.661563544973196, 18.906762340427004, 20.401089062699487, 18.073537194389594, 12.545762681641992, 4.576966161068717, -4.714721891055838, -13.002110229152883, -17.055842042035295, -15.11041695813359, -8.782880544267123, -2.0761272664538803, 1.4775709505232761, 0.6656218537996316, -3.1708372519509562, -6.796225001847243, -6.970704071592723, -2.5441891175221145, 5.199024371268121, 13.718830926017308, 20.325622905444455, 22.910203259980268, 20.661505586492694, 14.150442834815195, 4.484951572922044, -7.077699192734789, -18.109787972733006, -24.940947867393355, -25.348938542278866, -20.91154712139812, -15.924245535392526, -13.717204926243662, -13.796798613373083, -12.646952855085456, -7.189741026604414, 2.714880918076474, 14.555828709759254, 25.066729630538216, 31.79249603135695, 33.72050933266742, 31.247622189962748, 25.828466035197437, 19.478877303788895, 14.0784133683164, 10.723972656196048, 9.58221773250298, 10.187907340217896, 11.808067166642791, 13.710865633305842, 15.336142659597124, 16.3308971537039, 16.496344812687283, 15.774962456251957, 14.290355972736648, 12.333491947975386, 10.253994690868597, 8.330527000010427, 6.698849573563631, 5.351661429234396, 4.184099240985795, 3.0570101470157858, 1.8598621198865133, 0.5613145354436557, -0.7623217664907536, -1.9306552807655322, -2.7050455435863405, -2.8791901385281533, -2.393564853426258, -1.4191612291741997, -0.3291501672694144, 0.4991453034228228, 0.9661338060970788, 1.3362180875025618, 1.8986680353653063, 2.3703910222391746, 1.6543483250705855, -1.4404119355877776, -6.855353659078388, -12.622768897795947, -15.629672185780159, -13.39034597384764, -5.4151087666359965, 6.779820869165039, 20.087078237353833, 30.453660587548985, 34.69225869502594, 32.28345613661784, 25.56104452688239, 18.21570777972441, 12.627974718427694, 8.239989290558292, 3.316411754141199, -1.9732153686467215, -5.767757176345871, -7.243375211870429
-6.9780694024468355, -6.291495332563038, -3.9299517810072295, 1.3125195551248117, 9.078120081766423, 16.873151722215198, 21.928911013569444, 22.898084912868498, 19.990448056342462, 14.193633427842503, 6.309237722454522, -3.1465725099192268, -12.55519485703518, -18.49537576092204, -18.074224877155043, -11.868095859186605, -3.7886473245447725, 1.789287979497472, 2.5834668761970616, -0.6384951031704683, -4.451237206244816, -4.957169550335523, -0.48791149796035843, 7.631194885198968, 16.415972071995995, 22.856208257345898, 24.928203451750946, 22.227115788587795, 15.848242470636816, 7.146156726877714, -3.1239160311597023, -13.539153915508273, -20.918011178150465, -22.582615743983506, -19.27309235058454, -14.70227503488117, -12.192275407621175, -11.804571947601534, -10.641971999223411, -5.754611350863928, 3.3074520036118176, 14.343732130720266, 24.213237387020886, 30.513635826715195, 32.23199515018374, 29.65586049552418, 24.133362983165153, 17.713690883881412, 12.348799950407058, 9.061075876714895, 7.818418040928838, 8.0454761399364, 9.131804780136079, 10.62631665206851, 12.219758781760396, 13.653718524566592, 14.65434435391209, 14.971088670385447, 14.4933130726173, 13.317707647178302, 11.694523410930085, 9.904953816577287, 8.157983111733959, 6.546772035024962, 5.058177209505564, 3.6150361221732643, 2.1334248482263294, 0.5818693525028961, -0.9690403779099345, -2.3251844132652093, -3.2061826040646015, -3.3625705744211074, -2.738537291702629, -1.574893135915819, -0.3292167822151825, 0.6225842292765691, 1.3135748185168499, 2.1422507310766727, 3.2941058347901238, 4.122747098765912, 3.286012577735253, -0.1740640717733911, -5.771516603151825, -11.561498062459695, -14.742199218801005, -12.694405461035426, -4.631131815387483, 7.678148685857437, 20.718022626363922, 30.51193215066953, 34.16247219772141, 31.231075525572525, 24.058555802718033, 16.546086672416003, 11.43384401498385, 8.25650468529762, 4.681738524558473, -0.050183072442288194, -4.309431386616767, -6.556422077948948
-6.584041673634462, -5.352791209480241, -2.133574093564111, 3.677583548237963, 11.519051013401626, 18.97584514336636, 23.396645477368597, 23.566153917087323, 20.00696853044906, 14.189476992982344, 7.100710391237761, -1.361187890827559, -10.688901751485572, -17.92588307243413, -19.41844604692182, -14.48276481717811, -6.352757519344353, 0.30767040987658045, 2.460917846205323, 0.3108613877911422, -2.8995701461172083, -3.1816822813601298, 1.331898553241024, 9.400989006099604, 17.939798951461825, 23.857333062132085, 25.25856694990984, 22.089541926274087, 15.962239650958287, 8.610082847218855, 0.44569800395709663, -8.286519650520582, -15.463004132884626, -18.36567380330518, -16.781496323533425, -13.393275937019748, -11.102878388422582, -10.361555009035294, -9.043424343329221, -4.64216499914922, 3.4436778006159248, 13.4424471785235, 22.534258478595092, 28.420127825447523, 29.98590098397629, 27.318143390255706, 21.691385407990694, 15.267786365654066, 10.087176959030504, 7.064564689927749, 5.935442334076238, 5.968044422741674, 6.597365816312538, 7.579848138906322, 8.844767057599217, 10.298743338043074, 11.72021735297046, 12.797629383331815, 13.269771200033802, 13.045853573742711, 12.216335193937253, 10.973345646098723, 9.51379550762067, 7.974222175559457, 6.407301715059693, 4.792362845322497, 3.0705141130417024, 1.1987276533073754, -0.7808604132261819, -2.674010872705892, -4.122800399059845, -4.719168928621801, -4.240595835847949, -2.8573345761278204, -1.0936324571696852, 0.5183811155237984, 1.8115301476435153, 2.905254460534884, 3.61968774040604, 3.0914518124277577, 0.33456233929740453, -4.564618055431803, -10.084718313807267, -14.35187644525443, -15.766954598518849, -12.665394757740357, -4.23403008638046, 8.015627769719197, 20.62974654652679, 29.809734033778994, 32.86737294422123, 29.394581067837503, 21.790533461028623, 14.142584837428927, 9.42540849386195, 7.315634708101071, 5.160267366907146, 1.3598431397167359, -2.996185953536295, -5.91173022637512
-6.054580908802022, -4.437022997170633, -0.5188038126927318, 5.518784442465221, 12.839690765457686, 19.299951373463625, 22.599507964738454, 21.787060068180665, 17.715663132912734, 12.25973368116733, 6.586894173562525, 0.14261243960742834, -7.699596119882441, -15.03749406456877, -18.210948858837664, -15.471231377339477, -8.879206332820523, -2.6151643381328613, 0.13792042846673208, -0.798459489747044, -2.708814009337903, -2.1463324323112887, 2.5115219236913755, 10.135237531841693, 17.867822079283307, 22.822749470187507, 23.35019679458256, 19.74283015485581, 14.017822506497543, 8.213183444813165, 2.5732966322097792, -3.651197791385725, -9.679669049770053, -13.313474674339265, -13.611435160763024, -11.978442595050177, -10.47433652112533, -9.634538074682721, -8.080867939618495, -3.9951770690341353, 3.1205918148788574, 11.896422097824614, 19.962525824069054, 25.187889103924768, 26.358402589236874, 23.45380173397851, 17.817198132315976, 11.710378000202631, 7.089330405559963, 4.626244592661697, 3.826499577772514, 3.8579428566647813, 4.196535204107487, 4.729871661885476, 5.546039168724721, 6.698695249232579, 8.080959573875266, 9.438614538820676, 10.48579820757608, 11.029880869463318, 11.023439877622584, 10.535274269229216, 9.685812578385207, 8.58841014002427, 7.3123244915775185, 5.868269623409486, 4.215337085719584, 2.2929300756235906, 0.08734388346041772, -2.268836812339862, -4.416307675655861, -5.817317107777516, -6.002575435526275, -4.896406087039744, -2.9326927927279605, -0.8017975027845881, 0.9241774284998814, 1.8195198299807678, 1.2632930502197854, -1.6035000954471545, -7.06798968040194, -13.760563286615065, -18.9838353726598, -20.814664256061796, -19.017457905878803, -13.557389885960074, -4.210557005289296, 7.856416595087775, 19.706346002148717, 27.92358813094058, 30.053583251626286, 25.901102805626113, 18.110129020860906, 10.769063680088374, 6.669505013812514, 5.4994292776277724, 4.648570206639977, 2.071738177574166, -1.827622916453338, -5.083499352090026
-4.975775997778416, -3.35236803334964, 0.6308245475511314, 6.1757766308568405, 12.173503994111405, 16.867155008424586, 18.585886087821674, 16.876292029770568, 12.850238985775418, 8.399576396418304, 4.604225522982103, 0.7256373240000811, -4.51300299764254, -10.409557115379778, -14.168452036015928, -13.682751034106428, -9.713728515854523, -5.198787721760541, -2.742220125674775, -2.687205120481257, -3.12746454715013, -1.6197620325186353, 2.8949064194955025, 9.386772996622875, 15.481320713643669, 18.839763932968975, 18.331634243237392, 14.624763567691424, 9.796264847348898, 5.752425948910003, 2.6068658645419145, -0.8478893062535744, -4.886959310027841, -8.212538225250709, -9.714976332989194, -9.720260342389944, -9.266098157458298, -8.67345959203001, -7.118729255444276, -3.4888698204838984, 2.450686965061597, 9.605413659296943, 16.061415161025092, 19.98099902593081, 20.298081548683673, 17.16540347645382, 12.037837507160269, 6.982785992546375, 3.504030460435853, 1.8876293666463706, 1.5165290254818113, 1.630652626604987, 1.8201021328752063, 2.053023822798769, 2.4711624887212422, 3.1921499981054513, 4.20494557158883, 5.363969761291938, 6.457986549139966, 7.300868600699461, 7.788080214058419, 7.900422768964761, 7.674750033372718, 7.167664544253016, 6.425276369482526, 5.46208950804948, 4.250481244646339, 2.7274628617662806, 0.83522413407717, -1.3889212134034616, -3.698422907173582, -5.60164233892432, -6.526018728263818, -6.15449202925472, -4.683123960983055, -2.758540795099031, -1.1915753317465014, -0.7976650602893107, -2.4356875930781325, -6.820357113755558, -13.739782646443052, -21.17363281129837, -25.88223975524353, -25.84648522141863, -21.49303938956229, -13.998583504698514, -4.025891364700134, 7.247665240407488, 17.434053231247074, 23.73953018443773, 24.332504313302394, 19.644863248148347, 12.519989110774342, 6.464206296481379, 3.469019504823564, 3.0800947448117904, 3.1594902220379404, 1.8426054833093506, -0.9883601639377606, -3.890505648716261
-3.449501691796788, -2.267250384155181, 0.6551579810592916, 4.456148295462599, 8.115905052533291, 10.489953241724379, 10.741752478996986, 8.92423510755701, 6.024404411560104, 3.341599882778948, 1.5181112809116295, -0.0482786778532715, -2.4755709852145635, -5.7970199570385965, -8.543811110332246, -9.17850189272492, -7.643238024957337, -5.364925799155235, -3.8583010235667223, -3.4184197318346645, -3.0408390133223078, -1.428230225673621, 1.8772163041536802, 6.074069596604761, 9.58506002018105, 11.007695591216507, 9.913014501484964, 7.078974896931666, 4.0066374473456765, 1.8902585568174328, 0.7039562271615165, -0.5364857529269256, -2.4027318041129586, -4.407954474146103, -5.820002989891314, -6.488243107804395, -6.691702574309872, -6.476533812390368, -5.386188880344835, -2.86759377937415, 1.0908032220135673, 5.681305345949734, 9.577236902489629, 11.5511111292351, 11.03502114947428, 8.418436833190329, 4.897301910432806, 1.8142544083223366, -0.06708066216888887, -0.7813653820142116, -0.8261728251777781, -0.6844947708467364, -0.5783144641675424, -0.49690598046333745, -0.33320655360861, 0.00523273410166432, 0.5414511758516216, 1.2207877507974068, 1.9383983987763556, 2.5836919835130217, 3.0754874948361355, 3.373622371378415, 3.471638356570372, 3.381987317192686, 3.1208456805558535, 2.694562177493409, 2.088465163394784, 1.261744894173547, 0.160107061906285, -1.2360171979099814, -2.8273289574412406, -4.330096559085507, -5.330233467219463, -5.496719268826688, -4.824703543813559, -3.703330209454448, -2.7745078077031495, -2.7596569027741857, -4.357064926405189, -8.047891260131012, -13.587111641189363, -19.394165939896116, -22.912949004182842, -22.409364764272492, -18.140368068593638, -11.355456200871911, -3.1496709133608576, 5.2124033766854225, 11.934991236756156, 15.256163783444919, 14.438179636163676, 10.463118743867527, 5.601915258231772, 1.9678424198617306, 0.43252379086326737, 0.5120188280484179, 0.9247627170304386, 0.5355275773828541, -0.9088527321914072, -2.690247494343347
-2.4934500532744774, -2.0731627382791777, -1.0756626373939726, 0.13670145938506092, 1.169572990704455, 1.6757373018106945, 1.4803225640425581, 0.7052992456648997, -0.27802457249729323, -1.0627518139881853, -1.4818017122365197, -1.7672110500595044, -2.3294682043090473, -3.2666864449587383, -4.182222027934323, -4.5596907510281595, -4.273057585159691, -3.680567172881742, -3.228293040173868, -3.0190304583565557, -2.7692377063476847, -2.1217613683629937, -0.9983798858187234, 0.28569725620791725, 1.21357604047175, 1.397790452071808, 0.8128062592432302, -0.20275162223616097, -1.154255259650772, -1.6984231636782563, -1.8869999725876432, -2.0760742829073178, -2.509234583285525, -3.093763467880814, -3.605944023638906, -3.94153464402655, -4.112845888115311, -4.0882388303891, -3.719406575913106, -2.8605049283409723, -1.5622296473471569, -0.14409482283521624, 0.9351083031927165, 1.3066477547013235, 0.8717613240824847, -0.1456897427242586, -1.3119061432458192, -2.2236200611257875, -2.707355271701811, -2.834258200734118, -2.7849468526544894, -2.706219768080679, -2.6547068108232965, -2.618946067118415, -2.563080043813925, -2.4567821836554273, -2.2888191912859757, -2.0700835486705578, -1.82801860169055, -1.5953263364893575, -1.399395636737407, -1.2572888894484358, -1.1761400310197283, -1.1562651780614166, -1.1950065329416202, -1.2906921812556196, -1.446629838422058, -1.6743511310863544, -1.9926524095903468, -2.415622788254052, -2.925676623654291, -3.444508072282973, -3.8368927851605967, -3.9740113632150953, -3.82614516047554, -3.508731520663767, -3.2464982261553517, -3.3024429488692846, -3.923321937450347, -5.275942091645532, -7.288100450594223, -9.408746691751967, -10.66649573805378, -10.319076640144274, -8.403179636635457, -5.491766670242128, -2.2243665231445573, 0.7612050480578609, 2.823870615103025, 3.515842241360281, 2.831390771498586, 1.2982678081341736, -0.28995111037425436, -1.3415143231087387, -1.6999455761629283, -1.574947631543074, -1.354320658318323, -1.372294085672645, -1.7352147981370938, -2.2627973244113746
