-7.28, -7.727, -8.03, -8.31, -8.63, -8.93, -9.164, -9.31, -9.37, -9.21, -8.76, -8.086, -7.473, -7.133, -7.105, -7.316, -7.656, -8.02, -8.31, -8.48, -8.5, -8.414, -8.25, -8.07, -7.98, -8.055, -8.31, -8.66, -8.87, -8.66, -8.03, -7.28, -6.773, -6.57, -6.57, -6.645, -6.8, -7.004, -7.246, -7.508, -7.773, -8.055, -8.375, -8.77, -9.195, -9.61, -9.945, -10.05, -9.82, -9.26, -8.62, -8.21, -8.32, -9.04, -10.17, -11.34, -12.38, -13.0, -13.03, -12.5, -11.47, -10.195, -9.06, -8.27, -7.816, -7.57, -7.438, -7.418, -7.555, -7.816, -8.11, -8.38, -8.59, -8.766, -8.88, -9.01, -9.15, -9.29, -9.44, -9.57, -9.664, -9.695, -9.67, -9.6, -9.5, -9.37, -9.24, -9.15, -9.1, -9.03, -8.88, -8.62, -8.29, -7.973, -7.65, -7.258, -6.777, -6.37, -6.293, -6.688
-2.725, -4.066, -5.113, -6.22, -7.35, -8.305, -9.02, -9.58, -9.81, -9.43, -8.055, -5.867, -3.7, -2.355, -2.111, -2.71, -3.816, -5.08, -6.16, -6.81, -6.94, -6.62, -6.066, -5.484, -5.16, -5.395, -6.324, -7.62, -8.445, -7.863, -5.844, -3.32, -1.444, -0.598, -0.4575, -0.6694, -1.152, -1.913, -2.848, -3.895, -4.97, -6.11, -7.33, -8.664, -10.055, -11.35, -12.27, -12.4, -11.445, -9.5, -7.367, -6.14, -6.598, -8.73, -11.83, -15.055, -17.8, -19.52, -19.95, -18.77, -16.02, -12.19, -8.3, -5.285, -3.404, -2.346, -1.787, -1.743, -2.22, -3.117, -4.176, -5.13, -5.883, -6.4, -6.754, -7.05, -7.375, -7.75, -8.12, -8.42, -8.56, -8.51, -8.27, -7.883, -7.39, -6.926, -6.555, -6.355, -6.297, -6.203, -5.85, -5.145, -4.227, -3.37, -2.613, -1.753, -0.641, 0.2817, 0.2654, -1.013
2.63, 0.3882, -1.775, -4.066, -6.137, -7.67, -8.73, -9.57, -10.18, -9.875, -7.836, -4.086, 0.1117, 3.062, 3.996, 3.193, 1.266, -1.186, -3.488, -5.06, -5.574, -5.14, -4.11, -2.934, -2.193, -2.463, -4.043, -6.402, -8.08, -7.418, -3.998, 0.694, 4.543, 6.62, 7.285, 7.08, 6.156, 4.555, 2.453, 0.1079, -2.318, -4.73, -7.133, -9.516, -11.78, -13.65, -14.71, -14.38, -12.25, -8.62, -4.91, -3.025, -3.994, -7.445, -12.11, -16.8, -20.78, -23.6, -24.84, -24.03, -20.7, -15.055, -8.31, -2.363, 1.778, 4.215, 5.406, 5.5, 4.527, 2.81, 0.791, -1.111, -2.598, -3.637, -4.266, -4.734, -5.188, -5.73, -6.254, -6.645, -6.777, -6.562, -6.023, -5.3, -4.54, -3.938, -3.639, -3.643, -3.838, -3.873, -3.352, -2.13, -0.509, 0.9746, 2.117, 3.307, 4.836, 6.26, 6.484, 5.008
7.48, 4.55, 1.282, -2.088, -4.855, -6.613, -7.62, -8.55, -9.54, -9.734, -7.715, -2.99, 3.01, 7.89, 10.08, 9.586, 7.105, 3.521, -0.1812, -2.979, -4.254, -3.945, -2.49, -0.6406, 0.723, 0.699, -1.188, -4.35, -6.93, -6.62, -2.477, 3.959, 9.86, 13.5, 14.96, 14.914, 13.47, 10.82, 7.348, 3.479, -0.4197, -4.164, -7.67, -10.85, -13.555, -15.46, -16.03, -14.7, -11.15, -6.066, -1.465, 0.3408, -1.506, -6.03, -11.555, -16.83, -21.19, -24.36, -26.2, -26.14, -23.39, -17.36, -8.98, -0.4062, 6.305, 10.53, 12.66, 12.95, 11.63, 9.18, 6.203, 3.293, 0.8936, -0.8013, -1.848, -2.475, -2.967, -3.484, -3.998, -4.355, -4.37, -3.988, -3.271, -2.436, -1.719, -1.354, -1.44, -1.898, -2.453, -2.633, -1.945, -0.228, 2.1, 4.25, 5.773, 7.062, 8.64, 10.305, 11.01, 9.89
11.164, 8.03, 4.016, -0.1168, -3.303, -5.05, -5.836, -6.668, -7.992, -8.83, -7.332, -2.406, 4.86, 11.61, 15.55, 16.05, 13.61, 9.27, 4.293, 0.131, -2.217, -2.371, -0.759, 1.648, 3.64, 4.04, 2.246, -1.231, -4.465, -4.81, -0.7812, 6.445, 13.87, 19.0, 21.44, 21.52, 19.55, 15.87, 11.04, 5.773, 0.613, -4.18, -8.484, -12.164, -15.016, -16.62, -16.45, -13.95, -9.15, -3.213, 1.44, 2.578, -0.1338, -5.23, -11.016, -16.38, -20.72, -23.77, -25.56, -25.89, -23.89, -18.6, -9.87, 0.2805, 9.28, 15.63, 19.12, 20.03, 18.77, 15.89, 12.13, 8.22, 4.812, 2.266, 0.633, -0.2515, -0.7305, -1.095, -1.425, -1.624, -1.528, -1.084, -0.4136, 0.2284, 0.591, 0.4814, -0.1179, -1.036, -1.912, -2.223, -1.461, 0.5503, 3.348, 6.016, 7.918, 9.234, 10.67, 12.28, 13.41, 13.08
13.3, 10.54, 6.305, 1.76, -1.693, -3.426, -3.994, -4.637, -6.043, -7.414, -6.67, -2.176, 5.59, 13.88, 19.75, 21.78, 20.1, 15.64, 9.805, 4.37, 0.8433, -0.1292, 1.204, 3.77, 6.13, 6.977, 5.605, 2.453, -0.9, -1.925, 1.272, 8.24, 16.25, 22.34, 25.55, 25.7, 23.23, 18.67, 12.83, 6.6, 0.5947, -4.832, -9.555, -13.45, -16.31, -17.66, -16.88, -13.57, -8.07, -1.931, 2.363, 2.967, 0.05145, -4.895, -10.47, -15.78, -20.14, -23.08, -24.58, -24.83, -23.34, -18.94, -10.92, -0.3872, 10.21, 18.66, 23.9, 26.03, 25.34, 22.5, 18.27, 13.586, 9.21, 5.754, 3.414, 2.129, 1.575, 1.38, 1.307, 1.315, 1.482, 1.829, 2.227, 2.45, 2.287, 1.643, 0.565, -0.724, -1.857, -2.34, -1.695, 0.2397, 3.066, 5.906, 8.05, 9.45, 10.72, 12.24, 13.69, 14.26
13.82, 11.91, 7.945, 3.324, -0.2969, -2.07, -2.488, -2.852, -4.08, -5.652, -5.668, -2.11, 5.324, 14.41, 21.94, 25.78, 25.38, 21.39, 15.34, 9.086, 4.445, 2.455, 3.06, 5.258, 7.59, 8.74, 8.055, 5.76, 2.965, 1.645, 3.71, 9.44, 16.84, 23.08, 26.47, 26.64, 23.8, 18.73, 12.42, 5.785, -0.4985, -6.12, -10.945, -14.875, -17.72, -18.94, -17.98, -14.46, -8.914, -2.945, 1.105, 1.812, -0.5127, -4.727, -9.88, -15.125, -19.55, -22.5, -23.88, -23.9, -22.52, -18.95, -12.14, -2.256, 8.914, 18.97, 26.17, 29.92, 30.38, 28.03, 23.86, 18.83, 13.836, 9.62, 6.555, 4.754, 4.0, 3.87, 3.994, 4.164, 4.348, 4.48, 4.473, 4.18, 3.463, 2.318, 0.844, -0.7407, -2.09, -2.79, -2.414, -0.819, 1.686, 4.383, 6.54, 7.99, 9.16, 10.516, 12.2, 13.6
13.11, 12.18, 8.82, 4.402, 0.762, -1.089, -1.434, -1.462, -2.229, -3.654, -4.234, -1.859, 4.438, 13.305, 21.73, 27.12, 28.19, 25.31, 19.69, 13.23, 7.86, 4.87, 4.453, 5.848, 7.742, 8.93, 8.9, 7.74, 6.082, 5.086, 6.297, 10.375, 16.22, 21.64, 24.69, 24.64, 21.69, 16.6, 10.35, 3.826, -2.361, -7.87, -12.59, -16.47, -19.23, -20.5, -19.66, -16.39, -11.13, -5.438, -1.267, 0.1447, -1.157, -4.56, -9.35, -14.52, -19.02, -22.1, -23.5, -23.34, -21.92, -18.89, -13.38, -4.89, 5.707, 16.42, 25.19, 30.77, 32.75, 31.62, 28.05, 23.3, 18.19, 13.57, 9.93, 7.61, 6.52, 6.285, 6.465, 6.715, 6.824, 6.707, 6.266, 5.453, 4.24, 2.674, 0.8755, -0.9497, -2.496, -3.387, -3.266, -2.004, 0.1514, 2.592, 4.664, 6.055, 7.043, 8.164, 9.836, 11.87
11.734, 11.65, 8.945, 4.945, 1.418, -0.4958, -0.8516, -0.576, -0.71, -1.601, -2.346, -1.11, 3.52, 11.086, 19.34, 25.53, 28.03, 26.52, 21.92, 15.96, 10.45, 6.754, 5.348, 5.734, 6.85, 7.76, 8.05, 7.836, 7.49, 7.457, 8.5, 11.28, 15.34, 19.3, 21.56, 21.22, 18.36, 13.555, 7.633, 1.448, -4.484, -9.8, -14.41, -18.14, -20.8, -22.03, -21.31, -18.31, -13.37, -7.77, -3.191, -0.914, -1.343, -4.277, -8.91, -14.016, -18.52, -21.7, -23.27, -23.25, -21.8, -19.03, -14.53, -7.64, 1.537, 11.83, 21.33, 28.3, 32.06, 32.4, 30.3, 26.4, 21.83, 17.25, 13.35, 10.586, 9.1, 8.586, 8.664, 8.836, 8.81, 8.42, 7.613, 6.37, 4.758, 2.852, 0.78, -1.261, -2.98, -3.996, -3.957, -2.783, -0.719, 1.643, 3.637, 4.883, 5.555, 6.223, 7.61, 9.82
10.21, 10.61, 8.52, 5.01, 1.717, -0.2537, -0.724, -0.2756, 0.214, 0.1361, -0.2732, 0.2487, 3.172, 8.82, 15.81, 21.9, 25.2, 25.08, 21.89, 16.92, 11.836, 7.938, 5.816, 5.27, 5.508, 5.816, 5.94, 6.164, 6.805, 7.945, 9.62, 11.97, 14.84, 17.48, 18.84, 18.19, 15.36, 10.82, 5.2, -0.79, -6.55, -11.74, -16.23, -19.83, -22.33, -23.3, -22.38, -19.27, -14.32, -8.586, -3.621, -0.8335, -0.996, -3.936, -8.61, -13.625, -18.02, -21.27, -23.11, -23.36, -22.1, -19.53, -15.64, -10.055, -2.53, 6.46, 15.65, 23.39, 28.6, 30.89, 30.4, 28.06, 24.45, 20.42, 16.58, 13.56, 11.63, 10.77, 10.56, 10.52, 10.32, 9.695, 8.57, 7.03, 5.113, 2.943, 0.626, -1.623, -3.488, -4.527, -4.39, -3.002, -0.691, 1.848, 3.855, 4.89, 5.094, 5.195, 6.06, 8.086
8.71, 9.29, 7.688, 4.695, 1.691, -0.3096, -0.971, -0.539, 0.3994, 1.18, 1.535, 1.988, 3.695, 7.387, 12.56, 17.7, 21.1, 21.89, 20.02, 16.28, 12.02, 8.36, 5.96, 4.734, 4.145, 3.695, 3.32, 3.402, 4.4, 6.38, 8.984, 11.8, 14.44, 16.48, 17.3, 16.34, 13.484, 8.98, 3.395, -2.596, -8.39, -13.63, -18.08, -21.55, -23.67, -24.14, -22.55, -18.89, -13.53, -7.547, -2.48, 0.1382, -0.4302, -3.74, -8.45, -13.25, -17.45, -20.75, -22.9, -23.66, -22.73, -20.34, -16.73, -11.96, -5.82, 1.671, 9.86, 17.6, 23.73, 27.55, 28.98, 28.3, 26.1, 22.89, 19.44, 16.33, 14.086, 12.79, 12.2, 11.85, 11.41, 10.53, 9.21, 7.46, 5.344, 2.955, 0.4182, -2.033, -4.02, -5.02, -4.637, -2.814, -0.03595, 2.82, 4.875, 5.656, 5.38, 4.863, 5.156, 6.754
7.312, 7.91, 6.668, 4.13, 1.423, -0.5806, -1.474, -1.22, -0.1034, 1.345, 2.596, 3.572, 4.855, 7.164, 10.57, 14.3, 17.19, 18.25, 17.23, 14.61, 11.266, 8.14, 5.79, 4.184, 2.928, 1.772, 0.766, 0.3784, 1.166, 3.352, 6.57, 10.1, 13.266, 15.445, 16.28, 15.29, 12.44, 7.85, 2.145, -4.008, -9.984, -15.35, -19.86, -23.11, -24.78, -24.45, -21.92, -17.34, -11.34, -5.2, -0.5347, 1.287, -0.0832, -3.791, -8.4, -12.86, -16.81, -20.16, -22.72, -23.97, -23.56, -21.45, -18.03, -13.586, -8.21, -1.877, 5.22, 12.4, 18.86, 23.75, 26.75, 27.72, 26.89, 24.72, 21.78, 18.83, 16.36, 14.67, 13.625, 12.9, 12.14, 11.09, 9.63, 7.742, 5.492, 2.932, 0.1823, -2.475, -4.57, -5.508, -4.816, -2.51, 0.7773, 3.97, 6.05, 6.55, 5.82, 4.797, 4.574, 5.695
6.027, 6.56, 5.58, 3.434, 0.998, -0.9927, -2.09, -2.098, -1.054, 0.726, 2.693, 4.42, 5.934, 7.656, 9.83, 12.23, 14.2, 15.03, 14.41, 12.52, 10.01, 7.5, 5.37, 3.564, 1.848, 0.1434, -1.362, -2.227, -1.922, -0.0907, 3.088, 6.973, 10.695, 13.48, 14.74, 14.125, 11.47, 6.973, 1.196, -5.12, -11.32, -16.92, -21.45, -24.52, -25.62, -24.4, -20.77, -15.16, -8.59, -2.602, 1.258, 2.03, -0.0929, -3.953, -8.24, -12.266, -16.02, -19.45, -22.38, -24.2, -24.39, -22.77, -19.53, -15.16, -10.02, -4.246, 2.037, 8.64, 14.984, 20.5, 24.53, 26.8, 27.23, 26.06, 23.75, 21.0, 18.44, 16.39, 14.9, 13.73, 12.67, 11.42, 9.88, 7.957, 5.63, 2.92, -0.0506, -2.934, -5.137, -5.996, -5.0, -2.232, 1.495, 4.93, 6.957, 7.188, 6.07, 4.668, 4.055, 4.73
4.855, 5.312, 4.535, 2.697, 0.479, -1.476, -2.703, -2.932, -2.1, -0.3315, 1.96, 4.26, 6.266, 8.01, 9.6, 11.06, 12.15, 12.48, 11.88, 10.48, 8.625, 6.684, 4.797, 2.877, 0.8516, -1.17, -2.916, -4.03, -4.15, -2.959, -0.3887, 3.195, 7.047, 10.305, 12.24, 12.25, 10.11, 5.973, 0.3516, -6.066, -12.484, -18.3, -22.92, -25.73, -26.23, -24.1, -19.39, -12.92, -6.074, -0.5117, 2.424, 2.271, -0.312, -4.035, -7.85, -11.48, -15.055, -18.66, -21.94, -24.33, -25.19, -24.1, -21.28, -16.95, -11.766, -6.055, -0.03088, 6.18, 12.38, 18.1, 22.78, 25.98, 27.39, 27.05, 25.38, 22.89, 20.25, 17.9, 15.95, 14.39, 13.0, 11.62, 10.055, 8.125, 5.78, 2.922, -0.2808, -3.398, -5.727, -6.48, -5.17, -1.976, 2.111, 5.703, 7.61, 7.55, 6.098, 4.395, 3.494, 3.848
3.867, 4.266, 3.598, 1.976, -0.0893, -1.9795, -3.219, -3.56, -2.932, -1.391, 0.84, 3.36, 5.742, 7.72, 9.234, 10.234, 10.664, 10.55, 9.85, 8.73, 7.355, 5.844, 4.113, 2.111, -0.07745, -2.178, -3.855, -4.91, -5.24, -4.65, -2.963, -0.1855, 3.24, 6.58, 9.016, 9.73, 8.305, 4.74, -0.574, -6.945, -13.55, -19.58, -24.2, -26.73, -26.6, -23.55, -17.94, -10.89, -4.05, 0.9346, 3.023, 2.23, -0.4666, -3.852, -7.215, -10.51, -13.98, -17.7, -21.33, -24.23, -25.73, -25.42, -23.11, -19.08, -13.77, -7.88, -1.706, 4.535, 10.664, 16.52, 21.53, 25.31, 27.45, 27.83, 26.64, 24.48, 21.83, 19.19, 16.84, 14.84, 13.18, 11.69, 10.13, 8.27, 5.895, 2.895, -0.5605, -3.906, -6.312, -6.906, -5.242, -1.632, 2.785, 6.457, 8.18, 7.773, 5.984, 4.03, 2.936, 3.074
3.107, 3.434, 2.816, 1.283, -0.676, -2.455, -3.57, -3.855, -3.35, -2.107, -0.2078, 2.168, 4.652, 6.867, 8.484, 9.37, 9.516, 9.12, 8.336, 7.38, 6.324, 5.047, 3.393, 1.322, -0.9165, -2.88, -4.24, -4.992, -5.29, -5.133, -4.297, -2.531, 0.09375, 3.111, 5.71, 6.977, 6.242, 3.318, -1.578, -7.824, -14.52, -20.7, -25.31, -27.52, -26.67, -22.78, -16.44, -9.016, -2.373, 1.992, 3.383, 2.225, -0.383, -3.389, -6.33, -9.38, -12.79, -16.64, -20.61, -24.0, -26.14, -26.53, -24.9, -21.3, -16.19, -10.06, -3.56, 2.945, 9.34, 15.29, 20.64, 24.81, 27.47, 28.39, 27.7, 25.78, 23.1, 20.22, 17.47, 15.1, 13.19, 11.625, 10.125, 8.35, 5.938, 2.777, -0.9097, -4.453, -6.87, -7.24, -5.137, -1.056, 3.672, 7.348, 8.805, 7.977, 5.82, 3.625, 2.422, 2.443
2.57, 2.84, 2.18, 0.654, -1.23, -2.82, -3.697, -3.791, -3.316, -2.367, -0.9116, 1.084, 3.441, 5.746, 7.543, 8.516, 8.63, 8.12, 7.33, 6.457, 5.527, 4.33, 2.639, 0.53, -1.635, -3.303, -4.207, -4.543, -4.688, -4.812, -4.664, -3.826, -2.08, 0.373, 2.844, 4.395, 4.203, 1.839, -2.639, -8.69, -15.42, -21.66, -26.19, -27.97, -26.44, -21.69, -14.73, -7.133, -0.793, 2.957, 3.8, 2.432, -0.02606, -2.68, -5.285, -8.12, -11.484, -15.445, -19.62, -23.52, -26.25, -27.39, -26.55, -23.62, -18.84, -12.75, -5.93, 1.021, 7.754, 14.09, 19.7, 24.25, 27.34, 28.75, 28.45, 26.75, 24.14, 21.0, 17.92, 15.18, 13.05, 11.43, 10.02, 8.31, 5.89, 2.582, -1.316, -5.0, -7.37, -7.41, -4.797, -0.1909, 4.824, 8.445, 9.516, 8.195, 5.617, 3.225, 1.965, 1.967
2.23, 2.447, 1.693, 0.12195, -1.679, -3.02, -3.549, -3.398, -2.91, -2.25, -1.2705, 0.2563, 2.342, 4.65, 6.613, 7.76, 8.016, 7.543, 6.746, 5.88, 4.918, 3.637, 1.867, -0.2427, -2.205, -3.467, -3.877, -3.809, -3.83, -4.18, -4.574, -4.492, -3.508, -1.648, 0.55, 2.172, 2.318, 0.3994, -3.713, -9.555, -16.22, -22.48, -26.86, -28.16, -25.84, -20.3, -12.77, -5.11, 0.8413, 4.0, 4.375, 2.854, 0.545, -1.809, -4.105, -6.727, -9.99, -14.016, -18.45, -22.72, -26.06, -27.95, -27.9, -25.77, -21.58, -15.74, -8.875, -1.598, 5.633, 12.41, 18.44, 23.42, 26.9, 28.77, 28.86, 27.45, 24.81, 21.58, 18.16, 15.13, 12.79, 11.125, 9.805, 8.18, 5.746, 2.32, -1.761, -5.543, -7.78, -7.43, -4.23, 0.922, 6.227, 9.7, 10.33, 8.445, 5.438, 2.826, 1.556, 1.61
2.01, 2.201, 1.357, -0.272, -1.956, -2.98, -3.125, -2.709, -2.24, -1.894, -1.409, -0.373, 1.395, 3.637, 5.75, 7.156, 7.613, 7.266, 6.484, 5.523, 4.41, 2.959, 1.08, -0.9644, -2.625, -3.42, -3.334, -2.951, -2.951, -3.572, -4.46, -4.977, -4.6, -3.254, -1.356, 0.224, 0.569, -1.033, -4.8, -10.41, -16.98, -23.12, -27.23, -27.98, -24.92, -18.64, -10.65, -2.998, 2.508, 5.082, 5.016, 3.354, 1.205, -0.849, -2.852, -5.223, -8.37, -12.39, -16.98, -21.61, -25.56, -28.19, -28.95, -27.66, -24.19, -18.89, -12.234, -4.83, 2.752, 10.01, 16.58, 22.02, 26.05, 28.31, 28.86, 27.72, 25.25, 21.9, 18.25, 14.945, 12.47, 10.8, 9.55, 7.992, 5.523, 1.962, -2.25, -6.066, -8.12, -7.32, -3.518, 2.191, 7.72, 11.02, 11.18, 8.74, 5.28, 2.451, 1.172, 1.32
1.836, 2.055, 1.148, -0.5005, -2.02, -2.688, -2.42, -1.778, -1.385, -1.404, -1.438, -0.904, 0.5293, 2.68, 4.94, 6.63, 7.35, 7.16, 6.38, 5.293, 3.947, 2.271, 0.297, -1.621, -2.912, -3.18, -2.62, -1.994, -2.07, -3.033, -4.42, -5.484, -5.656, -4.746, -3.152, -1.648, -1.185, -2.52, -5.98, -11.33, -17.73, -23.7, -27.48, -27.66, -23.8, -16.77, -8.43, -0.9414, 4.07, 6.047, 5.58, 3.832, 1.87, 0.1354, -1.55, -3.674, -6.664, -10.63, -15.336, -20.23, -24.67, -27.95, -29.58, -29.19, -26.58, -22.05, -15.78, -8.51, -0.7544, 6.89, 13.93, 19.95, 24.52, 27.33, 28.33, 27.56, 25.33, 21.92, 18.12, 14.664, 12.06, 10.414, 9.22, 7.69, 5.168, 1.489, -2.826, -6.613, -8.41, -7.13, -2.695, 3.51, 9.24, 12.35, 12.02, 9.06, 5.164, 2.086, 0.769, 1.03
1.651, 1.953, 1.042, -0.5703, -1.863, -2.129, -1.462, -0.6274, -0.3618, -0.788, -1.366, -1.343, -0.2659, 1.767, 4.14, 6.1, 7.117, 7.12, 6.344, 5.098, 3.496, 1.578, -0.471, -2.205, -3.06, -2.771, -1.751, -0.9277, -1.125, -2.45, -4.344, -5.97, -6.668, -6.227, -4.938, -3.586, -3.053, -4.152, -7.3, -12.36, -18.5, -24.2, -27.56, -27.11, -22.47, -14.87, -6.285, 0.9536, 5.395, 6.8, 6.0, 4.254, 2.527, 1.13, -0.2333, -2.096, -4.867, -8.7, -13.44, -18.56, -23.44, -27.39, -29.78, -30.25, -28.61, -24.84, -19.3, -12.37, -4.684, 3.18, 10.64, 17.16, 22.28, 25.67, 27.23, 26.92, 24.88, 21.64, 17.8, 14.27, 11.63, 9.984, 8.81, 7.234, 4.633, 0.8384, -3.518, -7.21, -8.695, -6.9, -1.881, 4.805, 10.68, 13.59, 12.85, 9.38, 5.043, 1.688, 0.2944, 0.6733
1.404, 1.858, 1.006, -0.501, -1.518, -1.357, -0.2983, 0.7085, 0.8228, -0.008606, -1.121, -1.614, -0.923, 0.925, 3.35, 5.527, 6.82, 7.016, 6.285, 4.88, 3.004, 0.8643, -1.215, -2.713, -3.086, -2.236, -0.7695, 0.2312, -0.06616, -1.715, -4.074, -6.24, -7.51, -7.594, -6.734, -5.61, -5.08, -5.977, -8.8, -13.51, -19.3, -24.67, -27.55, -26.42, -21.1, -12.93, -4.285, 2.596, 6.434, 7.312, 6.29, 4.64, 3.213, 2.172, 1.129, -0.4695, -3.041, -6.72, -11.38, -16.61, -21.8, -26.31, -29.5, -30.84, -30.14, -27.34, -22.55, -16.19, -8.77, -0.907, 6.83, 13.805, 19.48, 23.48, 25.61, 25.78, 24.16, 21.08, 17.3, 13.766, 11.125, 9.49, 8.266, 6.617, 3.871, -0.01483, -4.375, -7.875, -9.01, -6.676, -1.106, 5.992, 11.97, 14.695, 13.55, 9.6, 4.85, 1.192, -0.2988, 0.2013
1.031, 1.721, 1.013, -0.3215, -1.026, -0.4458, 0.9937, 2.166, 2.17, 0.985, -0.6133, -1.624, -1.374, 0.1946, 2.55, 4.855, 6.387, 6.79, 6.1, 4.57, 2.473, 0.1487, -1.919, -3.14, -3.03, -1.635, 0.2416, 1.417, 1.064, -0.8115, -3.525, -6.17, -8.016, -8.72, -8.414, -7.645, -7.23, -7.977, -10.48, -14.79, -20.2, -25.1, -27.38, -25.48, -19.5, -10.94, -2.35, 4.06, 7.277, 7.684, 6.523, 5.066, 3.984, 3.283, 2.52, 1.152, -1.221, -4.723, -9.26, -14.48, -19.89, -24.83, -28.69, -30.89, -31.14, -29.25, -25.36, -19.69, -12.74, -5.023, 2.797, 10.1, 16.27, 20.84, 23.58, 24.28, 23.06, 20.23, 16.64, 13.18, 10.59, 8.91, 7.562, 5.734, 2.846, -1.118, -5.4, -8.65, -9.34, -6.49, -0.3801, 7.027, 13.05, 15.52, 13.984, 9.64, 4.484, 0.5303, -1.067, -0.4346
0.518, 1.519, 1.037, -0.0693, -0.4583, 0.516, 2.303, 3.654, 3.623, 2.19, 0.1991, -1.306, -1.559, -0.4, 1.74, 4.06, 5.76, 6.355, 5.758, 4.164, 1.908, -0.5415, -2.557, -3.496, -2.928, -1.052, 1.177, 2.514, 2.168, 0.1887, -2.738, -5.758, -8.125, -9.49, -9.836, -9.57, -9.38, -10.1, -12.336, -16.25, -21.14, -25.47, -27.06, -24.39, -17.67, -8.836, -0.4219, 5.4, 7.984, 8.01, 6.83, 5.62, 4.895, 4.496, 3.936, 2.72, 0.5264, -2.773, -7.1, -12.23, -17.69, -22.95, -27.38, -30.38, -31.53, -30.61, -27.61, -22.72, -16.34, -8.98, -1.213, 6.266, 12.8, 17.92, 21.2, 22.47, 21.69, 19.27, 15.88, 12.58, 10.02, 8.25, 6.7, 4.62, 1.523, -2.467, -6.605, -9.53, -9.74, -6.34, 0.1792, 7.82, 13.766, 15.97, 14.086, 9.35, 3.873, -0.3516, -2.04, -1.261
-0.1556, 1.216, 1.038, 0.2042, 0.12054, 1.432, 3.521, 5.06, 5.062, 3.531, 1.257, -0.6772, -1.465, -0.822, 0.954, 3.139, 4.918, 5.676, 5.203, 3.61, 1.277, -1.217, -3.14, -3.79, -2.812, -0.5444, 1.954, 3.42, 3.117, 1.13, -1.877, -5.12, -7.957, -9.945, -10.97, -11.29, -11.48, -12.28, -14.33, -17.81, -22.17, -25.8, -26.53, -23.0, -15.625, -6.547, 1.524, 6.703, 8.69, 8.42, 7.3, 6.387, 5.973, 5.78, 5.324, 4.184, 2.125, -0.9424, -5.016, -9.91, -15.32, -20.75, -25.61, -29.33, -31.28, -31.31, -29.25, -25.2, -19.5, -12.59, -5.035, 2.484, 9.3, 14.84, 18.67, 20.45, 20.19, 18.12, 15.09, 11.99, 9.44, 7.5, 5.64, 3.227, -0.0781, -4.09, -8.01, -10.55, -10.25, -6.355, 0.556, 8.28, 14.07, 15.94, 13.67, 8.61, 2.855, -1.529, -3.244, -2.281
-0.967, 0.8013, 0.961, 0.4268, 0.629, 2.209, 4.547, 6.28, 6.406, 4.887, 2.467, 0.1927, -1.104, -1.037, 0.2498, 2.158, 3.89, 4.766, 4.414, 2.883, 0.5483, -1.912, -3.686, -4.035, -2.705, -0.1475, 2.51, 4.047, 3.81, 1.904, -1.076, -4.438, -7.605, -10.14, -11.84, -12.79, -13.44, -14.41, -16.36, -19.48, -23.28, -26.11, -25.78, -21.3, -13.21, -4.016, 3.633, 8.13, 9.55, 9.086, 8.125, 7.473, 7.26, 7.133, 6.645, 5.492, 3.514, 0.6523, -3.1, -7.69, -12.92, -18.42, -23.55, -27.78, -30.52, -31.36, -30.2, -27.0, -22.05, -15.7, -8.49, -1.086, 5.88, 11.76, 16.05, 18.38, 18.6, 17.0, 14.305, 11.375, 8.805, 6.617, 4.38, 1.594, -1.95, -5.96, -9.61, -11.67, -10.81, -6.426, 0.74, 8.445, 13.945, 15.4, 12.69, 7.293, 1.366, -3.074, -4.688, -3.467
-1.884, 0.2756, 0.7764, 0.54, 1.002, 2.799, 5.324, 7.24, 7.54, 6.14, 3.727, 1.238, -0.5005, -1.017, -0.3057, 1.191, 2.742, 3.637, 3.4, 1.965, -0.2847, -2.63, -4.184, -4.24, -2.613, 0.1215, 2.834, 4.38, 4.21, 2.44, -0.397, -3.76, -7.15, -10.16, -12.47, -14.08, -15.234, -16.47, -18.36, -21.22, -24.39, -26.19, -24.7, -19.03, -10.27, -1.067, 6.01, 9.79, 10.766, 10.23, 9.44, 8.96, 8.75, 8.484, 7.82, 6.566, 4.637, 1.989, -1.417, -5.633, -10.55, -15.91, -21.2, -25.8, -29.17, -30.81, -30.45, -28.12, -23.94, -18.2, -11.484, -4.273, 2.695, 8.79, 13.484, 16.28, 17.02, 15.87, 13.55, 10.78, 8.15, 5.66, 2.998, -0.1826, -3.95, -7.934, -11.27, -12.83, -11.375, -6.516, 0.8564, 8.41, 13.48, 14.375, 11.164, 5.438, -0.608, -4.94, -6.312, -4.758
-2.865, -0.3586, 0.4673, 0.517, 1.207, 3.162, 5.793, 7.855, 8.36, 7.184, 4.91, 2.361, 0.2966, -0.767, -0.6694, 0.3093, 1.561, 2.37, 2.193, 0.8936, -1.204, -3.344, -4.633, -4.39, -2.557, 0.2495, 2.922, 4.43, 4.324, 2.742, 0.10974, -3.143, -6.65, -10.016, -12.91, -15.14, -16.81, -18.39, -20.36, -22.88, -25.34, -26.02, -23.11, -16.19, -6.785, 2.305, 8.72, 11.875, 12.516, 11.99, 11.305, 10.805, 10.36, 9.76, 8.805, 7.38, 5.48, 3.066, 0.02547, -3.744, -8.25, -13.336, -18.61, -23.48, -27.31, -29.61, -30.03, -28.53, -25.1, -20.12, -13.89, -7.047, -0.1724, 6.06, 11.04, 14.28, 15.48, 14.805, 12.836, 10.266, 7.562, 4.773, 1.68, -1.893, -5.87, -9.81, -12.86, -13.85, -11.78, -6.426, 1.086, 8.36, 12.836, 13.01, 9.19, 3.123, -2.93, -7.008, -8.016, -6.105
-3.857, -1.08, 0.01991, 0.3325, 1.219, 3.273, 5.96, 8.11, 8.8, 7.906, 5.9, 3.436, 1.186, -0.3381, -0.8516, -0.4534, 0.388, 1.019, 0.865, -0.2888, -2.16, -4.027, -5.016, -4.516, -2.54, 0.2373, 2.781, 4.215, 4.18, 2.83, 0.4766, -2.604, -6.137, -9.79, -13.16, -15.98, -18.22, -20.19, -22.19, -24.4, -26.0, -25.42, -20.97, -12.76, -2.795, 6.023, 11.81, 14.42, 14.88, 14.4, 13.62, 12.8, 11.87, 10.78, 9.49, 7.918, 6.074, 3.896, 1.257, -2.018, -6.035, -10.74, -15.86, -20.83, -25.05, -27.9, -29.03, -28.28, -25.64, -21.38, -15.77, -9.33, -2.676, 3.594, 8.805, 12.38, 14.016, 13.82, 12.24, 9.89, 7.14, 4.07, 0.604, -3.316, -7.508, -11.41, -14.18, -14.65, -11.96, -6.113, 1.494, 8.4, 12.12, 11.445, 6.934, 0.5225, -5.465, -9.18, -9.71, -7.39
-4.805, -1.865, -0.5493, -0.002838, 1.056, 3.17, 5.844, 8.0, 8.85, 8.27, 6.59, 4.336, 2.037, 0.1709, -0.8955, -1.091, -0.718, -0.335, -0.507, -1.5, -3.102, -4.637, -5.31, -4.58, -2.555, 0.0998, 2.457, 3.791, 3.854, 2.75, 0.6846, -2.184, -5.676, -9.51, -13.27, -16.62, -19.4, -21.77, -23.89, -25.69, -26.36, -24.25, -18.2, -8.766, 1.56, 10.02, 15.234, 17.48, 17.81, 17.23, 16.1, 14.69, 13.11, 11.49, 9.87, 8.2, 6.45, 4.527, 2.28, -0.4844, -3.977, -8.24, -13.08, -18.03, -22.5, -25.8, -27.55, -27.47, -25.6, -22.02, -17.06, -11.14, -4.766, 1.383, 6.69, 10.56, 12.58, 12.836, 11.68, 9.58, 6.812, 3.521, -0.2754, -4.492, -8.836, -12.72, -15.18, -15.15, -11.82, -5.52, 2.13, 8.58, 11.46, 9.836, 4.58, -2.15, -7.98, -11.22, -11.25, -8.55
-5.64, -2.65, -1.193, -0.4387, 0.7837, 2.932, 5.53, 7.664, 8.65, 8.32, 6.98, 5.0, 2.762, 0.6797, -0.8384, -1.586, -1.701, -1.614, -1.847, -2.684, -3.975, -5.15, -5.49, -4.582, -2.568, -0.0946, 2.041, 3.271, 3.416, 2.547, 0.7607, -1.896, -5.305, -9.23, -13.29, -17.1, -20.38, -23.14, -25.34, -26.62, -26.22, -22.52, -14.805, -4.367, 6.176, 14.23, 18.98, 20.92, 21.17, 20.19, 18.47, 16.28, 14.01, 11.87, 9.98, 8.266, 6.64, 4.98, 3.117, 0.8213, -2.13, -5.89, -10.36, -15.16, -19.73, -23.38, -25.61, -26.11, -24.89, -22.08, -17.78, -12.43, -6.48, -0.528, 4.758, 8.766, 11.15, 11.83, 11.055, 9.17, 6.395, 2.885, -1.211, -5.668, -10.086, -13.805, -15.91, -15.29, -11.336, -4.547, 3.166, 9.086, 11.016, 8.375, 2.39, -4.594, -10.234, -13.01, -12.516, -9.49
-6.35, -3.395, -1.854, -0.911, 0.4678, 2.637, 5.145, 7.19, 8.22, 8.14, 7.125, 5.44, 3.342, 1.16, -0.695, -1.924, -2.512, -2.75, -3.064, -3.754, -4.73, -5.523, -5.56, -4.51, -2.576, -0.3184, 1.598, 2.729, 2.951, 2.285, 0.7344, -1.715, -5.016, -8.94, -13.2, -17.4, -21.19, -24.31, -26.48, -27.17, -25.48, -20.1, -10.88, 0.4297, 11.0, 18.6, 22.9, 24.66, 24.53, 23.05, 20.56, 17.66, 14.73, 12.13, 10.01, 8.28, 6.777, 5.355, 3.809, 1.938, -0.4985, -3.713, -7.72, -12.27, -16.81, -20.69, -23.3, -24.36, -23.72, -21.5, -17.95, -13.2, -7.75, -2.148, 2.998, 7.082, 9.68, 10.72, 10.25, 8.484, 5.63, 1.877, -2.47, -7.05, -11.42, -14.88, -16.47, -15.17, -10.46, -3.113, 4.664, 10.055, 11.04, 7.41, 0.76, -6.47, -11.94, -14.3, -13.414, -10.19
-6.91, -4.066, -2.477, -1.366, 0.1621, 2.348, 4.74, 6.676, 7.715, 7.79, 7.08, 5.69, 3.777, 1.595, -0.488, -2.115, -3.137, -3.69, -4.105, -4.664, -5.324, -5.77, -5.535, -4.418, -2.592, -0.558, 1.164, 2.223, 2.51, 1.989, 0.613, -1.656, -4.777, -8.64, -13.0, -17.53, -21.77, -25.16, -27.2, -27.22, -24.12, -17.08, -6.516, 5.402, 15.8, 22.95, 26.84, 28.19, 27.61, 25.53, 22.48, 18.98, 15.59, 12.61, 10.23, 8.42, 6.99, 5.723, 4.43, 2.908, 0.931, -1.744, -5.242, -9.39, -13.81, -17.8, -20.77, -22.23, -22.11, -20.45, -17.48, -13.37, -8.5, -3.35, 1.535, 5.543, 8.27, 9.5, 9.17, 7.402, 4.35, 0.3533, -4.19, -8.83, -13.01, -16.03, -16.9, -14.734, -9.15, -1.143, 6.758, 11.64, 11.72, 7.234, -0.02435, -7.527, -13.0, -15.125, -13.99, -10.66
-7.38, -4.64, -3.033, -1.784, -0.1359, 2.049, 4.332, 6.15, 7.17, 7.383, 6.895, 5.773, 4.08, 1.969, -0.2471, -2.191, -3.604, -4.45, -4.97, -5.39, -5.777, -5.902, -5.47, -4.33, -2.648, -0.8096, 0.77, 1.793, 2.098, 1.617, 0.3022, -1.829, -4.734, -8.38, -12.695, -17.45, -22.06, -25.7, -27.55, -26.67, -22.16, -13.56, -1.886, 10.36, 20.44, 27.05, 30.42, 31.23, 30.06, 27.55, 24.2, 20.5, 16.83, 13.56, 10.91, 8.88, 7.367, 6.15, 5.008, 3.75, 2.162, -0.02322, -2.975, -6.684, -10.82, -14.82, -18.03, -19.88, -20.2, -19.03, -16.53, -12.98, -8.664, -4.008, 0.484, 4.293, 6.97, 8.2, 7.824, 5.875, 2.623, -1.572, -6.242, -10.87, -14.82, -17.31, -17.34, -14.03, -7.35, 1.417, 9.45, 13.88, 13.19, 7.99, 0.169, -7.77, -13.51, -15.68, -14.43, -11.05
-7.82, -5.117, -3.518, -2.178, -0.4414, 1.746, 3.953, 5.676, 6.676, 6.938, 6.59, 5.66, 4.184, 2.225, -0.01892, -2.201, -3.957, -5.105, -5.715, -6.01, -6.125, -5.99, -5.406, -4.285, -2.719, -0.996, 0.5195, 1.504, 1.73, 1.101, -0.3452, -2.453, -5.1, -8.36, -12.414, -17.19, -22.05, -25.84, -27.38, -25.56, -19.66, -9.695, 2.826, 15.14, 24.7, 30.62, 33.25, 33.34, 31.61, 28.84, 25.52, 22.0, 18.42, 15.01, 12.03, 9.695, 7.94, 6.625, 5.543, 4.457, 3.172, 1.433, -0.985, -4.18, -7.97, -11.86, -15.2, -17.39, -18.08, -17.31, -15.234, -12.13, -8.31, -4.125, -0.05896, 3.438, 5.902, 6.918, 6.332, 4.184, 0.773, -3.492, -8.19, -12.836, -16.64, -18.56, -17.61, -13.07, -5.08, 4.54, 12.76, 16.78, 15.484, 9.61, 1.175, -7.41, -13.69, -16.14, -14.9, -11.46
-8.17, -5.508, -3.918, -2.545, -0.7456, 1.472, 3.652, 5.33, 6.26, 6.47, 6.098, 5.242, 3.979, 2.262, 0.1313, -2.178, -4.25, -5.71, -6.457, -6.65, -6.51, -6.117, -5.4, -4.254, -2.71, -0.9844, 0.555, 1.464, 1.411, 0.3296, -1.551, -3.797, -6.188, -8.84, -12.305, -16.81, -21.75, -25.64, -26.75, -23.97, -16.78, -5.715, 7.355, 19.44, 28.36, 33.4, 35.06, 34.2, 31.89, 29.0, 26.11, 23.17, 20.06, 16.72, 13.52, 10.8, 8.69, 7.17, 6.023, 5.035, 3.97, 2.604, 0.6836, -1.978, -5.336, -9.016, -12.414, -14.87, -15.96, -15.555, -13.8, -10.99, -7.53, -3.752, -0.0852, 3.025, 5.12, 5.832, 5.0, 2.742, -0.653, -4.832, -9.49, -14.18, -17.97, -19.56, -17.64, -11.664, -2.34, 8.14, 16.52, 20.17, 18.27, 11.82, 2.697, -6.676, -13.66, -16.52, -15.38, -11.87
-8.44, -5.8, -4.266, -2.904, -1.04, 1.289, 3.55, 5.207, 5.99, 5.92, 5.273, 4.324, 3.234, 1.909, 0.1301, -2.11, -4.42, -6.234, -7.2, -7.375, -7.035, -6.38, -5.465, -4.188, -2.496, -0.5723, 1.072, 1.803, 1.167, -0.774, -3.459, -6.117, -8.24, -10.086, -12.57, -16.44, -21.17, -25.0, -25.69, -22.0, -13.66, -1.713, 11.586, 23.28, 31.3, 35.28, 35.78, 33.88, 30.89, 27.98, 25.64, 23.64, 21.31, 18.44, 15.195, 12.16, 9.66, 7.816, 6.51, 5.51, 4.605, 3.54, 2.049, -0.1001, -2.963, -6.305, -9.65, -12.32, -13.8, -13.805, -12.37, -9.82, -6.57, -3.07, 0.2654, 3.0, 4.734, 5.17, 4.227, 2.027, -1.184, -5.18, -9.77, -14.56, -18.53, -19.92, -17.16, -9.81, 0.8345, 12.086, 20.5, 23.7, 21.19, 14.195, 4.53, -5.457, -13.17, -16.6, -15.664, -12.15
-8.54, -6.06, -4.637, -3.287, -1.274, 1.308, 3.777, 5.418, 5.883, 5.242, 3.992, 2.693, 1.712, 0.9316, -0.1659, -1.997, -4.36, -6.523, -7.86, -8.19, -7.746, -6.848, -5.625, -3.998, -1.9, 0.4277, 2.254, 2.662, 1.123, -2.113, -6.04, -9.414, -11.39, -12.27, -13.38, -16.14, -20.39, -23.97, -24.25, -19.72, -10.414, 2.162, 15.42, 26.52, 33.56, 36.22, 35.4, 32.34, 28.7, 25.8, 24.11, 23.17, 21.98, 19.84, 16.9, 13.71, 10.86, 8.65, 7.07, 5.97, 5.113, 4.26, 3.146, 1.488, -0.8403, -3.756, -6.902, -9.71, -11.58, -12.055, -11.05, -8.766, -5.72, -2.379, 0.7363, 3.232, 4.758, 5.1, 4.19, 2.129, -0.932, -4.785, -9.305, -14.12, -18.14, -19.4, -16.0, -7.516, 4.31, 16.16, 24.45, 27.03, 23.84, 16.38, 6.543, -3.72, -11.93, -15.95, -15.44, -12.125
-8.51, -6.35, -5.1, -3.701, -1.365, 1.687, 4.477, 6.086, 6.03, 4.523, 2.299, 0.3125, -0.737, -0.896, -0.9756, -1.922, -3.945, -6.34, -8.164, -8.91, -8.61, -7.492, -5.83, -3.586, -0.763, 2.21, 4.285, 4.254, 1.565, -3.3, -8.89, -13.35, -15.445, -15.35, -14.86, -16.08, -19.4, -22.61, -22.52, -17.28, -7.25, 5.707, 18.77, 29.05, 35.0, 36.38, 34.25, 30.11, 25.83, 22.84, 21.77, 21.86, 21.84, 20.73, 18.39, 15.36, 12.3, 9.72, 7.79, 6.453, 5.555, 4.824, 3.99, 2.781, 0.991, -1.418, -4.234, -7.027, -9.21, -10.22, -9.766, -7.938, -5.137, -1.957, 1.08, 3.531, 5.06, 5.45, 4.59, 2.486, -0.667, -4.594, -9.01, -13.55, -17.28, -18.27, -14.25, -4.805, 7.95, 20.14, 28.03, 29.77, 25.88, 18.22, 8.56, -1.462, -9.875, -14.42, -14.51, -11.69
-8.4, -6.742, -5.684, -4.06, -1.134, 2.61, 5.867, 7.402, 6.72, 4.133, 0.645, -2.428, -3.932, -3.639, -2.5, -2.072, -3.223, -5.535, -7.89, -9.336, -9.43, -8.24, -5.965, -2.803, 1.059, 4.883, 7.26, 6.766, 2.848, -3.758, -11.26, -17.2, -19.8, -18.95, -16.81, -16.27, -18.39, -21.08, -20.61, -14.89, -4.363, 8.72, 21.38, 30.9, 35.75, 35.97, 32.62, 27.5, 22.7, 19.69, 18.97, 19.83, 20.9, 20.95, 19.48, 16.89, 13.875, 11.05, 8.75, 7.086, 5.977, 5.25, 4.59, 3.734, 2.436, 0.573, -1.786, -4.367, -6.684, -8.164, -8.36, -7.152, -4.824, -1.875, 1.101, 3.611, 5.234, 5.664, 4.68, 2.297, -1.1875, -5.336, -9.695, -13.72, -16.62, -16.78, -12.11, -1.927, 11.414, 23.64, 30.92, 31.78, 27.19, 19.44, 10.44, 1.095, -7.15, -12.18, -12.984, -10.914
-8.23, -7.156, -6.242, -4.18, -0.3584, 4.336, 8.16, 9.68, 8.4, 4.773, -0.1377, -4.723, -7.305, -7.07, -4.832, -2.686, -2.365, -4.098, -6.812, -9.13, -9.98, -8.85, -5.895, -1.524, 3.639, 8.44, 11.125, 10.19, 5.15, -3.08, -12.48, -20.17, -23.64, -22.45, -18.9, -16.61, -17.42, -19.39, -18.61, -12.62, -1.8545, 11.17, 23.34, 31.98, 35.9, 35.0, 30.75, 24.98, 19.83, 16.73, 16.14, 17.4, 19.25, 20.3, 19.86, 18.06, 15.43, 12.6, 9.99, 7.973, 6.547, 5.625, 4.957, 4.29, 3.365, 2.002, 0.166, -2.006, -4.188, -5.918, -6.664, -6.156, -4.477, -1.986, 0.7627, 3.186, 4.754, 5.055, 3.861, 1.277, -2.377, -6.688, -11.06, -14.71, -16.62, -15.555, -9.87, 0.9243, 14.52, 26.53, 33.06, 32.94, 27.7, 20.1, 11.94, 3.625, -4.176, -9.484, -11.08, -9.92
-8.02, -7.496, -6.56, -3.807, 1.156, 6.92, 11.375, 12.95, 11.28, 6.81, 0.5244, -5.875, -10.164, -10.75, -7.91, -3.984, -1.673, -2.17, -4.848, -8.04, -9.87, -9.03, -5.4, 0.2957, 6.812, 12.52, 15.43, 14.086, 8.24, -1.186, -12.15, -21.58, -26.22, -25.14, -20.64, -16.9, -16.42, -17.66, -16.61, -10.58, 0.177, 12.96, 24.62, 32.6, 35.5, 33.88, 28.97, 22.88, 17.53, 14.28, 13.61, 14.91, 17.06, 18.8, 19.31, 18.52, 16.64, 14.17, 11.56, 9.22, 7.406, 6.133, 5.25, 4.543, 3.777, 2.754, 1.384, -0.3196, -2.156, -3.785, -4.793, -4.844, -3.836, -1.999, 0.2078, 2.195, 3.414, 3.51, 2.398, 0.2268, -2.904, -6.996, -11.625, -15.45, -16.9, -14.71, -7.926, 3.447, 17.06, 28.61, 34.34, 33.3, 27.55, 20.05, 12.89, 5.84, -1.211, -6.71, -9.125, -8.914
-7.805, -7.535, -6.36, -2.752, 3.402, 10.2, 15.19, 16.81, 14.836, 9.734, 2.34, -5.785, -12.164, -14.27, -11.49, -6.07, -1.487, -0.12054, -2.143, -5.92, -8.78, -8.45, -4.316, 2.549, 10.28, 16.67, 19.56, 17.81, 11.46, 1.562, -10.22, -20.86, -26.78, -26.3, -21.48, -16.81, -15.24, -15.805, -14.66, -8.79, 1.7, 14.11, 25.23, 32.53, 34.84, 32.62, 27.38, 21.11, 15.695, 12.375, 11.43, 12.46, 14.49, 16.53, 17.8, 18.0, 17.11, 15.39, 13.125, 10.78, 8.67, 6.996, 5.74, 4.766, 3.904, 2.965, 1.827, 0.4746, -0.985, -2.328, -3.264, -3.508, -2.957, -1.739, -0.2296, 1.072, 1.797, 1.855, 1.403, 0.4717, -1.389, -4.902, -9.92, -14.68, -16.67, -14.09, -6.465, 5.43, 18.95, 29.9, 34.88, 33.1, 26.83, 19.48, 13.22, 7.492, 1.4, -4.125, -7.312, -8.02
-7.477, -7.14, -5.465, -0.9663, 6.207, 13.76, 18.95, 20.4, 18.05, 12.48, 4.477, -4.82, -13.08, -17.1, -15.17, -8.85, -2.16, 1.432, 0.6787, -3.125, -6.77, -7.016, -2.65, 5.055, 13.56, 20.2, 22.86, 20.67, 14.234, 4.594, -6.945, -18.03, -24.97, -25.48, -21.11, -16.1, -13.805, -13.79, -12.63, -7.188, 2.695, 14.54, 25.1, 31.88, 33.8, 31.3, 25.88, 19.52, 14.11, 10.74, 9.58, 10.164, 11.77, 13.68, 15.31, 16.31, 16.48, 15.76, 14.28, 12.31, 10.23, 8.33, 6.703, 5.355, 4.18, 3.059, 1.852, 0.5537, -0.766, -1.924, -2.678, -2.842, -2.352, -1.382, -0.3018, 0.5044, 0.945, 1.292, 1.844, 2.324, 1.66, -1.383, -6.773, -12.53, -15.58, -13.37, -5.395, 6.824, 20.16, 30.53, 34.78, 32.38, 25.72, 18.36, 12.76, 8.35, 3.44, -1.86, -5.73, -7.29
-7.11, -6.387, -3.959, 1.324, 9.09, 16.88, 21.94, 22.86, 19.89, 14.09, 6.17, -3.303, -12.69, -18.61, -18.14, -11.94, -3.848, 1.742, 2.564, -0.6543, -4.492, -5.07, -0.6655, 7.426, 16.2, 22.7, 24.86, 22.2, 15.875, 7.21, -3.049, -13.48, -20.95, -22.73, -19.47, -14.88, -12.3, -11.836, -10.625, -5.758, 3.262, 14.32, 24.2, 30.53, 32.3, 29.72, 24.16, 17.69, 12.35, 9.06, 7.812, 8.05, 9.1, 10.6, 12.22, 13.64, 14.63, 14.945, 14.45, 13.29, 11.67, 9.875, 8.13, 6.53, 5.04, 3.598, 2.115, 0.5684, -0.9746, -2.32, -3.186, -3.332, -2.713, -1.556, -0.3137, 0.6284, 1.305, 2.123, 3.264, 4.12, 3.344, -0.063, -5.62, -11.414, -14.66, -12.67, -4.637, 7.63, 20.64, 30.47, 34.12, 31.28, 24.16, 16.64, 11.516, 8.32, 4.758, 0.01933, -4.297, -6.645
-6.73, -5.48, -2.188, 3.69, 11.555, 19.02, 23.39, 23.5, 19.89, 14.07, 6.977, -1.499, -10.836, -18.05, -19.47, -14.47, -6.33, 0.3223, 2.44, 0.2462, -3.0, -3.322, 1.159, 9.234, 17.81, 23.73, 25.2, 22.08, 15.99, 8.65, 0.511, -8.234, -15.46, -18.45, -16.95, -13.54, -11.2, -10.39, -9.03, -4.645, 3.412, 13.4, 22.52, 28.42, 30.0, 27.33, 21.7, 15.27, 10.086, 7.074, 5.938, 5.957, 6.6, 7.58, 8.85, 10.3, 11.695, 12.75, 13.22, 13.016, 12.19, 10.94, 9.484, 7.938, 6.375, 4.76, 3.05, 1.186, -0.7896, -2.66, -4.09, -4.68, -4.203, -2.838, -1.08, 0.526, 1.82, 2.908, 3.635, 3.139, 0.428, -4.406, -9.91, -14.22, -15.7, -12.68, -4.28, 7.95, 20.53, 29.72, 32.8, 29.38, 21.86, 14.22, 9.49, 7.367, 5.2, 1.406, -3.0, -6.01
-6.203, -4.57, -0.5674, 5.56, 12.91, 19.36, 22.61, 21.73, 17.61, 12.164, 6.508, 0.05783, -7.797, -15.1, -18.17, -15.37, -8.77, -2.547, 0.1385, -0.873, -2.83, -2.28, 2.383, 10.03, 17.8, 22.78, 23.33, 19.73, 14.01, 8.266, 2.654, -3.55, -9.64, -13.32, -13.68, -12.05, -10.516, -9.64, -8.09, -4.008, 3.1, 11.875, 19.92, 25.22, 26.39, 23.48, 17.83, 11.74, 7.098, 4.63, 3.83, 3.86, 4.195, 4.74, 5.566, 6.695, 8.055, 9.39, 10.43, 11.0, 11.01, 10.52, 9.67, 8.57, 7.29, 5.848, 4.21, 2.297, 0.10724, -2.232, -4.35, -5.74, -5.93, -4.85, -2.914, -0.794, 0.926, 1.839, 1.324, -1.51, -6.92, -13.61, -18.86, -20.75, -19.0, -13.62, -4.293, 7.773, 19.61, 27.81, 29.97, 25.92, 18.16, 10.84, 6.742, 5.535, 4.67, 2.1, -1.835, -5.17
-5.08, -3.455, 0.5977, 6.23, 12.266, 16.94, 18.61, 16.83, 12.77, 8.34, 4.574, 0.7163, -4.53, -10.42, -14.125, -13.56, -9.58, -5.113, -2.725, -2.727, -3.205, -1.71, 2.816, 9.34, 15.46, 18.84, 18.33, 14.63, 9.82, 5.8, 2.688, -0.7466, -4.81, -8.18, -9.72, -9.73, -9.29, -8.7, -7.156, -3.535, 2.395, 9.555, 16.06, 19.95, 20.3, 17.23, 12.086, 7.023, 3.525, 1.897, 1.526, 1.63, 1.8125, 2.057, 2.48, 3.195, 4.19, 5.32, 6.418, 7.277, 7.785, 7.906, 7.69, 7.164, 6.414, 5.457, 4.266, 2.76, 0.8794, -1.332, -3.61, -5.492, -6.426, -6.098, -4.656, -2.76, -1.198, -0.7856, -2.367, -6.684, -13.57, -21.02, -25.8, -25.89, -21.53, -14.09, -4.137, 7.133, 17.3, 23.61, 24.27, 19.67, 12.586, 6.547, 3.531, 3.111, 3.178, 1.86, -0.9854, -3.943
-3.508, -2.322, 0.6406, 4.484, 8.17, 10.54, 10.74, 8.89, 5.984, 3.307, 1.508, -0.0455, -2.482, -5.797, -8.49, -9.086, -7.562, -5.305, -3.832, -3.424, -3.066, -1.459, 1.843, 6.05, 9.58, 11.02, 9.94, 7.094, 4.01, 1.915, 0.7427, -0.4958, -2.375, -4.395, -5.797, -6.473, -6.7, -6.504, -5.434, -2.926, 1.021, 5.63, 9.52, 11.51, 11.02, 8.43, 4.926, 1.84, -0.0609, -0.7827, -0.825, -0.6914, -0.5913, -0.5024, -0.3315, -0.0003052, 0.5195, 1.184, 1.903, 2.57, 3.076, 3.387, 3.48, 3.377, 3.113, 2.7, 2.104, 1.286, 0.187, -1.202, -2.766, -4.25, -5.246, -5.434, -4.8, -3.713, -2.793, -2.762, -4.32, -7.95, -13.45, -19.31, -22.88, -22.4, -18.2, -11.48, -3.271, 5.08, 11.79, 15.125, 14.375, 10.445, 5.645, 2.006, 0.4634, 0.522, 0.916, 0.53, -0.918, -2.72
-2.514, -2.092, -1.076, 0.165, 1.188, 1.67, 1.466, 0.6807, -0.3083, -1.088, -1.499, -1.772, -2.338, -3.277, -4.184, -4.55, -4.266, -3.676, -3.234, -3.025, -2.77, -2.125, -0.9976, 0.2778, 1.193, 1.401, 0.8115, -0.2002, -1.165, -1.715, -1.901, -2.096, -2.527, -3.098, -3.6, -3.943, -4.125, -4.117, -3.752, -2.9, -1.611, -0.1833, 0.9194, 1.3, 0.879, -0.1378, -1.316, -2.219, -2.707, -2.846, -2.8, -2.723, -2.67, -2.63, -2.572, -2.479, -2.318, -2.107, -1.855, -1.604, -1.395, -1.261, -1.183, -1.175, -1.207, -1.297, -1.439, -1.67, -2.006, -2.434, -2.922, -3.424, -3.807, -3.953, -3.816, -3.518, -3.266, -3.33, -3.941, -5.258, -7.266, -9.39, -10.68, -10.305, -8.44, -5.523, -2.281, 0.6943, 2.777, 3.467, 2.816, 1.297, -0.2822, -1.338, -1.701, -1.585, -1.372, -1.384, -1.744, -2.273
