-7.24, -7.7, -7.98, -8.266, -8.586, -8.87, -9.12, -9.3, -9.336, -9.15, -8.68, -7.996, -7.395, -7.043, -7.016, -7.23, -7.58, -7.94, -8.234, -8.39, -8.414, -8.305, -8.13, -7.992, -7.89, -7.94, -8.195, -8.58, -8.8, -8.6, -7.973, -7.22, -6.69, -6.477, -6.46, -6.543, -6.684, -6.875, -7.113, -7.38, -7.676, -7.984, -8.31, -8.664, -9.08, -9.5, -9.85, -9.95, -9.7, -9.125, -8.45, -8.05, -8.17, -8.88, -9.98, -11.164, -12.17, -12.766, -12.84, -12.31, -11.31, -10.086, -8.97, -8.164, -7.73, -7.492, -7.332, -7.31, -7.42, -7.668, -7.984, -8.27, -8.51, -8.67, -8.79, -8.9, -9.03, -9.2, -9.35, -9.48, -9.53, -9.55, -9.55, -9.484, -9.37, -9.23, -9.11, -9.04, -8.95, -8.88, -8.766, -8.555, -8.25, -7.92, -7.59, -7.2, -6.715, -6.285, -6.2, -6.61
-2.643, -3.979, -5.02, -6.168, -7.332, -8.31, -9.086, -9.62, -9.85, -9.43, -8.016, -5.82, -3.643, -2.283, -2.002, -2.586, -3.678, -4.92, -6.01, -6.67, -6.805, -6.504, -5.97, -5.414, -5.094, -5.31, -6.227, -7.562, -8.4, -7.848, -5.844, -3.3, -1.372, -0.4893, -0.278, -0.4497, -0.9326, -1.696, -2.646, -3.719, -4.86, -6.043, -7.273, -8.58, -9.945, -11.21, -12.1, -12.22, -11.28, -9.305, -7.137, -5.902, -6.39, -8.53, -11.625, -14.82, -17.45, -19.14, -19.52, -18.4, -15.69, -11.945, -8.1, -5.133, -3.273, -2.22, -1.662, -1.614, -2.084, -2.992, -4.043, -5.027, -5.77, -6.297, -6.645, -6.95, -7.27, -7.664, -8.055, -8.36, -8.49, -8.42, -8.18, -7.785, -7.297, -6.812, -6.438, -6.266, -6.195, -6.113, -5.805, -5.133, -4.266, -3.42, -2.674, -1.795, -0.661, 0.309, 0.3313, -0.918
2.775, 0.5254, -1.64, -3.994, -6.16, -7.78, -8.87, -9.695, -10.27, -9.93, -7.848, -4.074, 0.1189, 3.121, 4.12, 3.393, 1.496, -0.949, -3.25, -4.84, -5.402, -5.016, -4.004, -2.861, -2.125, -2.4, -3.98, -6.355, -8.06, -7.438, -4.06, 0.653, 4.613, 6.773, 7.504, 7.35, 6.41, 4.785, 2.65, 0.2598, -2.219, -4.7, -7.12, -9.47, -11.64, -13.47, -14.49, -14.16, -12.055, -8.38, -4.645, -2.75, -3.75, -7.203, -11.87, -16.5, -20.31, -23.02, -24.2, -23.44, -20.19, -14.63, -8.03, -2.137, 1.941, 4.38, 5.547, 5.64, 4.64, 2.94, 0.906, -0.9785, -2.488, -3.504, -4.168, -4.645, -5.12, -5.688, -6.246, -6.66, -6.77, -6.527, -5.98, -5.25, -4.5, -3.889, -3.572, -3.586, -3.783, -3.83, -3.361, -2.191, -0.5967, 0.8745, 2.025, 3.223, 4.812, 6.285, 6.57, 5.125
7.64, 4.707, 1.425, -2.023, -4.91, -6.766, -7.83, -8.734, -9.69, -9.83, -7.758, -3.021, 3.012, 7.957, 10.23, 9.83, 7.395, 3.803, 0.1015, -2.723, -4.05, -3.809, -2.408, -0.5713, 0.789, 0.751, -1.148, -4.324, -6.92, -6.65, -2.54, 3.93, 9.94, 13.67, 15.22, 15.17, 13.695, 11.016, 7.492, 3.559, -0.4287, -4.22, -7.707, -10.81, -13.43, -15.23, -15.77, -14.46, -10.93, -5.824, -1.205, 0.6245, -1.237, -5.777, -11.29, -16.45, -20.69, -23.69, -25.4, -25.36, -22.67, -16.81, -8.586, -0.1772, 6.457, 10.66, 12.8, 13.055, 11.766, 9.266, 6.332, 3.404, 1.014, -0.696, -1.752, -2.4, -2.908, -3.469, -4.04, -4.41, -4.41, -3.988, -3.258, -2.426, -1.729, -1.363, -1.429, -1.866, -2.412, -2.611, -1.975, -0.303, 2.014, 4.17, 5.73, 7.06, 8.68, 10.375, 11.12, 10.05
11.28, 8.11, 4.094, -0.0955, -3.383, -5.22, -6.066, -6.895, -8.164, -8.94, -7.4, -2.469, 4.816, 11.67, 15.664, 16.22, 13.84, 9.516, 4.58, 0.3997, -1.993, -2.238, -0.699, 1.689, 3.676, 4.062, 2.262, -1.224, -4.477, -4.84, -0.8433, 6.43, 13.914, 19.14, 21.61, 21.67, 19.67, 15.93, 11.06, 5.742, 0.48, -4.344, -8.57, -12.11, -14.81, -16.33, -16.12, -13.69, -8.93, -3.035, 1.654, 2.844, 0.1458, -4.96, -10.734, -15.97, -20.19, -23.05, -24.7, -24.97, -23.06, -17.9, -9.45, 0.4614, 9.34, 15.67, 19.11, 20.12, 18.8, 15.98, 12.195, 8.34, 4.91, 2.367, 0.734, -0.1405, -0.6426, -1.049, -1.431, -1.636, -1.515, -1.052, -0.398, 0.2089, 0.5254, 0.4104, -0.151, -1.0205, -1.871, -2.2, -1.489, 0.4758, 3.283, 5.992, 7.938, 9.33, 10.78, 12.44, 13.56, 13.2
13.32, 10.55, 6.316, 1.754, -1.783, -3.602, -4.242, -4.895, -6.26, -7.547, -6.754, -2.234, 5.535, 13.87, 19.75, 21.83, 20.14, 15.695, 9.94, 4.598, 1.049, -0.001389, 1.235, 3.75, 6.11, 6.94, 5.586, 2.426, -0.913, -1.935, 1.243, 8.195, 16.22, 22.38, 25.52, 25.62, 23.05, 18.48, 12.65, 6.38, 0.3508, -5.035, -9.625, -13.34, -16.02, -17.27, -16.53, -13.32, -7.95, -1.866, 2.465, 3.168, 0.2937, -4.656, -10.16, -15.36, -19.58, -22.38, -23.73, -23.92, -22.44, -18.22, -10.56, -0.3323, 10.11, 18.47, 23.81, 25.9, 25.33, 22.48, 18.36, 13.69, 9.38, 5.88, 3.547, 2.277, 1.743, 1.527, 1.416, 1.426, 1.604, 1.935, 2.262, 2.395, 2.166, 1.514, 0.4956, -0.718, -1.815, -2.312, -1.725, 0.1744, 3.016, 5.93, 8.14, 9.61, 10.94, 12.414, 13.83, 14.336
13.8, 11.86, 7.902, 3.266, -0.3936, -2.25, -2.742, -3.125, -4.33, -5.832, -5.758, -2.152, 5.26, 14.3, 21.8, 25.62, 25.17, 21.27, 15.336, 9.18, 4.58, 2.537, 3.057, 5.195, 7.504, 8.65, 7.977, 5.707, 2.957, 1.661, 3.74, 9.41, 16.75, 22.92, 26.25, 26.3, 23.42, 18.33, 12.07, 5.45, -0.81, -6.31, -10.945, -14.625, -17.27, -18.5, -17.62, -14.32, -8.95, -3.078, 1.05, 1.9, -0.333, -4.496, -9.59, -14.7, -19.0, -21.86, -23.11, -23.06, -21.69, -18.31, -11.83, -2.316, 8.58, 18.58, 25.73, 29.62, 30.03, 28.0, 23.86, 19.02, 14.04, 9.84, 6.73, 4.953, 4.227, 4.113, 4.25, 4.42, 4.594, 4.664, 4.543, 4.11, 3.307, 2.158, 0.7607, -0.728, -2.049, -2.775, -2.46, -0.9033, 1.629, 4.4, 6.66, 8.2, 9.39, 10.74, 12.32, 13.65
13.05, 12.07, 8.69, 4.28, 0.623, -1.276, -1.668, -1.725, -2.486, -3.855, -4.336, -1.883, 4.41, 13.17, 21.47, 26.78, 27.88, 25.02, 19.48, 13.17, 7.875, 4.855, 4.402, 5.754, 7.63, 8.83, 8.79, 7.668, 6.066, 5.156, 6.395, 10.4, 16.12, 21.36, 24.31, 24.16, 21.16, 16.11, 9.89, 3.406, -2.678, -8.016, -12.48, -16.06, -18.72, -20.0, -19.36, -16.38, -11.35, -5.773, -1.5205, 0.05975, -1.092, -4.383, -9.03, -14.12, -18.5, -21.48, -22.8, -22.66, -21.23, -18.36, -13.08, -4.96, 5.332, 15.81, 24.56, 30.05, 32.3, 31.23, 28.08, 23.39, 18.48, 13.836, 10.22, 7.87, 6.81, 6.613, 6.824, 7.094, 7.176, 6.973, 6.387, 5.42, 4.1, 2.531, 0.817, -0.927, -2.469, -3.412, -3.348, -2.123, 0.06107, 2.584, 4.76, 6.254, 7.29, 8.37, 9.945, 11.86
11.64, 11.48, 8.78, 4.785, 1.257, -0.6733, -1.046, -0.791, -0.9355, -1.795, -2.451, -1.118, 3.523, 11.03, 19.14, 25.19, 27.58, 26.1, 21.62, 15.81, 10.37, 6.664, 5.24, 5.613, 6.73, 7.645, 7.92, 7.73, 7.426, 7.508, 8.64, 11.38, 15.35, 19.12, 21.22, 20.77, 17.83, 13.06, 7.203, 1.027, -4.805, -9.88, -14.164, -17.64, -20.23, -21.61, -21.16, -18.45, -13.805, -8.305, -3.639, -1.177, -1.408, -4.152, -8.63, -13.63, -18.03, -21.12, -22.64, -22.67, -21.28, -18.64, -14.28, -7.664, 1.154, 11.14, 20.39, 27.53, 31.23, 32.03, 30.03, 26.62, 22.11, 17.67, 13.71, 10.96, 9.46, 9.0, 9.11, 9.305, 9.24, 8.77, 7.81, 6.42, 4.695, 2.771, 0.7695, -1.229, -2.982, -4.062, -4.086, -2.928, -0.842, 1.595, 3.7, 5.04, 5.742, 6.395, 7.69, 9.81
10.07, 10.42, 8.33, 4.83, 1.555, -0.4045, -0.869, -0.4282, 0.0452, -0.03317, -0.3813, 0.2435, 3.223, 8.84, 15.74, 21.67, 24.84, 24.67, 21.58, 16.73, 11.69, 7.812, 5.707, 5.164, 5.42, 5.715, 5.824, 6.035, 6.695, 7.926, 9.69, 12.086, 14.9, 17.4, 18.64, 17.88, 15.04, 10.47, 4.83, -1.154, -6.816, -11.76, -15.84, -19.25, -21.78, -22.95, -22.38, -19.62, -14.95, -9.3, -4.21, -1.225, -1.141, -3.842, -8.32, -13.22, -17.52, -20.72, -22.6, -22.89, -21.77, -19.22, -15.45, -10.04, -2.787, 5.87, 14.89, 22.48, 27.89, 30.2, 30.27, 28.08, 24.86, 20.83, 17.05, 13.984, 12.125, 11.25, 11.086, 11.086, 10.85, 10.125, 8.88, 7.164, 5.145, 2.963, 0.6904, -1.576, -3.51, -4.633, -4.54, -3.146, -0.8076, 1.795, 3.889, 4.996, 5.234, 5.312, 6.137, 8.06
8.6, 9.13, 7.523, 4.535, 1.5625, -0.4163, -1.074, -0.6436, 0.287, 1.057, 1.425, 1.972, 3.783, 7.52, 12.67, 17.67, 20.94, 21.66, 19.78, 16.12, 11.86, 8.24, 5.87, 4.684, 4.105, 3.643, 3.24, 3.29, 4.26, 6.277, 8.95, 11.805, 14.48, 16.5, 17.23, 16.25, 13.336, 8.76, 3.088, -2.951, -8.63, -13.54, -17.58, -20.88, -23.16, -23.94, -22.75, -19.4, -14.29, -8.35, -3.15, -0.3005, -0.5923, -3.648, -8.17, -12.875, -16.95, -20.23, -22.42, -23.3, -22.5, -20.23, -16.67, -12.0, -6.01, 1.302, 9.27, 16.97, 22.98, 27.1, 28.64, 28.4, 26.33, 23.39, 19.89, 16.86, 14.62, 13.35, 12.78, 12.49, 12.0, 11.09, 9.625, 7.727, 5.504, 3.111, 0.5776, -1.95, -4.055, -5.133, -4.766, -2.93, -0.1289, 2.771, 4.88, 5.71, 5.457, 4.953, 5.203, 6.727
7.246, 7.797, 6.543, 4.023, 1.347, -0.6367, -1.534, -1.288, -0.1707, 1.273, 2.53, 3.557, 4.926, 7.324, 10.766, 14.44, 17.19, 18.17, 17.16, 14.51, 11.15, 8.05, 5.74, 4.176, 2.945, 1.774, 0.741, 0.3103, 1.046, 3.225, 6.453, 10.03, 13.23, 15.46, 16.3, 15.3, 12.37, 7.707, 1.878, -4.316, -10.14, -15.19, -19.3, -22.48, -24.34, -24.39, -22.28, -17.98, -12.13, -6.016, -1.19, 0.8984, -0.1962, -3.66, -8.11, -12.46, -16.34, -19.64, -22.23, -23.64, -23.38, -21.42, -18.05, -13.64, -8.31, -2.094, 4.902, 11.945, 18.39, 23.3, 26.56, 27.66, 27.2, 25.05, 22.3, 19.31, 16.89, 15.23, 14.21, 13.53, 12.805, 11.69, 10.15, 8.15, 5.812, 3.232, 0.4387, -2.355, -4.6, -5.598, -4.902, -2.566, 0.7256, 3.916, 6.008, 6.555, 5.855, 4.848, 4.61, 5.67
5.98, 6.492, 5.51, 3.389, 0.988, -0.9917, -2.11, -2.137, -1.084, 0.697, 2.666, 4.418, 5.996, 7.8, 10.05, 12.44, 14.36, 15.11, 14.4, 12.46, 9.92, 7.434, 5.35, 3.596, 1.897, 0.1818, -1.352, -2.258, -1.997, -0.2063, 2.941, 6.83, 10.59, 13.44, 14.74, 14.16, 11.46, 6.855, 0.9766, -5.36, -11.41, -16.64, -20.86, -23.9, -25.31, -24.5, -21.27, -15.9, -9.42, -3.371, 0.6973, 1.722, -0.1732, -3.826, -7.95, -11.86, -15.484, -18.92, -21.9, -23.88, -24.23, -22.73, -19.6, -15.25, -10.12, -4.332, 1.8955, 8.414, 14.625, 20.17, 24.19, 26.75, 27.28, 26.36, 24.11, 21.44, 18.9, 16.89, 15.42, 14.31, 13.29, 12.055, 10.44, 8.46, 6.09, 3.352, 0.294, -2.771, -5.15, -6.05, -5.027, -2.234, 1.475, 4.883, 6.91, 7.17, 6.066, 4.68, 4.066, 4.727
4.85, 5.305, 4.52, 2.71, 0.523, -1.4375, -2.7, -2.96, -2.123, -0.343, 1.963, 4.29, 6.332, 8.13, 9.805, 11.305, 12.38, 12.64, 11.95, 10.48, 8.59, 6.664, 4.81, 2.934, 0.9194, -1.12, -2.893, -4.04, -4.188, -3.035, -0.5054, 3.041, 6.934, 10.266, 12.24, 12.3, 10.125, 5.91, 0.1854, -6.2, -12.44, -17.94, -22.27, -25.17, -26.03, -24.3, -19.95, -13.67, -6.844, -1.164, 1.949, 1.989, -0.3967, -3.922, -7.58, -11.04, -14.51, -18.08, -21.45, -24.0, -25.02, -24.12, -21.36, -17.11, -11.875, -6.125, -0.0793, 6.03, 12.12, 17.67, 22.47, 25.67, 27.33, 27.12, 25.61, 23.19, 20.64, 18.31, 16.4, 14.875, 13.555, 12.18, 10.61, 8.69, 6.3, 3.43, 0.1107, -3.205, -5.69, -6.49, -5.14, -1.932, 2.125, 5.645, 7.547, 7.492, 6.08, 4.39, 3.508, 3.861
3.904, 4.293, 3.635, 2.021, -0.02956, -1.935, -3.22, -3.598, -2.969, -1.408, 0.8447, 3.39, 5.8, 7.83, 9.39, 10.42, 10.88, 10.72, 9.97, 8.77, 7.383, 5.87, 4.17, 2.197, 0.008865, -2.117, -3.838, -4.914, -5.246, -4.68, -3.018, -0.2832, 3.168, 6.566, 8.99, 9.74, 8.31, 4.688, -0.6655, -6.973, -13.38, -19.1, -23.58, -26.27, -26.5, -23.88, -18.56, -11.59, -4.68, 0.4084, 2.6, 1.941, -0.586, -3.78, -6.938, -10.055, -13.414, -17.14, -20.89, -23.94, -25.6, -25.44, -23.19, -19.23, -13.96, -7.977, -1.77, 4.41, 10.4, 16.1, 21.03, 24.97, 27.14, 27.78, 26.7, 24.69, 22.06, 19.48, 17.14, 15.19, 13.56, 12.13, 10.64, 8.8, 6.43, 3.395, -0.1565, -3.682, -6.223, -6.867, -5.168, -1.543, 2.816, 6.4, 8.09, 7.703, 5.934, 4.02, 2.959, 3.115
3.182, 3.506, 2.875, 1.339, -0.6265, -2.426, -3.594, -3.924, -3.424, -2.15, -0.2134, 2.191, 4.695, 6.938, 8.59, 9.51, 9.695, 9.29, 8.484, 7.465, 6.387, 5.105, 3.465, 1.412, -0.8276, -2.838, -4.254, -5.02, -5.305, -5.137, -4.3, -2.555, 0.0862, 3.123, 5.72, 6.97, 6.227, 3.29, -1.617, -7.777, -14.266, -20.19, -24.73, -27.1, -26.66, -23.1, -16.95, -9.59, -2.857, 1.564, 3.0, 1.936, -0.4973, -3.285, -6.035, -8.89, -12.234, -16.12, -20.16, -23.66, -25.95, -26.47, -24.95, -21.45, -16.39, -10.24, -3.695, 2.8, 9.055, 14.875, 20.14, 24.3, 27.1, 28.14, 27.72, 25.81, 23.27, 20.38, 17.66, 15.26, 13.375, 11.88, 10.48, 8.766, 6.418, 3.248, -0.529, -4.215, -6.742, -7.145, -5.03, -0.9395, 3.709, 7.3, 8.73, 7.906, 5.77, 3.627, 2.47, 2.516
2.678, 2.936, 2.26, 0.7114, -1.198, -2.83, -3.744, -3.89, -3.418, -2.45, -0.946, 1.087, 3.47, 5.8, 7.625, 8.64, 8.8, 8.3, 7.47, 6.574, 5.617, 4.4, 2.729, 0.6196, -1.557, -3.283, -4.246, -4.594, -4.71, -4.8, -4.625, -3.773, -2.018, 0.4355, 2.89, 4.39, 4.176, 1.822, -2.637, -8.6, -15.14, -21.17, -25.69, -27.67, -26.44, -21.97, -15.09, -7.492, -1.088, 2.656, 3.488, 2.191, -0.0769, -2.518, -4.95, -7.633, -10.94, -14.93, -19.22, -23.16, -26.05, -27.28, -26.52, -23.67, -19.0, -12.92, -6.12, 0.792, 7.445, 13.66, 19.14, 23.72, 26.86, 28.44, 28.23, 26.72, 24.08, 20.97, 17.84, 15.09, 12.984, 11.48, 10.17, 8.6, 6.277, 2.982, -0.9956, -4.78, -7.203, -7.266, -4.652, -0.0584, 4.895, 8.43, 9.48, 8.15, 5.61, 3.256, 2.041, 2.074
2.375, 2.572, 1.801, 0.1854, -1.665, -3.06, -3.639, -3.518, -3.033, -2.35, -1.33, 0.2343, 2.342, 4.65, 6.637, 7.848, 8.13, 7.7, 6.902, 6.01, 5.04, 3.76, 1.982, -0.1503, -2.148, -3.47, -3.926, -3.863, -3.854, -4.15, -4.5, -4.375, -3.379, -1.529, 0.635, 2.207, 2.338, 0.4417, -3.62, -9.36, -15.86, -21.95, -26.39, -27.92, -25.89, -20.44, -12.96, -5.227, 0.748, 3.842, 4.168, 2.705, 0.572, -1.594, -3.768, -6.277, -9.51, -13.555, -18.05, -22.36, -25.81, -27.75, -27.78, -25.75, -21.66, -15.91, -9.09, -1.838, 5.31, 11.93, 17.9, 22.8, 26.45, 28.38, 28.62, 27.22, 24.69, 21.33, 17.88, 14.8, 12.49, 10.95, 9.78, 8.33, 6.03, 2.625, -1.511, -5.344, -7.594, -7.246, -4.07, 1.043, 6.26, 9.7, 10.33, 8.45, 5.477, 2.914, 1.683, 1.765
2.197, 2.365, 1.488, -0.1974, -1.953, -3.05, -3.236, -2.834, -2.363, -1.998, -1.491, -0.434, 1.343, 3.582, 5.72, 7.188, 7.71, 7.41, 6.63, 5.68, 4.566, 3.113, 1.222, -0.8643, -2.592, -3.441, -3.398, -3.002, -2.947, -3.512, -4.355, -4.844, -4.457, -3.107, -1.24, 0.32, 0.6675, -0.882, -4.594, -10.09, -16.52, -22.61, -26.84, -27.86, -25.0, -18.67, -10.65, -2.908, 2.61, 5.074, 4.94, 3.334, 1.318, -0.615, -2.555, -4.895, -7.99, -12.016, -16.62, -21.31, -25.28, -27.94, -28.77, -27.56, -24.25, -19.05, -12.47, -5.082, 2.383, 9.57, 16.0, 21.47, 25.53, 27.95, 28.53, 27.42, 24.89, 21.5, 17.73, 14.4, 11.945, 10.414, 9.34, 7.96, 5.652, 2.158, -2.068, -5.88, -7.914, -7.12, -3.357, 2.281, 7.746, 11.05, 11.234, 8.81, 5.39, 2.61, 1.355, 1.521
2.059, 2.242, 1.29, -0.426, -2.03, -2.77, -2.545, -1.896, -1.488, -1.498, -1.535, -1.001, 0.4292, 2.574, 4.848, 6.598, 7.406, 7.28, 6.53, 5.457, 4.125, 2.441, 0.443, -1.532, -2.895, -3.223, -2.686, -2.037, -2.04, -2.95, -4.316, -5.367, -5.52, -4.6, -3.008, -1.51, -1.019, -2.297, -5.684, -10.89, -17.17, -23.16, -27.14, -27.56, -23.88, -16.81, -8.34, -0.712, 4.316, 6.188, 5.66, 3.951, 2.059, 0.3672, -1.315, -3.42, -6.36, -10.29, -15.01, -19.9, -24.36, -27.7, -29.38, -29.05, -26.58, -22.08, -15.984, -8.77, -1.11, 6.414, 13.42, 19.39, 24.03, 26.94, 27.98, 27.22, 24.83, 21.38, 17.48, 13.97, 11.4, 9.85, 8.836, 7.477, 5.117, 1.524, -2.73, -6.45, -8.195, -6.93, -2.559, 3.559, 9.22, 12.39, 12.14, 9.2, 5.367, 2.32, 1.014, 1.272
1.894, 2.158, 1.185, -0.4978, -1.879, -2.225, -1.586, -0.728, -0.4375, -0.8613, -1.456, -1.461, -0.4026, 1.612, 4.0, 6.016, 7.12, 7.195, 6.477, 5.246, 3.658, 1.733, -0.343, -2.133, -3.064, -2.824, -1.807, -0.9385, -1.049, -2.326, -4.22, -5.86, -6.562, -6.117, -4.83, -3.451, -2.875, -3.9, -6.965, -11.86, -17.89, -23.66, -27.27, -27.06, -22.61, -14.92, -6.203, 1.227, 5.742, 7.086, 6.23, 4.49, 2.785, 1.353, -0.05713, -1.924, -4.668, -8.47, -13.164, -18.28, -23.17, -27.1, -29.53, -30.08, -28.52, -24.89, -19.39, -12.61, -5.035, 2.74, 10.15, 16.7, 21.84, 25.33, 26.92, 26.56, 24.47, 21.05, 17.08, 13.49, 10.86, 9.305, 8.27, 6.875, 4.402, 0.708, -3.559, -7.117, -8.52, -6.734, -1.809, 4.766, 10.65, 13.664, 13.016, 9.61, 5.336, 1.988, 0.5854, 0.9434
1.639, 2.057, 1.153, -0.42, -1.5205, -1.439, -0.3975, 0.637, 0.782, -0.05157, -1.193, -1.733, -1.084, 0.7314, 3.156, 5.387, 6.77, 7.06, 6.383, 5.01, 3.16, 1.006, -1.111, -2.666, -3.104, -2.291, -0.815, 0.2595, 0.05435, -1.55, -3.912, -6.12, -7.445, -7.535, -6.664, -5.496, -4.926, -5.746, -8.48, -13.01, -18.73, -24.19, -27.33, -26.53, -21.36, -13.17, -4.31, 2.822, 6.816, 7.707, 6.664, 4.99, 3.508, 2.37, 1.223, -0.397, -2.918, -6.55, -11.2, -16.4, -21.55, -26.05, -29.22, -30.66, -30.05, -27.31, -22.6, -16.39, -9.086, -1.298, 6.414, 13.375, 19.11, 23.14, 25.28, 25.47, 23.72, 20.52, 16.61, 12.97, 10.31, 8.75, 7.633, 6.098, 3.465, -0.3228, -4.562, -7.914, -8.914, -6.586, -1.105, 5.902, 11.914, 14.766, 13.75, 9.914, 5.203, 1.546, 0.01692, 0.476
1.257, 1.918, 1.163, -0.2313, -1.018, -0.509, 0.92, 2.133, 2.16, 0.9766, -0.6597, -1.731, -1.54, -0.02144, 2.322, 4.684, 6.305, 6.793, 6.19, 4.71, 2.627, 0.2808, -1.84, -3.107, -3.047, -1.684, 0.2124, 1.47, 1.213, -0.6157, -3.348, -6.062, -7.97, -8.695, -8.37, -7.53, -7.066, -7.75, -10.164, -14.34, -19.7, -24.73, -27.34, -25.89, -20.02, -11.445, -2.555, 4.2, 7.66, 8.17, 7.01, 5.492, 4.29, 3.432, 2.535, 1.125, -1.186, -4.61, -9.1, -14.32, -19.66, -24.6, -28.42, -30.66, -31.02, -29.23, -25.4, -19.81, -12.98, -5.31, 2.477, 9.78, 15.945, 20.6, 23.3, 24.05, 22.73, 19.81, 16.06, 12.51, 9.82, 8.17, 6.88, 5.113, 2.285, -1.584, -5.73, -8.805, -9.37, -6.48, -0.4656, 6.875, 12.97, 15.62, 14.26, 10.016, 4.887, 0.8984, -0.7554, -0.1736
0.716, 1.706, 1.194, 0.02632, -0.4456, 0.4595, 2.25, 3.66, 3.656, 2.22, 0.179, -1.398, -1.726, -0.6226, 1.502, 3.865, 5.65, 6.35, 5.844, 4.3, 2.057, -0.4238, -2.488, -3.467, -2.94, -1.093, 1.154, 2.574, 2.324, 0.381, -2.582, -5.664, -8.09, -9.49, -9.8, -9.45, -9.18, -9.836, -11.98, -15.8, -20.77, -25.27, -27.22, -24.95, -18.47, -9.555, -0.839, 5.46, 8.375, 8.54, 7.367, 6.06, 5.16, 4.58, 3.885, 2.635, 0.505, -2.703, -6.984, -12.04, -17.48, -22.67, -27.11, -30.11, -31.34, -30.5, -27.6, -22.78, -16.45, -9.12, -1.403, 6.05, 12.58, 17.69, 21.06, 22.36, 21.56, 19.03, 15.54, 12.08, 9.4, 7.555, 5.992, 3.912, 0.858, -3.06, -7.043, -9.78, -9.875, -6.44, 0.01541, 7.594, 13.625, 16.06, 14.38, 9.76, 4.25, -0.0345, -1.784, -1.046
-0.0003428, 1.391, 1.198, 0.3032, 0.1285, 1.369, 3.465, 5.08, 5.14, 3.596, 1.277, -0.7437, -1.616, -1.038, 0.716, 2.936, 4.785, 5.66, 5.28, 3.746, 1.412, -1.116, -3.074, -3.756, -2.814, -0.587, 1.918, 3.463, 3.244, 1.295, -1.735, -5.027, -7.914, -9.945, -10.93, -11.17, -11.24, -11.94, -13.92, -17.38, -21.88, -25.78, -26.9, -23.77, -16.61, -7.477, 0.996, 6.71, 9.08, 8.98, 7.86, 6.797, 6.18, 5.797, 5.215, 4.047, 2.053, -0.9385, -4.938, -9.77, -15.14, -20.55, -25.36, -29.05, -31.06, -31.12, -29.12, -25.17, -19.55, -12.664, -5.164, 2.338, 9.15, 14.695, 18.61, 20.5, 20.27, 18.19, 15.016, 11.71, 8.984, 6.91, 4.94, 2.475, -0.8296, -4.75, -8.49, -10.84, -10.445, -6.53, 0.2812, 7.984, 13.92, 16.03, 14.016, 9.05, 3.219, -1.293, -3.078, -2.139
-0.885, 0.939, 1.115, 0.5254, 0.6313, 2.137, 4.465, 6.277, 6.47, 4.957, 2.508, 0.1636, -1.223, -1.229, 0.02515, 1.949, 3.75, 4.727, 4.477, 3.002, 0.6743, -1.808, -3.605, -3.996, -2.7, -0.1858, 2.465, 4.062, 3.883, 2.018, -0.9497, -4.305, -7.51, -10.11, -11.8, -12.664, -13.17, -14.04, -15.93, -19.12, -23.06, -26.2, -26.38, -22.23, -14.34, -5.03, 3.035, 8.08, 9.88, 9.6, 8.6, 7.797, 7.375, 7.07, 6.48, 5.305, 3.379, 0.6055, -3.074, -7.59, -12.766, -18.19, -23.36, -27.48, -30.2, -31.14, -30.03, -26.94, -22.08, -15.81, -8.62, -1.172, 5.773, 11.68, 16.05, 18.55, 18.86, 17.28, 14.47, 11.336, 8.555, 6.16, 3.74, 0.84, -2.719, -6.637, -10.125, -12.03, -11.09, -6.707, 0.4026, 8.11, 13.77, 15.53, 13.09, 7.785, 1.703, -2.908, -4.633, -3.426
-1.895, 0.356, 0.9053, 0.6294, 0.996, 2.701, 5.19, 7.15, 7.523, 6.18, 3.773, 1.239, -0.578, -1.172, -0.5063, 0.9883, 2.594, 3.57, 3.432, 2.062, -0.1661, -2.523, -4.105, -4.19, -2.605, 0.09216, 2.793, 4.375, 4.242, 2.516, -0.291, -3.604, -7.008, -10.07, -12.414, -13.92, -14.945, -16.08, -17.98, -20.86, -24.27, -26.44, -25.4, -20.08, -11.47, -2.14, 5.387, 9.7, 11.01, 10.62, 9.78, 9.13, 8.76, 8.336, 7.613, 6.348, 4.465, 1.899, -1.415, -5.535, -10.38, -15.72, -20.98, -25.52, -28.84, -30.5, -30.19, -28.0, -23.94, -18.34, -11.63, -4.426, 2.566, 8.68, 13.49, 16.5, 17.42, 16.36, 13.93, 10.96, 8.09, 5.36, 2.49, -0.854, -4.67, -8.586, -11.82, -13.234, -11.766, -6.883, 0.4468, 8.055, 13.33, 14.555, 11.64, 5.96, -0.282, -4.855, -6.37, -4.844
-2.951, -0.333, 0.55, 0.573, 1.178, 3.035, 5.613, 7.684, 8.26, 7.164, 4.934, 2.383, 0.255, -0.8813, -0.8447, 0.11505, 1.392, 2.27, 2.186, 0.9526, -1.111, -3.258, -4.57, -4.367, -2.547, 0.2329, 2.898, 4.414, 4.33, 2.771, 0.1914, -2.992, -6.484, -9.91, -12.81, -14.945, -16.52, -17.97, -19.92, -22.58, -25.28, -26.4, -23.88, -17.28, -8.016, 1.261, 8.16, 11.74, 12.65, 12.2, 11.44, 10.8, 10.22, 9.53, 8.555, 7.14, 5.285, 2.934, -0.00896, -3.67, -8.09, -13.16, -18.4, -23.23, -27.02, -29.27, -29.73, -28.31, -25.16, -20.3, -14.18, -7.32, -0.428, 5.86, 10.984, 14.52, 16.0, 15.46, 13.414, 10.66, 7.71, 4.68, 1.351, -2.406, -6.45, -10.38, -13.36, -14.34, -12.28, -6.938, 0.584, 7.957, 12.695, 13.21, 9.695, 3.637, -2.674, -7.047, -8.21, -6.277
-4.02, -1.121, 0.0446, 0.3445, 1.165, 3.139, 5.75, 7.89, 8.66, 7.855, 5.906, 3.469, 1.1875, -0.4023, -0.9893, -0.6357, 0.2107, 0.888, 0.807, -0.2805, -2.121, -3.979, -4.98, -4.504, -2.54, 0.2347, 2.787, 4.207, 4.16, 2.818, 0.507, -2.488, -5.99, -9.68, -13.03, -15.74, -17.81, -19.67, -21.72, -24.08, -26.02, -25.8, -21.73, -13.805, -3.951, 5.105, 11.305, 14.24, 14.875, 14.36, 13.51, 12.61, 11.625, 10.51, 9.21, 7.67, 5.875, 3.76, 1.195, -1.968, -5.89, -10.56, -15.63, -20.61, -24.72, -27.55, -28.64, -28.0, -25.6, -21.55, -16.08, -9.74, -3.098, 3.217, 8.625, 12.555, 14.57, 14.53, 12.96, 10.45, 7.477, 4.168, 0.435, -3.69, -7.945, -11.9, -14.664, -15.19, -12.55, -6.746, 0.902, 7.95, 11.97, 11.68, 7.42, 0.978, -5.297, -9.33, -10.01, -7.67
-5.04, -1.963, -0.581, -0.0322, 0.9814, 3.033, 5.64, 7.8, 8.71, 8.2, 6.586, 4.38, 2.078, 0.1615, -0.982, -1.244, -0.896, -0.4983, -0.627, -1.565, -3.12, -4.637, -5.293, -4.58, -2.543, 0.1315, 2.504, 3.818, 3.826, 2.709, 0.685, -2.105, -5.56, -9.41, -13.14, -16.36, -18.94, -21.17, -23.36, -25.38, -26.34, -24.66, -18.92, -9.734, 0.557, 9.266, 14.8, 17.28, 17.67, 16.97, 15.78, 14.336, 12.77, 11.17, 9.58, 7.953, 6.254, 4.38, 2.215, -0.471, -3.844, -8.03, -12.84, -17.77, -22.19, -25.4, -27.08, -27.08, -25.4, -22.06, -17.39, -11.67, -5.406, 0.8203, 6.367, 10.65, 13.1, 13.6, 12.484, 10.266, 7.332, 3.773, -0.3096, -4.75, -9.19, -13.13, -15.69, -15.74, -12.5, -6.223, 1.479, 8.1, 11.336, 10.1, 5.035, -1.772, -7.93, -11.47, -11.64, -8.91
-5.91, -2.78, -1.255, -0.4941, 0.6997, 2.818, 5.387, 7.51, 8.51, 8.24, 6.965, 5.047, 2.834, 0.7314, -0.8613, -1.695, -1.866, -1.796, -2.014, -2.81, -4.06, -5.184, -5.496, -4.56, -2.53, -0.02495, 2.123, 3.318, 3.404, 2.512, 0.754, -1.835, -5.223, -9.15, -13.12, -16.75, -19.88, -22.52, -24.77, -26.34, -26.17, -22.84, -15.445, -5.15, 5.395, 13.64, 18.62, 20.72, 20.86, 19.77, 17.97, 15.84, 13.61, 11.53, 9.69, 8.04, 6.465, 4.844, 3.025, 0.8125, -2.023, -5.656, -10.086, -14.89, -19.39, -22.97, -25.14, -25.69, -24.62, -22.06, -18.16, -13.086, -7.285, -1.313, 4.227, 8.7, 11.56, 12.55, 11.9, 9.97, 7.047, 3.287, -1.105, -5.793, -10.34, -14.18, -16.44, -15.914, -12.06, -5.312, 2.465, 8.62, 10.92, 8.625, 2.787, -4.336, -10.26, -13.3, -12.92, -9.88
-6.613, -3.555, -1.953, -0.988, 0.396, 2.572, 5.066, 7.11, 8.12, 8.055, 7.086, 5.477, 3.445, 1.269, -0.651, -1.976, -2.643, -2.92, -3.248, -3.916, -4.85, -5.598, -5.58, -4.49, -2.504, -0.2085, 1.708, 2.791, 2.96, 2.268, 0.739, -1.672, -4.953, -8.87, -13.016, -17.0, -20.56, -23.58, -25.86, -26.81, -25.44, -20.38, -11.375, -0.1718, 10.39, 18.17, 22.58, 24.31, 24.05, 22.47, 20.0, 17.1, 14.266, 11.75, 9.71, 8.055, 6.61, 5.215, 3.7, 1.887, -0.4407, -3.53, -7.46, -11.98, -16.52, -20.3, -22.88, -23.94, -23.42, -21.5, -18.23, -13.88, -8.68, -3.11, 2.254, 6.805, 9.94, 11.34, 11.06, 9.35, 6.402, 2.408, -2.24, -7.086, -11.6, -15.2, -16.95, -15.78, -11.164, -3.861, 3.98, 9.625, 10.93, 7.598, 1.023, -6.332, -12.02, -14.58, -13.79, -10.54
-7.15, -4.246, -2.615, -1.465, 0.1085, 2.334, 4.746, 6.664, 7.65, 7.72, 7.016, 5.707, 3.883, 1.732, -0.3914, -2.107, -3.21, -3.824, -4.27, -4.83, -5.457, -5.855, -5.56, -4.375, -2.486, -0.4172, 1.286, 2.3, 2.537, 1.995, 0.6265, -1.626, -4.766, -8.59, -12.805, -17.08, -21.05, -24.36, -26.53, -26.77, -24.0, -17.22, -6.793, 5.06, 15.46, 22.66, 26.56, 27.77, 27.06, 24.89, 21.81, 18.39, 15.09, 12.23, 9.96, 8.2, 6.82, 5.566, 4.3, 2.836, 0.9355, -1.633, -5.035, -9.15, -13.53, -17.52, -20.42, -21.89, -21.86, -20.4, -17.75, -14.016, -9.48, -4.438, 0.6206, 5.08, 8.33, 10.0, 9.95, 8.305, 5.2, 0.9653, -3.865, -8.734, -13.07, -16.25, -17.33, -15.29, -9.79, -1.835, 6.137, 11.24, 11.62, 7.312, 0.0784, -7.508, -13.12, -15.336, -14.25, -10.93
-7.586, -4.844, -3.201, -1.893, -0.1637, 2.098, 4.42, 6.207, 7.168, 7.32, 6.832, 5.773, 4.18, 2.111, -0.1219, -2.13, -3.617, -4.535, -5.098, -5.53, -5.895, -5.99, -5.49, -4.273, -2.512, -0.6445, 0.9023, 1.875, 2.152, 1.669, 0.3645, -1.793, -4.742, -8.37, -12.48, -16.94, -21.27, -24.84, -26.8, -26.2, -21.92, -13.53, -1.974, 10.234, 20.3, 26.86, 30.1, 30.75, 29.45, 26.88, 23.52, 19.88, 16.31, 13.19, 10.61, 8.65, 7.17, 5.977, 4.87, 3.658, 2.129, 0.03195, -2.83, -6.473, -10.59, -14.61, -17.78, -19.64, -19.98, -18.95, -16.73, -13.55, -9.58, -5.113, -0.526, 3.678, 6.867, 8.57, 8.53, 6.754, 3.443, -0.9595, -5.855, -10.64, -14.7, -17.33, -17.6, -14.5, -7.914, 0.793, 8.91, 13.53, 13.055, 7.96, 0.1289, -7.85, -13.586, -15.76, -14.54, -11.22
-7.97, -5.332, -3.697, -2.277, -0.4287, 1.851, 4.094, 5.777, 6.695, 6.895, 6.527, 5.645, 4.25, 2.348, 0.1121, -2.105, -3.924, -5.13, -5.785, -6.105, -6.207, -6.043, -5.39, -4.203, -2.566, -0.836, 0.6387, 1.583, 1.81, 1.206, -0.2183, -2.36, -5.074, -8.3, -12.16, -16.6, -21.19, -24.89, -26.56, -25.08, -19.4, -9.6, 2.887, 15.15, 24.66, 30.4, 32.84, 32.78, 30.97, 28.23, 24.92, 21.47, 17.97, 14.62, 11.72, 9.43, 7.727, 6.457, 5.4, 4.355, 3.123, 1.449, -0.8936, -4.02, -7.797, -11.72, -15.08, -17.3, -17.98, -17.3, -15.4, -12.58, -9.07, -5.13, -1.027, 2.771, 5.68, 7.164, 6.91, 4.914, 1.463, -2.963, -7.8, -12.45, -16.31, -18.4, -17.72, -13.36, -5.55, 4.0, 12.266, 16.39, 15.266, 9.484, 1.056, -7.49, -13.67, -16.06, -14.85, -11.5
-8.305, -5.707, -4.09, -2.615, -0.69, 1.623, 3.834, 5.453, 6.293, 6.434, 6.03, 5.203, 3.99, 2.336, 0.2407, -2.064, -4.168, -5.68, -6.46, -6.68, -6.535, -6.12, -5.34, -4.15, -2.576, -0.862, 0.635, 1.532, 1.51, 0.4812, -1.362, -3.648, -6.094, -8.734, -12.016, -16.2, -20.84, -24.6, -25.89, -23.44, -16.52, -5.508, 7.58, 19.66, 28.36, 33.12, 34.62, 33.75, 31.42, 28.62, 25.75, 22.83, 19.7, 16.39, 13.23, 10.51, 8.484, 6.98, 5.87, 4.92, 3.908, 2.586, 0.73, -1.874, -5.227, -8.95, -12.38, -14.875, -15.97, -15.58, -13.914, -11.305, -8.08, -4.527, -0.896, 2.428, 4.883, 5.96, 5.4, 3.256, -0.1654, -4.43, -9.11, -13.72, -17.48, -19.22, -17.56, -11.88, -2.71, 7.688, 16.08, 19.8, 18.0, 11.66, 2.594, -6.66, -13.53, -16.34, -15.25, -11.85
-8.54, -5.973, -4.402, -2.934, -0.9424, 1.473, 3.748, 5.34, 6.035, 5.902, 5.207, 4.258, 3.2, 1.909, 0.1885, -2.002, -4.31, -6.16, -7.164, -7.355, -6.99, -6.324, -5.387, -4.08, -2.395, -0.518, 1.096, 1.84, 1.269, -0.5957, -3.242, -5.906, -8.08, -9.914, -12.24, -15.79, -20.22, -23.94, -24.86, -21.48, -13.38, -1.461, 11.91, 23.52, 31.34, 35.0, 35.38, 33.44, 30.6, 27.86, 25.62, 23.58, 21.16, 18.2, 14.945, 11.91, 9.42, 7.625, 6.34, 5.4, 4.54, 3.502, 2.057, -0.0469, -2.88, -6.273, -9.66, -12.37, -13.85, -13.85, -12.46, -10.0, -6.9, -3.57, -0.293, 2.553, 4.527, 5.2, 4.426, 2.299, -0.9214, -4.92, -9.414, -14.06, -17.92, -19.42, -16.97, -9.98, 0.5293, 11.72, 20.14, 23.36, 20.97, 14.09, 4.504, -5.402, -13.01, -16.39, -15.53, -12.12
-8.664, -6.22, -4.73, -3.271, -1.147, 1.505, 3.967, 5.547, 5.92, 5.24, 3.922, 2.586, 1.61, 0.856, -0.1725, -1.921, -4.234, -6.414, -7.793, -8.12, -7.668, -6.75, -5.523, -3.908, -1.848, 0.4246, 2.215, 2.648, 1.183, -1.948, -5.81, -9.14, -11.15, -11.99, -13.0, -15.49, -19.4, -22.92, -23.44, -19.25, -10.19, 2.377, 15.72, 26.73, 33.53, 36.03, 35.1, 32.16, 28.62, 25.94, 24.39, 23.44, 22.08, 19.8, 16.73, 13.484, 10.62, 8.44, 6.89, 5.85, 5.05, 4.22, 3.117, 1.492, -0.814, -3.738, -6.926, -9.766, -11.63, -12.1, -11.07, -8.86, -5.855, -2.62, 0.449, 2.97, 4.605, 5.07, 4.242, 2.219, -0.8047, -4.605, -8.984, -13.586, -17.5, -18.89, -15.78, -7.6, 4.066, 15.87, 24.2, 26.8, 23.73, 16.4, 6.625, -3.643, -11.86, -15.875, -15.41, -12.16
-8.65, -6.465, -5.156, -3.656, -1.234, 1.852, 4.633, 6.176, 6.055, 4.484, 2.2, 0.1653, -0.9067, -1.04, -1.055, -1.907, -3.865, -6.26, -8.1, -8.836, -8.49, -7.387, -5.73, -3.521, -0.76, 2.143, 4.176, 4.16, 1.534, -3.215, -8.67, -13.02, -15.055, -14.914, -14.33, -15.39, -18.48, -21.62, -21.73, -16.88, -7.082, 5.836, 18.97, 29.23, 34.97, 36.22, 34.03, 30.06, 25.95, 23.19, 22.28, 22.39, 22.2, 20.89, 18.38, 15.21, 12.086, 9.51, 7.62, 6.336, 5.484, 4.777, 3.95, 2.75, 0.9824, -1.413, -4.25, -7.06, -9.22, -10.21, -9.77, -7.938, -5.152, -1.985, 1.009, 3.45, 4.996, 5.41, 4.58, 2.531, -0.5327, -4.348, -8.61, -12.94, -16.56, -17.62, -13.914, -4.805, 7.7, 19.86, 27.8, 29.69, 25.88, 18.31, 8.71, -1.416, -9.89, -14.49, -14.58, -11.79
-8.516, -6.805, -5.684, -3.992, -1.022, 2.742, 5.96, 7.445, 6.695, 4.05, 0.483, -2.639, -4.16, -3.836, -2.637, -2.127, -3.225, -5.523, -7.86, -9.266, -9.33, -8.13, -5.9, -2.77, 1.0205, 4.773, 7.1, 6.598, 2.715, -3.79, -11.09, -16.86, -19.28, -18.34, -16.19, -15.53, -17.5, -20.11, -19.89, -14.58, -4.324, 8.78, 21.58, 31.05, 35.72, 35.8, 32.56, 27.62, 23.0, 20.22, 19.67, 20.6, 21.52, 21.31, 19.62, 16.86, 13.76, 10.88, 8.59, 6.996, 5.92, 5.19, 4.535, 3.676, 2.4, 0.558, -1.792, -4.37, -6.668, -8.12, -8.305, -7.1, -4.75, -1.805, 1.162, 3.646, 5.24, 5.64, 4.676, 2.373, -0.9897, -5.0, -9.164, -13.04, -15.85, -16.14, -11.71, -1.908, 11.11, 23.28, 30.77, 31.77, 27.3, 19.64, 10.57, 1.096, -7.26, -12.31, -13.11, -11.04
-8.266, -7.15, -6.176, -4.086, -0.2573, 4.41, 8.164, 9.63, 8.305, 4.613, -0.373, -5.004, -7.574, -7.28, -4.977, -2.78, -2.447, -4.188, -6.875, -9.11, -9.91, -8.76, -5.836, -1.521, 3.568, 8.29, 10.92, 9.96, 4.957, -3.193, -12.38, -19.8, -23.08, -21.77, -18.19, -15.84, -16.53, -18.47, -17.95, -12.4, -1.912, 11.13, 23.5, 32.2, 35.97, 35.03, 30.86, 25.3, 20.3, 17.36, 16.94, 18.33, 20.03, 20.83, 20.11, 18.12, 15.375, 12.48, 9.9, 7.887, 6.49, 5.56, 4.9, 4.223, 3.312, 1.978, 0.1641, -1.989, -4.15, -5.83, -6.57, -6.07, -4.383, -1.889, 0.8584, 3.256, 4.773, 5.04, 3.861, 1.35, -2.195, -6.336, -10.52, -13.984, -15.83, -14.9, -9.516, 0.8706, 14.13, 26.1, 32.88, 32.94, 27.88, 20.27, 12.07, 3.63, -4.273, -9.625, -11.21, -10.01
-8.0, -7.402, -6.426, -3.674, 1.227, 6.918, 11.28, 12.84, 11.125, 6.6, 0.2651, -6.18, -10.46, -10.94, -7.99, -4.047, -1.773, -2.31, -4.984, -8.1, -9.836, -8.97, -5.38, 0.2438, 6.71, 12.35, 15.234, 13.9, 8.06, -1.267, -12.055, -21.2, -25.69, -24.48, -19.95, -16.12, -15.52, -16.78, -16.02, -10.375, 0.04102, 12.87, 24.73, 32.72, 35.7, 34.0, 29.23, 23.25, 18.05, 14.97, 14.39, 15.76, 17.81, 19.33, 19.64, 18.64, 16.66, 14.1, 11.45, 9.15, 7.34, 6.07, 5.184, 4.477, 3.723, 2.729, 1.389, -0.2712, -2.07, -3.67, -4.67, -4.742, -3.764, -1.937, 0.2656, 2.229, 3.398, 3.441, 2.324, 0.1793, -2.883, -6.836, -11.195, -14.81, -16.23, -14.16, -7.67, 3.328, 16.62, 28.11, 34.06, 33.38, 27.75, 20.31, 13.02, 5.848, -1.269, -6.797, -9.195, -8.93
-7.676, -7.37, -6.18, -2.617, 3.436, 10.125, 15.02, 16.66, 14.71, 9.555, 2.123, -6.055, -12.38, -14.336, -11.45, -6.016, -1.52, -0.2396, -2.303, -6.035, -8.82, -8.445, -4.35, 2.44, 10.11, 16.45, 19.38, 17.7, 11.44, 1.573, -10.11, -20.61, -26.39, -25.84, -20.95, -16.11, -14.39, -14.95, -14.086, -8.695, 1.391, 13.86, 25.2, 32.62, 35.03, 32.9, 27.73, 21.5, 16.17, 12.97, 12.125, 13.17, 15.12, 17.0, 18.11, 18.16, 17.19, 15.39, 13.1, 10.73, 8.62, 6.938, 5.676, 4.71, 3.855, 2.943, 1.846, 0.5444, -0.8696, -2.186, -3.127, -3.408, -2.895, -1.705, -0.2247, 1.035, 1.686, 1.677, 1.177, 0.2238, -1.609, -4.95, -9.69, -14.195, -16.11, -13.65, -6.293, 5.246, 18.42, 29.38, 34.62, 33.12, 27.05, 19.72, 13.34, 7.51, 1.384, -4.137, -7.305, -7.965
-7.297, -6.945, -5.285, -0.881, 6.156, 13.59, 18.8, 20.28, 17.94, 12.39, 4.36, -4.984, -13.17, -17.02, -14.96, -8.65, -2.05, 1.403, 0.562, -3.252, -6.84, -7.066, -2.732, 4.906, 13.35, 20.0, 22.73, 20.7, 14.34, 4.72, -6.87, -17.94, -24.83, -25.3, -20.77, -15.54, -13.07, -13.05, -12.16, -7.234, 2.28, 14.16, 24.95, 31.89, 33.94, 31.56, 26.28, 19.92, 14.52, 11.21, 10.09, 10.664, 12.21, 14.04, 15.57, 16.52, 16.62, 15.87, 14.34, 12.33, 10.22, 8.305, 6.664, 5.316, 4.14, 3.035, 1.878, 0.637, -0.628, -1.76, -2.52, -2.713, -2.275, -1.359, -0.3318, 0.41, 0.76, 1.002, 1.476, 1.93, 1.306, -1.559, -6.66, -12.195, -15.14, -13.016, -5.316, 6.56, 19.62, 30.0, 34.47, 32.44, 25.88, 18.56, 12.86, 8.414, 3.467, -1.821, -5.652, -7.152
-6.914, -6.18, -3.82, 1.323, 8.984, 16.72, 21.78, 22.78, 19.94, 14.11, 6.15, -3.385, -12.7, -18.44, -17.88, -11.59, -3.592, 1.859, 2.543, -0.736, -4.574, -5.145, -0.774, 7.242, 15.99, 22.55, 24.83, 22.33, 16.11, 7.387, -2.967, -13.46, -20.95, -22.72, -19.31, -14.5, -11.695, -11.2, -10.29, -5.91, 2.762, 13.75, 23.83, 30.39, 32.34, 29.92, 24.48, 18.08, 12.7, 9.39, 8.11, 8.305, 9.32, 10.77, 12.35, 13.77, 14.78, 15.1, 14.61, 13.37, 11.72, 9.91, 8.13, 6.5, 4.992, 3.564, 2.123, 0.6377, -0.8467, -2.146, -3.004, -3.182, -2.62, -1.533, -0.3655, 0.5005, 1.079, 1.791, 2.87, 3.73, 3.06, -0.1549, -5.492, -11.12, -14.29, -12.42, -4.66, 7.367, 20.27, 30.16, 34.0, 31.34, 24.34, 16.81, 11.64, 8.41, 4.816, 0.09265, -4.207, -6.5
-6.56, -5.316, -2.104, 3.63, 11.4, 18.83, 23.25, 23.48, 19.97, 14.164, 6.98, -1.568, -10.836, -17.88, -19.19, -14.09, -5.973, 0.5845, 2.56, 0.263, -3.021, -3.367, 1.056, 9.03, 17.6, 23.62, 25.25, 22.25, 16.22, 8.84, 0.57, -8.266, -15.54, -18.53, -16.83, -13.24, -10.71, -9.89, -8.805, -4.87, 2.81, 12.72, 21.97, 28.11, 29.92, 27.47, 22.0, 15.555, 10.33, 7.24, 6.05, 6.027, 6.617, 7.58, 8.84, 10.35, 11.83, 12.945, 13.43, 13.18, 12.3, 11.02, 9.52, 7.94, 6.34, 4.715, 3.027, 1.21, -0.6978, -2.512, -3.908, -4.52, -4.098, -2.816, -1.143, 0.3887, 1.6, 2.625, 3.326, 2.9, 0.3567, -4.316, -9.664, -13.91, -15.41, -12.516, -4.402, 7.62, 20.27, 29.6, 32.78, 29.52, 22.0, 14.375, 9.61, 7.44, 5.266, 1.457, -2.936, -5.895
-6.05, -4.434, -0.5234, 5.46, 12.73, 19.22, 22.53, 21.77, 17.72, 12.266, 6.53, 0.01865, -7.8, -15.0, -18.0, -15.05, -8.39, -2.191, 0.3872, -0.727, -2.746, -2.25, 2.336, 9.88, 17.62, 22.69, 23.34, 19.94, 14.23, 8.414, 2.709, -3.592, -9.68, -13.34, -13.57, -11.8, -10.13, -9.29, -7.96, -4.27, 2.484, 11.13, 19.31, 24.75, 26.22, 23.55, 18.03, 11.95, 7.25, 4.7, 3.83, 3.805, 4.125, 4.664, 5.508, 6.707, 8.164, 9.57, 10.64, 11.17, 11.14, 10.63, 9.74, 8.586, 7.273, 5.812, 4.168, 2.29, 0.1471, -2.121, -4.203, -5.586, -5.836, -4.84, -2.975, -0.9243, 0.74, 1.62, 1.119, -1.61, -6.855, -13.36, -18.55, -20.45, -18.88, -13.6, -4.51, 7.49, 19.48, 27.86, 30.14, 26.1, 18.34, 11.0, 6.816, 5.586, 4.723, 2.135, -1.796, -5.074
-4.992, -3.379, 0.5947, 6.1, 12.06, 16.8, 18.6, 16.9, 12.88, 8.43, 4.613, 0.6846, -4.586, -10.414, -14.01, -13.33, -9.24, -4.758, -2.422, -2.508, -3.05, -1.621, 2.814, 9.23, 15.32, 18.77, 18.39, 14.78, 9.97, 5.906, 2.727, -0.7803, -4.848, -8.164, -9.61, -9.516, -8.984, -8.445, -7.1, -3.783, 1.881, 8.92, 15.42, 19.55, 20.14, 17.23, 12.22, 7.156, 3.605, 1.915, 1.48, 1.557, 1.737, 1.991, 2.43, 3.19, 4.258, 5.45, 6.58, 7.406, 7.906, 8.02, 7.777, 7.215, 6.426, 5.438, 4.24, 2.738, 0.8945, -1.258, -3.492, -5.37, -6.336, -6.07, -4.7, -2.857, -1.335, -0.928, -2.492, -6.746, -13.47, -20.75, -25.48, -25.61, -21.48, -14.18, -4.395, 6.875, 17.3, 23.81, 24.5, 19.86, 12.766, 6.664, 3.596, 3.15, 3.2, 1.873, -0.972, -3.895
-3.47, -2.287, 0.623, 4.402, 8.05, 10.445, 10.75, 8.95, 6.055, 3.373, 1.542, -0.057, -2.53, -5.832, -8.48, -8.98, -7.344, -5.055, -3.596, -3.232, -2.93, -1.375, 1.871, 6.008, 9.51, 10.99, 9.98, 7.19, 4.11, 1.9795, 0.7695, -0.5054, -2.389, -4.37, -5.74, -6.348, -6.51, -6.348, -5.402, -3.082, 0.6987, 5.22, 9.16, 11.266, 10.95, 8.49, 5.05, 1.941, -0.00267, -0.767, -0.843, -0.716, -0.6025, -0.5044, -0.3271, 0.01338, 0.5664, 1.268, 1.998, 2.646, 3.154, 3.47, 3.56, 3.432, 3.135, 2.69, 2.094, 1.277, 0.2017, -1.151, -2.684, -4.164, -5.17, -5.395, -4.797, -3.742, -2.85, -2.812, -4.375, -7.98, -13.4, -19.08, -22.64, -22.28, -18.2, -11.555, -3.451, 4.95, 11.85, 15.31, 14.59, 10.65, 5.785, 2.104, 0.5073, 0.5513, 0.945, 0.549, -0.9106, -2.705
-2.512, -2.072, -1.075, 0.1335, 1.161, 1.657, 1.461, 0.68, -0.2954, -1.07, -1.485, -1.791, -2.379, -3.314, -4.176, -4.504, -4.18, -3.578, -3.135, -2.955, -2.742, -2.12, -1.002, 0.2642, 1.184, 1.405, 0.8276, -0.1572, -1.118, -1.673, -1.877, -2.088, -2.527, -3.104, -3.596, -3.904, -4.055, -4.035, -3.709, -2.918, -1.701, -0.3015, 0.815, 1.256, 0.8833, -0.0955, -1.228, -2.148, -2.648, -2.79, -2.752, -2.672, -2.621, -2.576, -2.531, -2.434, -2.271, -2.045, -1.805, -1.566, -1.357, -1.204, -1.136, -1.136, -1.191, -1.298, -1.451, -1.674, -1.985, -2.389, -2.871, -3.365, -3.746, -3.89, -3.756, -3.469, -3.223, -3.277, -3.904, -5.242, -7.195, -9.24, -10.52, -10.23, -8.445, -5.59, -2.328, 0.708, 2.814, 3.555, 2.893, 1.388, -0.2114, -1.283, -1.665, -1.549, -1.342, -1.371, -1.75, -2.287
