-7.586, -8.04, -8.31, -8.56, -8.805, -9.01, -9.06, -9.11, -9.18, -9.12, -8.766, -8.15, -7.57, -7.23, -7.184, -7.348, -7.652, -8.016, -8.33, -8.5, -8.51, -8.35, -8.18, -8.086, -8.05, -8.125, -8.375, -8.66, -8.734, -8.48, -7.816, -7.074, -6.562, -6.48, -6.54, -6.652, -6.72, -6.918, -7.18, -7.426, -7.63, -7.82, -8.14, -8.66, -9.24, -9.805, -10.234, -10.28, -9.836, -9.19, -8.43, -7.89, -8.055, -8.83, -10.06, -11.38, -12.45, -13.13, -13.19, -12.58, -11.516, -10.17, -8.86, -8.0, -7.586, -7.36, -7.348, -7.4, -7.656, -8.03, -8.38, -8.69, -8.91, -8.984, -9.086, -9.17, -9.26, -9.38, -9.49, -9.59, -9.63, -9.65, -9.69, -9.76, -9.64, -9.48, -9.26, -9.06, -9.01, -8.94, -8.836, -8.625, -8.33, -7.94, -7.508, -7.004, -6.527, -6.23, -6.324, -6.88
-2.912, -4.19, -5.164, -6.273, -7.42, -8.35, -8.95, -9.38, -9.64, -9.35, -8.11, -6.0, -3.863, -2.488, -2.186, -2.713, -3.828, -5.12, -6.223, -6.848, -6.88, -6.47, -5.953, -5.492, -5.242, -5.44, -6.35, -7.63, -8.375, -7.78, -5.73, -3.22, -1.353, -0.609, -0.5605, -0.739, -1.144, -1.875, -2.828, -3.861, -4.9, -5.992, -7.227, -8.59, -10.0, -11.37, -12.34, -12.47, -11.484, -9.49, -7.316, -6.01, -6.445, -8.63, -11.81, -15.1, -17.88, -19.62, -20.08, -18.9, -16.02, -12.12, -8.12, -5.105, -3.25, -2.22, -1.707, -1.693, -2.176, -3.152, -4.273, -5.246, -6.047, -6.49, -6.805, -7.047, -7.383, -7.812, -8.2, -8.47, -8.52, -8.48, -8.31, -7.99, -7.44, -6.86, -6.434, -6.227, -6.3, -6.293, -5.992, -5.37, -4.445, -3.465, -2.531, -1.505, -0.3767, 0.4236, 0.24, -1.158
2.62, 0.4763, -1.614, -3.912, -6.06, -7.656, -8.67, -9.48, -10.07, -9.82, -7.9, -4.242, -0.08905, 2.895, 3.959, 3.252, 1.343, -1.161, -3.52, -5.06, -5.53, -5.016, -4.02, -2.932, -2.213, -2.482, -4.04, -6.39, -8.09, -7.5, -4.08, 0.6235, 4.52, 6.516, 7.12, 6.94, 6.082, 4.508, 2.443, 0.08075, -2.312, -4.793, -7.215, -9.51, -11.68, -13.54, -14.57, -14.31, -12.32, -8.7, -5.008, -3.12, -4.082, -7.53, -12.14, -16.78, -20.73, -23.62, -24.94, -24.17, -20.69, -15.0, -8.266, -2.33, 1.754, 4.207, 5.46, 5.645, 4.73, 2.943, 0.8906, -1.088, -2.568, -3.555, -4.16, -4.617, -5.117, -5.72, -6.336, -6.72, -6.76, -6.527, -6.035, -5.29, -4.465, -3.762, -3.395, -3.426, -3.832, -3.996, -3.57, -2.453, -0.841, 0.7534, 2.096, 3.475, 5.086, 6.418, 6.5, 4.965
7.566, 4.71, 1.5, -1.893, -4.723, -6.57, -7.637, -8.555, -9.5, -9.66, -7.668, -3.035, 2.916, 7.83, 10.195, 9.766, 7.273, 3.615, -0.1605, -3.014, -4.29, -3.938, -2.46, -0.5576, 0.81, 0.7334, -1.153, -4.332, -6.984, -6.723, -2.557, 3.916, 9.79, 13.43, 14.86, 14.766, 13.38, 10.8, 7.35, 3.467, -0.5044, -4.32, -7.816, -10.87, -13.49, -15.38, -15.91, -14.63, -11.17, -6.15, -1.646, 0.10126, -1.724, -6.19, -11.586, -16.77, -21.11, -24.36, -26.23, -26.25, -23.45, -17.34, -8.96, -0.5244, 6.094, 10.41, 12.62, 13.07, 11.81, 9.36, 6.34, 3.36, 0.932, -0.688, -1.693, -2.303, -2.842, -3.453, -4.062, -4.37, -4.324, -3.896, -3.236, -2.387, -1.607, -1.137, -1.122, -1.62, -2.371, -2.666, -2.055, -0.453, 1.813, 3.998, 5.676, 7.156, 8.86, 10.445, 11.055, 9.94
11.25, 8.11, 4.11, -0.0314, -3.209, -5.02, -5.914, -6.73, -7.9, -8.66, -7.164, -2.309, 4.89, 11.7, 15.74, 16.31, 13.86, 9.4, 4.332, 0.01045, -2.379, -2.488, -0.7847, 1.771, 3.783, 4.156, 2.316, -1.156, -4.44, -4.895, -0.821, 6.473, 13.89, 19.08, 21.39, 21.48, 19.52, 15.86, 11.05, 5.78, 0.531, -4.3, -8.6, -12.21, -15.03, -16.66, -16.42, -13.86, -9.04, -3.15, 1.357, 2.357, -0.3428, -5.33, -11.02, -16.28, -20.62, -23.78, -25.67, -26.02, -23.97, -18.56, -9.88, 0.11127, 9.055, 15.48, 19.02, 20.11, 18.9, 15.97, 12.12, 8.18, 4.766, 2.29, 0.7354, -0.1002, -0.5894, -1.014, -1.455, -1.597, -1.467, -0.982, -0.3633, 0.2339, 0.6064, 0.5957, 0.1277, -0.746, -1.712, -2.104, -1.406, 0.474, 3.18, 5.81, 7.75, 9.234, 10.766, 12.414, 13.51, 13.164
13.3, 10.51, 6.293, 1.774, -1.613, -3.393, -4.098, -4.746, -5.992, -7.21, -6.42, -1.967, 5.71, 14.01, 19.98, 22.05, 20.34, 15.77, 9.77, 4.227, 0.617, -0.2769, 1.226, 3.924, 6.332, 7.12, 5.73, 2.594, -0.767, -1.873, 1.291, 8.28, 16.28, 22.44, 25.56, 25.72, 23.2, 18.64, 12.84, 6.582, 0.5874, -4.793, -9.53, -13.414, -16.34, -17.72, -16.89, -13.47, -7.906, -1.759, 2.465, 2.951, -0.02556, -4.87, -10.41, -15.7, -20.11, -23.19, -24.8, -25.03, -23.44, -18.92, -10.945, -0.4548, 10.09, 18.56, 23.84, 26.05, 25.34, 22.4, 18.14, 13.43, 9.1, 5.676, 3.443, 2.271, 1.759, 1.544, 1.39, 1.379, 1.541, 1.862, 2.174, 2.287, 2.07, 1.523, 0.5903, -0.5386, -1.662, -2.18, -1.578, 0.258, 3.041, 5.824, 7.94, 9.42, 10.734, 12.26, 13.73, 14.3
13.766, 11.84, 7.906, 3.34, -0.2155, -2.055, -2.637, -3.016, -4.07, -5.457, -5.43, -1.933, 5.402, 14.484, 22.03, 25.89, 25.52, 21.44, 15.26, 8.9, 4.24, 2.393, 3.207, 5.457, 7.727, 8.78, 8.09, 5.855, 3.129, 1.7705, 3.74, 9.47, 16.88, 23.17, 26.61, 26.72, 23.84, 18.72, 12.4, 5.777, -0.4666, -6.008, -10.76, -14.734, -17.72, -19.06, -18.06, -14.45, -8.74, -2.705, 1.34, 1.985, -0.4065, -4.66, -9.82, -15.07, -19.6, -22.67, -24.17, -24.08, -22.53, -18.83, -12.086, -2.258, 8.805, 18.9, 26.11, 29.9, 30.3, 27.9, 23.69, 18.64, 13.71, 9.54, 6.633, 4.918, 4.21, 4.035, 4.11, 4.242, 4.367, 4.47, 4.37, 3.936, 3.096, 1.996, 0.648, -0.7446, -2.037, -2.766, -2.398, -0.8013, 1.725, 4.395, 6.51, 7.97, 9.13, 10.55, 12.23, 13.625
12.99, 12.07, 8.77, 4.445, 0.859, -1.1045, -1.615, -1.685, -2.326, -3.568, -4.094, -1.774, 4.402, 13.23, 21.66, 27.06, 28.17, 25.25, 19.53, 13.016, 7.695, 4.863, 4.67, 6.043, 7.75, 8.77, 8.78, 7.773, 6.195, 5.18, 6.254, 10.33, 16.17, 21.7, 24.88, 24.81, 21.86, 16.66, 10.4, 3.826, -2.262, -7.656, -12.336, -16.23, -19.25, -20.61, -19.78, -16.47, -11.11, -5.28, -1.041, 0.4006, -0.9604, -4.453, -9.305, -14.55, -19.12, -22.28, -23.72, -23.44, -21.84, -18.72, -13.2, -4.824, 5.71, 16.47, 25.25, 30.78, 32.7, 31.44, 27.9, 23.12, 18.1, 13.59, 10.086, 7.824, 6.742, 6.477, 6.504, 6.742, 6.78, 6.64, 6.168, 5.293, 4.023, 2.445, 0.689, -1.053, -2.564, -3.5, -3.373, -2.049, 0.1997, 2.686, 4.74, 6.094, 7.062, 8.195, 9.87, 11.84
11.67, 11.625, 9.02, 5.1, 1.538, -0.5264, -1.052, -0.8286, -0.8877, -1.634, -2.32, -1.134, 3.398, 10.95, 19.23, 25.44, 27.86, 26.38, 21.69, 15.805, 10.33, 6.812, 5.58, 5.867, 6.75, 7.477, 7.84, 7.785, 7.52, 7.44, 8.34, 11.09, 15.28, 19.39, 21.77, 21.47, 18.58, 13.74, 7.742, 1.489, -4.438, -9.71, -14.24, -18.1, -20.92, -22.19, -21.4, -18.45, -13.484, -7.793, -3.125, -0.7603, -1.222, -4.207, -8.93, -14.12, -18.67, -21.86, -23.44, -23.23, -21.62, -18.81, -14.35, -7.586, 1.58, 11.89, 21.38, 28.39, 32.0, 32.4, 30.19, 26.28, 21.73, 17.22, 13.445, 10.77, 9.234, 8.7, 8.625, 8.766, 8.75, 8.41, 7.64, 6.43, 4.81, 2.885, 0.7466, -1.345, -3.07, -4.15, -4.137, -2.883, -0.675, 1.775, 3.81, 5.047, 5.67, 6.33, 7.668, 9.81
10.125, 10.62, 8.69, 5.258, 1.915, -0.2139, -0.8584, -0.4949, 0.01283, 0.01188, -0.296, 0.2695, 3.166, 8.79, 15.82, 21.92, 25.16, 24.88, 21.67, 16.83, 11.836, 8.06, 6.023, 5.324, 5.33, 5.574, 5.848, 6.21, 6.82, 7.816, 9.32, 11.69, 14.77, 17.6, 19.05, 18.33, 15.55, 10.98, 5.33, -0.7153, -6.566, -11.84, -16.33, -20.0, -22.58, -23.5, -22.44, -19.39, -14.48, -8.734, -3.695, -0.8477, -0.9897, -3.965, -8.734, -13.805, -18.19, -21.44, -23.2, -23.31, -21.88, -19.25, -15.37, -9.96, -2.498, 6.508, 15.7, 23.5, 28.6, 30.81, 30.39, 27.95, 24.4, 20.39, 16.67, 13.7, 11.78, 10.805, 10.516, 10.46, 10.266, 9.7, 8.695, 7.227, 5.36, 3.164, 0.7285, -1.664, -3.566, -4.633, -4.543, -3.12, -0.6914, 1.964, 4.047, 5.098, 5.277, 5.336, 6.113, 8.055
8.64, 9.32, 7.832, 4.906, 1.884, -0.2102, -0.99, -0.6445, 0.2556, 1.062, 1.525, 2.076, 3.799, 7.527, 12.72, 17.84, 21.14, 21.77, 19.88, 16.25, 12.11, 8.55, 6.09, 4.67, 3.934, 3.547, 3.387, 3.55, 4.44, 6.234, 8.69, 11.49, 14.29, 16.56, 17.44, 16.39, 13.52, 9.02, 3.426, -2.598, -8.5, -13.79, -18.28, -21.72, -23.88, -24.22, -22.55, -18.92, -13.586, -7.664, -2.584, 0.03693, -0.5503, -3.875, -8.625, -13.42, -17.6, -20.86, -22.94, -23.58, -22.58, -20.14, -16.56, -11.93, -5.87, 1.596, 9.86, 17.72, 23.83, 27.58, 28.97, 28.25, 26.06, 22.83, 19.48, 16.45, 14.2, 12.84, 12.11, 11.77, 11.35, 10.56, 9.37, 7.66, 5.63, 3.191, 0.54, -2.03, -4.04, -5.023, -4.7, -2.91, -0.1071, 2.822, 4.965, 5.8, 5.54, 5.0, 5.203, 6.74
7.254, 7.875, 6.7, 4.203, 1.54, -0.4717, -1.409, -1.215, -0.1732, 1.246, 2.584, 3.662, 5.0, 7.34, 10.74, 14.445, 17.22, 18.2, 17.27, 14.73, 11.516, 8.42, 5.895, 4.023, 2.637, 1.615, 0.899, 0.617, 1.235, 3.219, 6.31, 9.836, 13.21, 15.57, 16.36, 15.21, 12.24, 7.668, 1.999, -4.1, -10.086, -15.51, -19.98, -23.28, -24.89, -24.5, -21.9, -17.28, -11.31, -5.297, -0.6826, 1.194, -0.1558, -3.914, -8.48, -12.94, -16.88, -20.23, -22.77, -23.94, -23.44, -21.31, -17.92, -13.59, -8.33, -1.992, 5.21, 12.52, 19.03, 23.89, 26.8, 27.72, 26.86, 24.7, 21.84, 18.9, 16.4, 14.59, 13.47, 12.75, 12.055, 11.1, 9.73, 7.85, 5.637, 3.037, 0.2534, -2.422, -4.523, -5.45, -4.78, -2.543, 0.711, 3.895, 6.03, 6.63, 5.945, 4.926, 4.637, 5.66
5.96, 6.504, 5.496, 3.348, 0.989, -0.927, -1.985, -2.018, -1.062, 0.631, 2.592, 4.38, 5.99, 7.746, 9.92, 12.29, 14.2, 15.02, 14.46, 12.71, 10.33, 7.832, 5.49, 3.375, 1.519, 0.01329, -1.241, -2.05, -1.882, -0.2421, 2.855, 6.79, 10.73, 13.62, 14.836, 14.016, 11.23, 6.7, 1.008, -5.188, -11.36, -16.95, -21.48, -24.5, -25.55, -24.3, -20.58, -15.0, -8.58, -2.703, 1.163, 1.957, -0.1476, -3.967, -8.15, -12.19, -16.03, -19.52, -22.48, -24.3, -24.47, -22.75, -19.48, -15.2, -10.09, -4.266, 2.15, 8.82, 15.18, 20.66, 24.64, 26.81, 27.2, 26.03, 23.77, 20.97, 18.36, 16.22, 14.63, 13.5, 12.516, 11.39, 9.88, 7.926, 5.613, 2.902, -0.03014, -2.91, -5.098, -5.93, -4.902, -2.158, 1.546, 4.926, 6.953, 7.234, 6.16, 4.773, 4.113, 4.71
4.816, 5.254, 4.4, 2.535, 0.3723, -1.499, -2.67, -2.93, -2.143, -0.445, 1.803, 4.117, 6.184, 7.977, 9.59, 11.04, 12.13, 12.484, 11.97, 10.62, 8.84, 6.93, 4.86, 2.648, 0.554, -1.276, -2.84, -3.943, -4.195, -3.14, -0.5757, 3.092, 7.145, 10.48, 12.34, 12.234, 9.98, 5.773, 0.1968, -6.098, -12.45, -18.22, -22.8, -25.53, -25.98, -23.72, -19.1, -12.74, -6.04, -0.5723, 2.328, 2.15, -0.3542, -3.934, -7.66, -11.32, -15.016, -18.75, -22.19, -24.56, -25.39, -24.27, -21.36, -17.03, -11.78, -5.98, 0.0857, 6.35, 12.62, 18.28, 22.9, 26.1, 27.45, 27.06, 25.38, 22.84, 20.14, 17.64, 15.68, 14.17, 12.805, 11.484, 9.945, 8.055, 5.688, 2.887, -0.2179, -3.33, -5.703, -6.438, -5.043, -1.792, 2.287, 5.758, 7.586, 7.5, 6.07, 4.414, 3.521, 3.838
3.889, 4.273, 3.531, 1.84, -0.248, -2.123, -3.346, -3.693, -3.049, -1.512, 0.691, 3.207, 5.656, 7.68, 9.21, 10.195, 10.68, 10.57, 9.88, 8.766, 7.4, 5.895, 4.062, 1.905, -0.2734, -2.236, -3.834, -4.87, -5.29, -4.81, -3.076, -0.1985, 3.365, 6.754, 9.15, 9.81, 8.38, 4.785, -0.556, -6.902, -13.44, -19.42, -24.05, -26.4, -26.27, -23.22, -17.7, -10.805, -4.004, 0.907, 2.895, 2.082, -0.5073, -3.744, -6.984, -10.33, -13.93, -17.88, -21.66, -24.62, -26.05, -25.58, -23.22, -19.11, -13.8, -7.867, -1.6455, 4.617, 10.76, 16.6, 21.64, 25.45, 27.52, 27.83, 26.66, 24.39, 21.73, 19.0, 16.61, 14.63, 13.02, 11.555, 9.95, 8.086, 5.76, 2.88, -0.4248, -3.771, -6.31, -6.918, -5.133, -1.395, 3.025, 6.562, 8.13, 7.66, 5.863, 3.96, 2.908, 3.066
3.13, 3.49, 2.848, 1.265, -0.759, -2.604, -3.785, -4.09, -3.521, -2.205, -0.235, 2.146, 4.664, 6.914, 8.54, 9.42, 9.56, 9.13, 8.29, 7.305, 6.25, 4.984, 3.28, 1.176, -1.001, -2.928, -4.285, -5.023, -5.316, -5.145, -4.24, -2.414, 0.2312, 3.22, 5.777, 7.023, 6.31, 3.377, -1.568, -7.793, -14.484, -20.66, -25.2, -27.27, -26.42, -22.61, -16.44, -9.15, -2.44, 1.963, 3.357, 2.158, -0.4326, -3.316, -6.16, -9.234, -12.82, -16.88, -20.83, -24.23, -26.33, -26.61, -24.97, -21.31, -16.25, -10.13, -3.69, 2.793, 9.164, 15.29, 20.61, 24.94, 27.52, 28.48, 27.67, 25.73, 23.05, 20.19, 17.42, 15.04, 13.164, 11.54, 9.98, 8.13, 5.805, 2.799, -0.708, -4.3, -6.93, -7.37, -5.152, -0.9043, 3.855, 7.426, 8.695, 7.773, 5.613, 3.498, 2.34, 2.395
2.49, 2.861, 2.34, 0.8794, -1.026, -2.744, -3.781, -4.004, -3.49, -2.445, -0.8955, 1.171, 3.535, 5.867, 7.633, 8.55, 8.62, 8.06, 7.21, 6.375, 5.49, 4.3, 2.555, 0.434, -1.6875, -3.361, -4.27, -4.605, -4.703, -4.695, -4.438, -3.6, -1.952, 0.358, 2.75, 4.293, 4.164, 1.819, -2.674, -8.75, -15.56, -21.77, -26.14, -27.83, -26.27, -21.73, -14.97, -7.414, -0.9634, 2.916, 3.799, 2.385, -0.0496, -2.63, -5.176, -8.03, -11.516, -15.53, -19.73, -23.5, -26.25, -27.28, -26.42, -23.52, -18.84, -12.89, -6.145, 0.702, 7.453, 13.875, 19.58, 24.3, 27.47, 28.84, 28.53, 26.75, 24.16, 21.1, 18.0, 15.305, 13.2, 11.46, 9.91, 8.13, 5.79, 2.604, -1.165, -4.887, -7.43, -7.594, -4.92, -0.2023, 4.848, 8.42, 9.4, 8.03, 5.477, 3.125, 1.851, 1.832
2.014, 2.422, 1.955, 0.577, -1.176, -2.65, -3.432, -3.49, -3.047, -2.36, -1.305, 0.306, 2.418, 4.73, 6.664, 7.758, 7.95, 7.42, 6.63, 5.844, 5.016, 3.742, 1.9, -0.261, -2.213, -3.5, -3.918, -3.836, -3.78, -3.996, -4.305, -4.297, -3.521, -1.851, 0.291, 1.963, 2.227, 0.3042, -3.795, -9.664, -16.42, -22.64, -26.84, -27.98, -25.66, -20.33, -13.016, -5.363, 0.6597, 3.98, 4.43, 2.871, 0.5444, -1.773, -4.016, -6.64, -9.98, -14.04, -18.4, -22.56, -25.88, -27.73, -27.75, -25.67, -21.56, -15.91, -9.13, -1.917, 5.383, 12.15, 18.38, 23.47, 27.03, 28.86, 28.88, 27.4, 24.84, 21.69, 18.27, 15.35, 13.01, 11.25, 9.8, 8.11, 5.68, 2.322, -1.645, -5.44, -7.805, -7.574, -4.383, 0.8013, 6.086, 9.57, 10.234, 8.38, 5.414, 2.807, 1.449, 1.396
1.728, 2.088, 1.571, 0.2023, -1.387, -2.518, -2.88, -2.691, -2.299, -1.999, -1.515, -0.457, 1.322, 3.594, 5.715, 7.125, 7.54, 7.133, 6.402, 5.582, 4.637, 3.203, 1.274, -0.8916, -2.6, -3.422, -3.373, -2.97, -2.89, -3.416, -4.242, -4.87, -4.7, -3.47, -1.608, 0.03217, 0.464, -1.127, -4.918, -10.555, -17.11, -23.23, -27.25, -27.86, -24.8, -18.56, -10.69, -3.031, 2.555, 5.21, 5.17, 3.445, 1.254, -0.7754, -2.787, -5.23, -8.414, -12.43, -16.94, -21.53, -25.42, -28.02, -28.83, -27.64, -24.23, -19.05, -12.35, -4.934, 2.621, 9.92, 16.64, 22.17, 26.17, 28.4, 28.86, 27.62, 25.17, 21.88, 18.3, 15.086, 12.625, 10.91, 9.54, 7.93, 5.473, 2.008, -2.094, -5.957, -8.11, -7.38, -3.584, 2.074, 7.543, 10.87, 11.14, 8.875, 5.453, 2.572, 1.143, 1.122
1.611, 1.887, 1.2, -0.2343, -1.682, -2.408, -2.242, -1.728, -1.412, -1.481, -1.568, -1.03, 0.412, 2.596, 4.844, 6.535, 7.242, 7.035, 6.31, 5.363, 4.164, 2.512, 0.488, -1.533, -2.871, -3.16, -2.633, -1.976, -2.02, -2.957, -4.348, -5.48, -5.715, -4.848, -3.254, -1.725, -1.204, -2.531, -6.035, -11.41, -17.81, -23.8, -27.55, -27.6, -23.72, -16.66, -8.305, -0.7744, 4.305, 6.297, 5.76, 3.904, 1.845, 0.1002, -1.6045, -3.738, -6.71, -10.64, -15.31, -20.2, -24.66, -28.0, -29.62, -29.27, -26.7, -22.08, -15.805, -8.46, -0.6206, 7.082, 14.17, 20.19, 24.69, 27.38, 28.3, 27.4, 25.11, 21.8, 18.06, 14.66, 12.11, 10.42, 9.13, 7.555, 5.113, 1.553, -2.682, -6.49, -8.33, -7.098, -2.709, 3.467, 9.164, 12.28, 12.055, 9.26, 5.445, 2.348, 0.868, 0.9253
1.577, 1.841, 0.941, -0.6265, -1.919, -2.19, -1.52, -0.6797, -0.4365, -0.866, -1.448, -1.39, -0.283, 1.759, 4.098, 6.023, 7.02, 6.99, 6.227, 5.09, 3.586, 1.663, -0.4468, -2.223, -3.023, -2.648, -1.63, -0.8076, -1.056, -2.46, -4.453, -6.12, -6.812, -6.273, -4.906, -3.494, -3.016, -4.156, -7.316, -12.375, -18.55, -24.3, -27.73, -27.2, -22.53, -14.805, -6.15, 1.197, 5.676, 7.055, 6.117, 4.27, 2.441, 1.031, -0.3628, -2.205, -4.96, -8.8, -13.5, -18.62, -23.53, -27.5, -29.92, -30.45, -28.69, -24.84, -19.14, -12.1, -4.38, 3.53, 11.016, 17.5, 22.5, 25.73, 27.17, 26.77, 24.77, 21.52, 17.8, 14.3, 11.63, 9.87, 8.59, 7.02, 4.54, 0.925, -3.377, -7.082, -8.59, -6.81, -1.773, 4.902, 10.71, 13.58, 12.86, 9.516, 5.316, 1.988, 0.5005, 0.7246
1.467, 1.833, 0.851, -0.7856, -1.884, -1.689, -0.5723, 0.525, 0.704, -0.07635, -1.103, -1.513, -0.8, 1.04, 3.414, 5.51, 6.77, 6.94, 6.164, 4.793, 2.965, 0.801, -1.313, -2.773, -3.02, -2.059, -0.554, 0.4336, -0.001146, -1.821, -4.33, -6.555, -7.723, -7.617, -6.586, -5.406, -4.965, -5.98, -8.83, -13.53, -19.33, -24.73, -27.75, -26.69, -21.28, -13.03, -4.27, 2.674, 6.594, 7.457, 6.293, 4.555, 2.996, 1.921, 0.9067, -0.617, -3.139, -6.785, -11.42, -16.67, -21.83, -26.39, -29.66, -31.03, -30.22, -27.27, -22.33, -15.875, -8.47, -0.621, 7.062, 13.97, 19.56, 23.47, 25.53, 25.72, 24.14, 21.12, 17.38, 13.81, 11.07, 9.27, 7.938, 6.355, 3.785, 0.0898, -4.23, -7.74, -8.9, -6.56, -0.9614, 6.14, 12.01, 14.6, 13.41, 9.56, 4.992, 1.453, -0.0631, 0.3462
1.087, 1.705, 0.9087, -0.546, -1.361, -0.7812, 0.6997, 1.937, 2.031, 0.935, -0.541, -1.444, -1.154, 0.3914, 2.705, 4.93, 6.39, 6.758, 6.016, 4.44, 2.342, 0.0406, -2.037, -3.213, -3.0, -1.496, 0.4443, 1.614, 1.15, -0.8877, -3.756, -6.5, -8.29, -8.76, -8.23, -7.414, -7.094, -7.973, -10.56, -14.84, -20.14, -25.06, -27.45, -25.67, -19.62, -11.09, -2.45, 4.008, 7.285, 7.69, 6.496, 4.977, 3.791, 3.074, 2.404, 1.103, -1.218, -4.703, -9.24, -14.46, -19.89, -24.84, -28.78, -30.98, -31.2, -29.23, -25.22, -19.53, -12.54, -4.906, 2.926, 10.13, 16.25, 20.77, 23.52, 24.31, 23.17, 20.47, 16.81, 13.31, 10.56, 8.7, 7.26, 5.543, 2.854, -0.9204, -5.223, -8.516, -9.266, -6.418, -0.262, 7.137, 12.98, 15.3, 13.67, 9.39, 4.45, 0.653, -0.9004, -0.3308
0.4478, 1.462, 1.025, -0.064, -0.51, 0.4348, 2.209, 3.555, 3.559, 2.188, 0.255, -1.158, -1.374, -0.2627, 1.844, 4.125, 5.77, 6.32, 5.66, 4.023, 1.76, -0.641, -2.645, -3.557, -2.941, -1.016, 1.3, 2.691, 2.33, 0.246, -2.83, -5.984, -8.4, -9.625, -9.8, -9.43, -9.266, -10.06, -12.32, -16.17, -21.02, -25.34, -26.95, -24.36, -17.62, -8.805, -0.4788, 5.293, 7.875, 7.91, 6.81, 5.594, 4.86, 4.48, 3.965, 2.822, 0.635, -2.674, -7.01, -12.14, -17.6, -22.89, -27.39, -30.45, -31.61, -30.69, -27.67, -22.77, -16.39, -9.07, -1.316, 6.145, 12.71, 17.83, 21.19, 22.58, 21.92, 19.52, 16.16, 12.78, 10.055, 8.125, 6.566, 4.64, 1.72, -2.242, -6.45, -9.45, -9.766, -6.438, 0.1992, 7.824, 13.69, 15.74, 13.7, 9.086, 3.758, -0.3403, -2.014, -1.299
-0.3433, 1.126, 1.096, 0.3945, 0.3357, 1.599, 3.639, 5.13, 5.125, 3.596, 1.311, -0.6045, -1.384, -0.799, 0.946, 3.13, 4.906, 5.637, 5.113, 3.496, 1.186, -1.235, -3.14, -3.816, -2.893, -0.6426, 1.931, 3.527, 3.312, 1.315, -1.798, -5.18, -8.08, -10.05, -11.01, -11.25, -11.35, -12.13, -14.16, -17.62, -22.0, -25.66, -26.47, -22.95, -15.484, -6.387, 1.565, 6.63, 8.52, 8.266, 7.25, 6.457, 6.07, 5.926, 5.47, 4.35, 2.264, -0.878, -5.004, -9.9, -15.27, -20.7, -25.61, -29.44, -31.45, -31.53, -29.44, -25.39, -19.66, -12.8, -5.2, 2.342, 9.2, 14.805, 18.72, 20.62, 20.44, 18.4, 15.32, 12.15, 9.51, 7.51, 5.72, 3.438, 0.1835, -3.896, -7.957, -10.62, -10.39, -6.47, 0.519, 8.305, 14.04, 15.77, 13.445, 8.4, 2.76, -1.564, -3.326, -2.443
-1.224, 0.6885, 1.074, 0.6904, 0.905, 2.424, 4.695, 6.395, 6.516, 4.977, 2.52, 0.1815, -1.17, -1.15, 0.143, 2.105, 3.863, 4.707, 4.324, 2.766, 0.503, -1.879, -3.64, -4.074, -2.871, -0.3733, 2.36, 4.07, 3.95, 2.074, -0.9185, -4.348, -7.555, -10.125, -11.88, -12.85, -13.37, -14.266, -16.16, -19.31, -23.23, -26.06, -25.84, -21.17, -13.016, -3.74, 3.82, 8.14, 9.38, 8.94, 8.05, 7.574, 7.438, 7.32, 6.82, 5.652, 3.594, 0.651, -3.184, -7.793, -12.98, -18.42, -23.56, -27.84, -30.66, -31.58, -30.4, -27.19, -22.2, -15.87, -8.62, -1.156, 5.887, 11.86, 16.2, 18.56, 18.8, 17.14, 14.38, 11.42, 8.83, 6.703, 4.555, 1.877, -1.669, -5.81, -9.66, -11.85, -11.01, -6.527, 0.7793, 8.59, 14.02, 15.4, 12.59, 7.188, 1.301, -3.107, -4.785, -3.668
-2.072, 0.2174, 0.915, 0.7793, 1.203, 2.879, 5.35, 7.254, 7.582, 6.19, 3.777, 1.209, -0.607, -1.158, -0.4023, 1.165, 2.734, 3.584, 3.299, 1.83, -0.357, -2.594, -4.145, -4.27, -2.771, -0.10175, 2.662, 4.293, 4.184, 2.492, -0.317, -3.693, -7.098, -10.11, -12.51, -14.195, -15.3, -16.48, -18.34, -21.22, -24.56, -26.47, -24.92, -19.02, -10.12, -0.7812, 6.223, 9.84, 10.67, 10.125, 9.336, 9.016, 8.94, 8.734, 8.016, 6.668, 4.637, 1.9, -1.613, -5.88, -10.72, -15.984, -21.22, -25.81, -29.22, -30.84, -30.58, -28.2, -24.03, -18.34, -11.54, -4.33, 2.752, 8.99, 13.66, 16.44, 17.08, 15.83, 13.445, 10.67, 8.09, 5.68, 3.16, 0.1015, -3.701, -7.766, -11.305, -12.984, -11.516, -6.473, 1.065, 8.74, 13.74, 14.52, 11.2, 5.43, -0.635, -4.95, -6.418, -4.938
-2.928, -0.3416, 0.5674, 0.64, 1.232, 3.074, 5.68, 7.75, 8.3, 7.156, 4.914, 2.33, 0.2223, -0.8257, -0.6655, 0.3674, 1.604, 2.367, 2.13, 0.784, -1.265, -3.334, -4.617, -4.41, -2.621, 0.1448, 2.764, 4.258, 4.16, 2.654, 0.14, -3.035, -6.566, -10.01, -12.98, -15.32, -17.05, -18.56, -20.52, -23.11, -25.66, -26.36, -23.36, -16.16, -6.574, 2.553, 8.93, 11.92, 12.414, 11.87, 11.21, 10.8, 10.49, 9.95, 8.984, 7.484, 5.45, 2.887, -0.2465, -4.07, -8.53, -13.51, -18.64, -23.4, -27.23, -29.53, -30.0, -28.47, -25.12, -20.17, -13.92, -7.0, -0.04932, 6.266, 11.23, 14.38, 15.51, 14.68, 12.64, 10.055, 7.367, 4.67, 1.723, -1.708, -5.664, -9.62, -12.86, -13.98, -11.85, -6.348, 1.346, 8.67, 13.09, 13.16, 9.24, 3.094, -3.008, -7.082, -8.12, -6.2
-3.861, -1.019, 0.06088, 0.333, 1.125, 3.094, 5.77, 7.992, 8.75, 7.9, 5.91, 3.445, 1.177, -0.3052, -0.7495, -0.3176, 0.4868, 1.08, 0.906, -0.2588, -2.133, -3.99, -4.98, -4.453, -2.46, 0.279, 2.709, 4.047, 3.99, 2.715, 0.4668, -2.53, -6.09, -9.75, -13.195, -16.14, -18.42, -20.33, -22.38, -24.62, -26.27, -25.62, -21.06, -12.68, -2.59, 6.207, 11.92, 14.39, 14.75, 14.26, 13.56, 12.78, 11.94, 10.91, 9.555, 7.94, 6.03, 3.703, 0.9946, -2.334, -6.305, -10.9, -15.85, -20.77, -24.84, -27.72, -28.88, -28.19, -25.72, -21.47, -15.836, -9.32, -2.486, 3.82, 8.98, 12.44, 13.945, 13.62, 12.04, 9.61, 6.89, 3.9, 0.533, -3.283, -7.418, -11.25, -14.164, -14.7, -12.0, -6.137, 1.6, 8.555, 12.234, 11.516, 6.914, 0.4358, -5.57, -9.234, -9.78, -7.465
-4.793, -1.784, -0.5186, -0.0199, 0.981, 3.08, 5.76, 7.984, 8.87, 8.28, 6.64, 4.402, 2.107, 0.2637, -0.7705, -0.9585, -0.592, -0.217, -0.3726, -1.364, -2.994, -4.57, -5.25, -4.52, -2.436, 0.2339, 2.49, 3.713, 3.727, 2.66, 0.677, -2.082, -5.58, -9.5, -13.266, -16.67, -19.45, -21.81, -23.95, -25.88, -26.53, -24.38, -18.2, -8.62, 1.809, 10.2, 15.32, 17.4, 17.73, 17.14, 16.05, 14.734, 13.2, 11.555, 9.84, 8.12, 6.336, 4.35, 2.102, -0.7065, -4.16, -8.336, -13.11, -17.95, -22.31, -25.56, -27.4, -27.42, -25.67, -22.2, -17.2, -11.125, -4.66, 1.517, 6.793, 10.56, 12.53, 12.734, 11.55, 9.375, 6.625, 3.322, -0.4412, -4.54, -8.74, -12.49, -15.08, -15.16, -11.97, -5.67, 2.045, 8.49, 11.375, 9.734, 4.445, -2.25, -8.07, -11.266, -11.266, -8.58
-5.613, -2.592, -1.165, -0.4084, 0.8335, 3.004, 5.625, 7.758, 8.67, 8.31, 6.992, 5.07, 2.861, 0.8096, -0.7188, -1.492, -1.61, -1.513, -1.703, -2.533, -3.918, -5.156, -5.516, -4.594, -2.514, 0.01744, 2.19, 3.363, 3.404, 2.48, 0.7017, -1.867, -5.273, -9.234, -13.24, -17.02, -20.3, -23.02, -25.27, -26.66, -26.28, -22.58, -14.81, -4.2, 6.348, 14.37, 18.98, 20.89, 21.06, 20.27, 18.56, 16.44, 14.13, 11.92, 9.9, 8.12, 6.52, 4.887, 3.086, 0.7817, -2.146, -5.875, -10.32, -15.04, -19.53, -23.2, -25.58, -26.19, -25.11, -22.34, -17.97, -12.49, -6.42, -0.446, 4.855, 8.85, 11.18, 11.836, 11.03, 9.09, 6.24, 2.69, -1.362, -5.668, -9.9, -13.52, -15.76, -15.36, -11.54, -4.797, 2.895, 8.87, 10.85, 8.21, 2.201, -4.742, -10.29, -13.0, -12.49, -9.45
-6.355, -3.383, -1.855, -0.8613, 0.6104, 2.828, 5.348, 7.31, 8.2, 8.05, 7.055, 5.445, 3.398, 1.245, -0.6577, -1.916, -2.494, -2.703, -2.963, -3.648, -4.715, -5.58, -5.664, -4.613, -2.61, -0.2632, 1.726, 2.871, 3.041, 2.316, 0.6655, -1.818, -5.09, -8.984, -13.195, -17.36, -21.11, -24.17, -26.33, -27.12, -25.48, -20.2, -10.92, 0.4983, 11.01, 18.67, 22.9, 24.56, 24.44, 23.1, 20.75, 17.83, 14.836, 12.125, 9.9, 8.11, 6.7, 5.324, 3.887, 2.045, -0.4387, -3.672, -7.695, -12.18, -16.75, -20.67, -23.36, -24.52, -24.0, -21.75, -18.06, -13.234, -7.684, -1.997, 3.098, 7.164, 9.79, 10.766, 10.266, 8.44, 5.484, 1.748, -2.547, -7.004, -11.195, -14.61, -16.3, -15.22, -10.61, -3.35, 4.395, 9.86, 10.87, 7.23, 0.5596, -6.6, -11.97, -14.29, -13.39, -10.15
-6.953, -4.156, -2.594, -1.427, 0.2393, 2.51, 4.92, 6.742, 7.61, 7.62, 6.945, 5.645, 3.795, 1.597, -0.538, -2.18, -3.188, -3.695, -4.004, -4.54, -5.23, -5.73, -5.6, -4.53, -2.676, -0.5586, 1.218, 2.344, 2.627, 2.027, 0.534, -1.827, -4.984, -8.82, -13.13, -17.58, -21.73, -25.06, -27.05, -26.98, -23.97, -17.08, -6.527, 5.39, 15.81, 23.0, 26.77, 28.02, 27.38, 25.45, 22.6, 19.17, 15.72, 12.625, 10.13, 8.25, 6.94, 5.805, 4.62, 3.104, 1.012, -1.7295, -5.234, -9.414, -13.82, -17.84, -20.88, -22.38, -22.3, -20.56, -17.48, -13.29, -8.33, -3.166, 1.654, 5.633, 8.34, 9.5, 9.12, 7.242, 4.168, 0.163, -4.297, -8.76, -12.81, -15.79, -16.75, -14.76, -9.164, -1.224, 6.668, 11.56, 11.62, 7.086, -0.1814, -7.6, -12.98, -15.08, -13.914, -10.63
-7.457, -4.832, -3.285, -1.961, -0.1403, 2.152, 4.47, 6.184, 7.035, 7.14, 6.688, 5.67, 4.062, 1.968, -0.2952, -2.307, -3.742, -4.53, -4.914, -5.24, -5.594, -5.76, -5.402, -4.336, -2.686, -0.8184, 0.827, 1.925, 2.268, 1.703, 0.2678, -1.994, -5.004, -8.67, -12.93, -17.61, -22.1, -25.69, -27.42, -26.5, -22.02, -13.45, -1.76, 10.484, 20.55, 27.1, 30.34, 31.08, 29.8, 27.39, 24.17, 20.61, 17.0, 13.58, 10.87, 8.81, 7.395, 6.312, 5.23, 3.95, 2.234, -0.0492, -3.025, -6.746, -10.89, -14.91, -18.11, -19.97, -20.2, -18.9, -16.36, -12.8, -8.5, -3.848, 0.5967, 4.36, 6.992, 8.16, 7.664, 5.613, 2.316, -1.841, -6.363, -10.83, -14.68, -17.14, -17.27, -14.055, -7.277, 1.487, 9.56, 13.93, 13.164, 7.883, 0.06134, -7.79, -13.4, -15.516, -14.266, -11.0
-7.902, -5.41, -3.818, -2.395, -0.4578, 1.877, 4.117, 5.742, 6.59, 6.754, 6.418, 5.586, 4.207, 2.275, -0.0429, -2.35, -4.184, -5.28, -5.77, -5.938, -5.92, -5.766, -5.234, -4.188, -2.68, -0.987, 0.5454, 1.613, 1.926, 1.2705, -0.254, -2.48, -5.254, -8.58, -12.64, -17.4, -22.23, -25.97, -27.39, -25.5, -19.53, -9.54, 3.01, 15.3, 24.89, 30.73, 33.12, 33.1, 31.28, 28.67, 25.53, 22.12, 18.58, 15.03, 12.016, 9.695, 8.016, 6.824, 5.727, 4.562, 3.15, 1.34, -1.08, -4.246, -8.02, -11.89, -15.23, -17.36, -18.02, -17.1, -15.0, -11.94, -8.195, -4.105, -0.08856, 3.453, 5.883, 6.84, 6.117, 3.918, 0.4485, -3.775, -8.33, -12.84, -16.52, -18.47, -17.6, -13.05, -5.0, 4.676, 12.96, 16.9, 15.43, 9.445, 0.964, -7.484, -13.55, -15.88, -14.66, -11.39
-8.23, -5.71, -4.113, -2.637, -0.6475, 1.712, 3.928, 5.49, 6.3, 6.4, 6.0, 5.223, 4.074, 2.375, 0.1415, -2.328, -4.51, -5.99, -6.664, -6.73, -6.406, -5.938, -5.203, -4.105, -2.64, -0.9907, 0.5195, 1.489, 1.537, 0.521, -1.351, -3.678, -6.164, -8.91, -12.41, -16.97, -21.9, -25.78, -26.78, -23.9, -16.7, -5.555, 7.53, 19.58, 28.47, 33.4, 34.9, 34.0, 31.61, 28.88, 26.14, 23.33, 20.2, 16.78, 13.54, 10.836, 8.79, 7.332, 6.14, 5.047, 3.88, 2.445, 0.5176, -2.105, -5.41, -9.0, -12.39, -14.79, -15.81, -15.35, -13.61, -10.93, -7.58, -3.895, -0.2478, 2.955, 5.09, 5.773, 4.887, 2.58, -0.862, -4.957, -9.52, -14.1, -17.86, -19.47, -17.64, -11.64, -2.191, 8.336, 16.73, 20.27, 18.19, 11.55, 2.408, -6.77, -13.53, -16.23, -15.08, -11.734
-8.414, -5.836, -4.285, -2.832, -0.8184, 1.575, 3.836, 5.39, 6.09, 5.926, 5.195, 4.305, 3.348, 2.064, 0.1821, -2.213, -4.65, -6.504, -7.473, -7.58, -7.07, -6.293, -5.297, -3.973, -2.396, -0.718, 0.8096, 1.631, 1.206, -0.5767, -3.252, -5.96, -8.2, -10.13, -12.64, -16.53, -21.33, -25.12, -25.77, -21.98, -13.6, -1.637, 11.625, 23.31, 31.34, 35.3, 35.6, 33.7, 30.67, 27.89, 25.69, 23.73, 21.42, 18.44, 15.18, 12.125, 9.695, 7.926, 6.605, 5.496, 4.492, 3.398, 1.894, -0.186, -2.996, -6.285, -9.54, -12.164, -13.63, -13.64, -12.28, -9.89, -6.758, -3.338, 0.06, 2.922, 4.754, 5.246, 4.246, 1.982, -1.169, -5.094, -9.63, -14.38, -18.4, -19.92, -17.27, -9.9, 0.848, 12.21, 20.69, 23.75, 21.1, 13.914, 4.223, -5.656, -13.14, -16.39, -15.43, -12.01
-8.55, -6.04, -4.523, -3.068, -1.034, 1.516, 3.936, 5.49, 5.895, 5.203, 3.887, 2.611, 1.748, 1.031, -0.10156, -1.975, -4.367, -6.61, -8.016, -8.41, -7.875, -6.832, -5.504, -3.77, -1.804, 0.1992, 1.8125, 2.264, 0.9565, -2.062, -5.9, -9.336, -11.46, -12.375, -13.49, -16.23, -20.42, -24.02, -24.28, -19.7, -10.48, 2.115, 15.34, 26.48, 33.6, 36.3, 35.4, 32.3, 28.61, 25.8, 24.23, 23.3, 22.03, 19.77, 16.72, 13.59, 10.8, 8.66, 7.086, 5.902, 4.98, 4.137, 3.033, 1.444, -0.8066, -3.691, -6.754, -9.484, -11.34, -11.875, -11.03, -8.93, -5.965, -2.633, 0.594, 3.18, 4.797, 5.137, 4.16, 2.098, -0.844, -4.65, -9.08, -13.85, -18.08, -19.61, -16.25, -7.69, 4.305, 16.23, 24.58, 27.08, 23.8, 16.25, 6.3, -3.893, -12.016, -15.9, -15.37, -12.086
-8.6, -6.316, -4.99, -3.52, -1.203, 1.719, 4.414, 5.977, 5.93, 4.418, 2.18, 0.1996, -0.8184, -0.9087, -0.8965, -1.744, -3.709, -6.19, -8.195, -9.11, -8.79, -7.555, -5.74, -3.387, -0.6665, 1.995, 3.803, 3.775, 1.28, -3.363, -8.836, -13.34, -15.61, -15.58, -15.02, -16.16, -19.34, -22.5, -22.45, -17.27, -7.312, 5.617, 18.66, 29.05, 35.12, 36.6, 34.38, 30.14, 25.88, 22.88, 21.78, 21.86, 21.78, 20.64, 18.23, 15.25, 12.234, 9.68, 7.742, 6.36, 5.43, 4.7, 3.883, 2.717, 1.019, -1.332, -4.055, -6.785, -8.92, -10.055, -9.766, -8.09, -5.36, -2.139, 0.99, 3.541, 5.145, 5.44, 4.484, 2.404, -0.65, -4.47, -8.8, -13.36, -17.31, -18.47, -14.52, -5.008, 7.867, 20.12, 28.02, 29.88, 25.98, 18.25, 8.555, -1.55, -9.95, -14.52, -14.64, -11.79
-8.52, -6.78, -5.65, -3.943, -1.101, 2.51, 5.633, 7.164, 6.56, 4.066, 0.5493, -2.537, -4.08, -3.73, -2.46, -1.855, -2.873, -5.234, -7.797, -9.49, -9.72, -8.414, -5.94, -2.61, 1.222, 4.844, 6.99, 6.418, 2.62, -3.89, -11.31, -17.27, -19.98, -19.11, -16.92, -16.27, -18.3, -20.89, -20.47, -14.875, -4.44, 8.66, 21.34, 31.0, 35.9, 36.16, 32.7, 27.56, 22.7, 19.69, 18.97, 19.78, 20.83, 20.81, 19.36, 16.81, 13.83, 11.05, 8.734, 6.99, 5.87, 5.176, 4.53, 3.682, 2.426, 0.6074, -1.659, -4.17, -6.465, -8.04, -8.38, -7.277, -4.95, -1.938, 1.137, 3.729, 5.37, 5.688, 4.59, 2.162, -1.292, -5.332, -9.61, -13.64, -16.66, -16.97, -12.32, -2.09, 11.336, 23.6, 30.95, 31.89, 27.38, 19.7, 10.586, 1.114, -7.26, -12.32, -13.19, -11.08
-8.44, -7.273, -6.223, -4.094, -0.3245, 4.293, 8.0, 9.555, 8.4, 4.812, -0.1454, -4.81, -7.51, -7.312, -4.97, -2.582, -2.05, -3.783, -6.723, -9.35, -10.33, -9.055, -5.85, -1.302, 3.906, 8.59, 11.1, 10.086, 5.074, -3.16, -12.58, -20.31, -23.81, -22.53, -18.88, -16.53, -17.3, -19.27, -18.48, -12.555, -1.935, 11.086, 23.3, 32.06, 36.0, 35.12, 30.75, 24.95, 19.77, 16.61, 16.06, 17.39, 19.17, 20.23, 19.86, 18.12, 15.484, 12.61, 10.016, 7.938, 6.52, 5.65, 4.992, 4.28, 3.365, 1.996, 0.2185, -1.919, -4.086, -5.863, -6.71, -6.25, -4.562, -1.975, 0.904, 3.387, 4.973, 5.17, 3.863, 1.144, -2.607, -6.887, -11.195, -14.734, -16.62, -15.586, -9.92, 0.9214, 14.54, 26.53, 33.03, 33.0, 27.88, 20.31, 12.055, 3.676, -4.26, -9.65, -11.29, -10.125
-8.21, -7.59, -6.543, -3.664, 1.314, 7.04, 11.4, 13.016, 11.44, 6.992, 0.67, -5.895, -10.41, -11.13, -8.23, -4.082, -1.52, -1.982, -4.816, -8.24, -10.164, -9.18, -5.316, 0.53, 7.1, 12.75, 15.62, 14.24, 8.32, -1.214, -12.24, -21.67, -26.28, -25.16, -20.58, -16.83, -16.38, -17.55, -16.53, -10.484, 0.2021, 12.984, 24.69, 32.6, 35.66, 33.88, 28.94, 22.72, 17.4, 14.195, 13.59, 14.85, 17.0, 18.81, 19.45, 18.72, 16.78, 14.21, 11.54, 9.21, 7.47, 6.25, 5.406, 4.62, 3.836, 2.771, 1.401, -0.282, -2.098, -3.791, -4.832, -4.902, -3.895, -1.963, 0.3506, 2.43, 3.717, 3.75, 2.527, 0.1351, -3.18, -7.312, -11.836, -15.52, -16.92, -14.65, -7.81, 3.62, 17.25, 28.66, 34.34, 33.38, 27.64, 20.27, 12.97, 5.8, -1.369, -6.902, -9.31, -9.12
-7.836, -7.555, -6.32, -2.605, 3.61, 10.375, 15.3, 16.92, 14.984, 9.91, 2.463, -5.8, -12.41, -14.695, -11.88, -6.266, -1.431, 0.0361, -2.068, -5.98, -8.91, -8.484, -4.234, 2.713, 10.45, 16.78, 19.73, 17.98, 11.55, 1.492, -10.33, -21.02, -26.88, -26.34, -21.48, -16.77, -15.24, -15.8, -14.57, -8.67, 1.784, 14.23, 25.36, 32.6, 34.94, 32.7, 27.4, 21.05, 15.62, 12.34, 11.5, 12.49, 14.55, 16.64, 18.03, 18.2, 17.27, 15.414, 13.055, 10.695, 8.72, 7.17, 5.953, 4.934, 4.004, 2.998, 1.84, 0.5205, -0.9185, -2.29, -3.275, -3.586, -3.068, -1.798, -0.1814, 1.258, 2.098, 2.145, 1.569, 0.4443, -1.606, -5.234, -10.195, -14.836, -16.7, -13.97, -6.227, 5.676, 19.19, 30.0, 34.84, 33.0, 26.8, 19.52, 13.16, 7.445, 1.345, -4.164, -7.336, -8.06
-7.33, -7.02, -5.37, -0.82, 6.42, 13.875, 18.97, 20.38, 17.98, 12.43, 4.453, -4.848, -13.27, -17.44, -15.48, -9.016, -2.152, 1.558, 0.8203, -3.05, -6.797, -7.02, -2.615, 5.1, 13.625, 20.25, 22.92, 20.8, 14.305, 4.613, -7.01, -18.11, -25.03, -25.56, -21.16, -16.12, -13.79, -13.79, -12.56, -7.09, 2.838, 14.71, 25.23, 31.94, 33.9, 31.4, 25.95, 19.58, 14.13, 10.734, 9.68, 10.27, 11.86, 13.8, 15.52, 16.48, 16.58, 15.71, 14.15, 12.22, 10.3, 8.5, 6.887, 5.48, 4.215, 3.03, 1.82, 0.6016, -0.6597, -1.841, -2.686, -2.95, -2.533, -1.524, -0.3623, 0.5815, 1.148, 1.543, 2.025, 2.383, 1.518, -1.622, -7.06, -12.77, -15.664, -13.27, -5.17, 7.062, 20.39, 30.56, 34.72, 32.25, 25.58, 18.3, 12.695, 8.33, 3.484, -1.706, -5.547, -7.117
-6.79, -6.19, -3.824, 1.471, 9.22, 16.88, 21.77, 22.56, 19.62, 13.83, 6.062, -3.332, -12.77, -18.73, -18.25, -11.96, -3.77, 1.898, 2.709, -0.5747, -4.477, -5.06, -0.6436, 7.42, 16.22, 22.67, 24.83, 22.22, 15.85, 7.16, -3.04, -13.445, -20.94, -22.72, -19.47, -14.88, -12.22, -11.78, -10.62, -5.75, 3.29, 14.305, 24.2, 30.55, 32.25, 29.7, 24.17, 17.73, 12.39, 9.09, 7.926, 8.11, 9.11, 10.59, 12.234, 13.68, 14.61, 14.81, 14.32, 13.2, 11.734, 10.03, 8.3, 6.586, 4.984, 3.514, 2.086, 0.636, -0.828, -2.193, -3.148, -3.428, -2.904, -1.74, -0.456, 0.597, 1.382, 2.262, 3.385, 4.17, 3.275, -0.2198, -5.895, -11.66, -14.82, -12.73, -4.477, 7.87, 20.84, 30.53, 34.06, 31.11, 23.97, 16.6, 11.46, 8.35, 4.914, 0.294, -3.977, -6.316
-6.43, -5.277, -2.045, 3.793, 11.64, 18.98, 23.19, 23.16, 19.53, 13.78, 6.863, -1.493, -10.76, -17.95, -19.39, -14.44, -6.277, 0.4343, 2.57, 0.3076, -3.05, -3.395, 1.116, 9.234, 17.75, 23.73, 25.19, 22.0, 15.86, 8.56, 0.524, -8.09, -15.28, -18.31, -16.81, -13.45, -11.1, -10.36, -9.09, -4.74, 3.385, 13.32, 22.44, 28.25, 29.84, 27.19, 21.58, 15.17, 10.02, 7.113, 6.027, 5.992, 6.535, 7.47, 8.79, 10.29, 11.68, 12.664, 13.13, 12.98, 12.24, 11.03, 9.555, 7.902, 6.215, 4.63, 2.996, 1.245, -0.6074, -2.49, -4.027, -4.746, -4.383, -3.002, -1.191, 0.4937, 1.845, 2.986, 3.71, 3.203, 0.405, -4.605, -10.19, -14.52, -15.9, -12.79, -4.23, 8.05, 20.64, 29.72, 32.72, 29.23, 21.77, 14.14, 9.41, 7.383, 5.312, 1.649, -2.686, -5.695
-6.04, -4.453, -0.49, 5.605, 12.945, 19.33, 22.5, 21.58, 17.44, 12.07, 6.555, 0.1954, -7.61, -14.914, -18.05, -15.305, -8.695, -2.465, 0.209, -0.8765, -2.94, -2.398, 2.314, 10.02, 17.84, 22.88, 23.33, 19.7, 13.89, 8.125, 2.602, -3.482, -9.445, -13.125, -13.555, -11.97, -10.44, -9.63, -8.13, -4.035, 3.092, 11.83, 19.83, 25.03, 26.17, 23.31, 17.69, 11.61, 7.094, 4.67, 3.896, 3.834, 4.086, 4.613, 5.473, 6.69, 8.06, 9.39, 10.445, 11.03, 11.055, 10.56, 9.625, 8.45, 7.105, 5.707, 4.133, 2.324, 0.2522, -2.05, -4.254, -5.734, -6.016, -4.934, -2.951, -0.7983, 0.949, 1.856, 1.325, -1.495, -7.03, -13.805, -19.11, -21.08, -19.23, -13.664, -4.273, 7.812, 19.6, 27.7, 29.84, 25.75, 18.03, 10.79, 6.715, 5.555, 4.723, 2.18, -1.725, -5.04
-5.12, -3.504, 0.553, 6.195, 12.3, 17.03, 18.67, 16.89, 12.83, 8.44, 4.75, 0.9165, -4.305, -10.24, -14.01, -13.53, -9.55, -5.082, -2.684, -2.762, -3.365, -1.859, 2.752, 9.336, 15.54, 18.94, 18.34, 14.61, 9.72, 5.688, 2.625, -0.706, -4.72, -8.03, -9.586, -9.68, -9.26, -8.69, -7.137, -3.496, 2.426, 9.56, 15.96, 19.86, 20.17, 17.05, 11.96, 6.96, 3.535, 1.941, 1.545, 1.603, 1.765, 2.01, 2.465, 3.23, 4.234, 5.36, 6.45, 7.3, 7.79, 7.906, 7.613, 7.06, 6.29, 5.355, 4.195, 2.75, 0.9614, -1.209, -3.535, -5.477, -6.434, -6.074, -4.594, -2.717, -1.194, -0.8057, -2.406, -6.74, -13.69, -21.14, -25.94, -25.89, -21.58, -14.1, -4.176, 7.05, 17.22, 23.53, 24.16, 19.6, 12.54, 6.496, 3.506, 3.08, 3.162, 1.812, -1.073, -4.027
-3.643, -2.422, 0.502, 4.41, 8.195, 10.64, 10.92, 9.06, 6.1, 3.428, 1.654, 0.07495, -2.408, -5.785, -8.52, -9.125, -7.582, -5.32, -3.807, -3.432, -3.104, -1.48, 1.812, 6.035, 9.586, 11.04, 9.93, 7.047, 3.955, 1.85, 0.662, -0.4836, -2.305, -4.285, -5.758, -6.51, -6.754, -6.594, -5.434, -2.877, 1.088, 5.68, 9.55, 11.54, 11.03, 8.414, 4.965, 1.911, 0.01544, -0.7397, -0.8506, -0.7637, -0.6284, -0.4792, -0.2559, 0.1027, 0.6025, 1.22, 1.92, 2.568, 3.104, 3.367, 3.408, 3.316, 3.064, 2.686, 2.09, 1.267, 0.203, -1.162, -2.73, -4.23, -5.26, -5.42, -4.715, -3.615, -2.748, -2.809, -4.383, -7.992, -13.5, -19.3, -22.78, -22.27, -18.02, -11.305, -3.18, 5.098, 11.78, 15.22, 14.5, 10.53, 5.684, 2.045, 0.4712, 0.5244, 0.887, 0.4246, -1.068, -2.91
-2.604, -2.182, -1.2, 0.0553, 1.206, 1.826, 1.646, 0.837, -0.2382, -1.073, -1.495, -1.77, -2.426, -3.426, -4.312, -4.617, -4.336, -3.695, -3.176, -2.938, -2.67, -2.09, -1.088, 0.12256, 1.133, 1.395, 0.8525, -0.2122, -1.171, -1.731, -1.902, -2.041, -2.467, -3.084, -3.652, -4.055, -4.27, -4.215, -3.748, -2.863, -1.525, -0.0942, 1.003, 1.395, 0.9883, -0.06244, -1.156, -2.03, -2.568, -2.826, -2.91, -2.865, -2.715, -2.54, -2.398, -2.322, -2.277, -2.117, -1.885, -1.642, -1.373, -1.29, -1.259, -1.165, -1.109, -1.165, -1.385, -1.719, -2.037, -2.451, -2.926, -3.418, -3.82, -3.926, -3.734, -3.408, -3.178, -3.32, -3.975, -5.254, -7.184, -9.16, -10.35, -9.945, -8.13, -5.32, -2.121, 0.7935, 2.873, 3.697, 3.084, 1.515, -0.1126, -1.26, -1.705, -1.625, -1.437, -1.477, -1.906, -2.465
