-7.254, -7.703, -8.016, -8.34, -8.64, -8.92, -9.15, -9.31, -9.375, -9.22, -8.76, -8.07, -7.44, -7.13, -7.12, -7.297, -7.637, -8.0, -8.28, -8.46, -8.49, -8.39, -8.26, -8.1, -7.984, -8.04, -8.305, -8.63, -8.83, -8.63, -8.06, -7.297, -6.79, -6.574, -6.555, -6.66, -6.805, -6.992, -7.234, -7.46, -7.758, -8.07, -8.37, -8.73, -9.18, -9.625, -9.93, -10.055, -9.82, -9.23, -8.56, -8.21, -8.33, -9.016, -10.13, -11.29, -12.336, -12.945, -13.05, -12.53, -11.48, -10.19, -9.016, -8.24, -7.81, -7.57, -7.47, -7.4, -7.527, -7.773, -8.04, -8.37, -8.59, -8.77, -8.91, -9.016, -9.14, -9.266, -9.414, -9.555, -9.66, -9.695, -9.66, -9.58, -9.48, -9.34, -9.21, -9.13, -9.09, -9.01, -8.86, -8.63, -8.31, -7.96, -7.62, -7.26, -6.793, -6.375, -6.316, -6.69
-2.729, -4.06, -5.113, -6.24, -7.367, -8.33, -9.02, -9.55, -9.81, -9.44, -8.04, -5.86, -3.695, -2.35, -2.117, -2.723, -3.822, -5.05, -6.15, -6.785, -6.918, -6.594, -6.06, -5.473, -5.152, -5.383, -6.305, -7.59, -8.4, -7.85, -5.855, -3.334, -1.442, -0.5884, -0.4446, -0.658, -1.127, -1.892, -2.846, -3.85, -4.938, -6.125, -7.35, -8.664, -10.06, -11.37, -12.266, -12.39, -11.45, -9.51, -7.355, -6.16, -6.6, -8.72, -11.8, -15.04, -17.78, -19.52, -19.92, -18.78, -16.03, -12.22, -8.336, -5.297, -3.393, -2.348, -1.822, -1.729, -2.244, -3.107, -4.164, -5.11, -5.867, -6.383, -6.75, -7.05, -7.375, -7.727, -8.12, -8.43, -8.56, -8.5, -8.24, -7.855, -7.38, -6.914, -6.543, -6.34, -6.27, -6.17, -5.855, -5.152, -4.23, -3.371, -2.625, -1.7705, -0.6655, 0.2822, 0.269, -1.002
2.66, 0.4026, -1.759, -4.062, -6.137, -7.684, -8.74, -9.555, -10.16, -9.875, -7.848, -4.105, 0.09845, 3.082, 3.992, 3.21, 1.25, -1.204, -3.504, -5.043, -5.56, -5.105, -4.062, -2.918, -2.195, -2.473, -4.02, -6.39, -8.07, -7.418, -4.023, 0.6616, 4.555, 6.613, 7.258, 7.09, 6.18, 4.57, 2.463, 0.1083, -2.295, -4.707, -7.11, -9.516, -11.766, -13.63, -14.71, -14.39, -12.26, -8.625, -4.92, -3.041, -4.027, -7.44, -12.086, -16.8, -20.77, -23.6, -24.84, -24.08, -20.73, -15.055, -8.34, -2.367, 1.747, 4.2, 5.41, 5.473, 4.543, 2.816, 0.781, -1.074, -2.568, -3.582, -4.25, -4.723, -5.19, -5.71, -6.27, -6.668, -6.78, -6.543, -6.02, -5.285, -4.53, -3.93, -3.62, -3.652, -3.834, -3.87, -3.365, -2.127, -0.493, 0.972, 2.096, 3.291, 4.82, 6.266, 6.504, 5.027
7.516, 4.58, 1.306, -2.088, -4.844, -6.598, -7.62, -8.55, -9.53, -9.74, -7.734, -3.03, 3.008, 7.895, 10.07, 9.586, 7.1, 3.494, -0.2085, -2.988, -4.258, -3.92, -2.447, -0.608, 0.737, 0.7236, -1.159, -4.348, -6.934, -6.617, -2.502, 3.951, 9.86, 13.48, 14.95, 14.9, 13.51, 10.9, 7.375, 3.484, -0.441, -4.184, -7.676, -10.88, -13.59, -15.484, -16.02, -14.695, -11.14, -6.08, -1.491, 0.3376, -1.503, -6.055, -11.56, -16.86, -21.22, -24.39, -26.17, -26.16, -23.38, -17.34, -9.02, -0.4126, 6.305, 10.53, 12.664, 12.88, 11.664, 9.18, 6.22, 3.332, 0.931, -0.774, -1.83, -2.463, -2.965, -3.494, -4.0, -4.35, -4.348, -3.975, -3.281, -2.424, -1.722, -1.339, -1.425, -1.896, -2.451, -2.637, -1.955, -0.2137, 2.135, 4.242, 5.77, 7.07, 8.66, 10.31, 11.0, 9.93
11.19, 8.05, 4.035, -0.10095, -3.283, -5.062, -5.85, -6.67, -7.984, -8.8, -7.35, -2.434, 4.867, 11.63, 15.58, 16.03, 13.625, 9.26, 4.31, 0.1123, -2.191, -2.348, -0.7427, 1.653, 3.639, 4.074, 2.285, -1.193, -4.46, -4.832, -0.8374, 6.44, 13.875, 19.0, 21.39, 21.5, 19.6, 15.914, 11.06, 5.793, 0.592, -4.21, -8.49, -12.19, -15.02, -16.62, -16.4, -13.914, -9.13, -3.238, 1.432, 2.59, -0.10767, -5.22, -11.02, -16.39, -20.77, -23.8, -25.56, -25.88, -23.88, -18.62, -9.94, 0.2471, 9.3, 15.63, 19.12, 20.02, 18.8, 15.91, 12.15, 8.24, 4.85, 2.281, 0.6357, -0.2402, -0.7, -1.087, -1.415, -1.623, -1.501, -1.066, -0.411, 0.2231, 0.576, 0.4958, -0.099, -1.038, -1.913, -2.227, -1.479, 0.5522, 3.395, 6.023, 7.92, 9.25, 10.68, 12.3, 13.414, 13.086
13.305, 10.54, 6.32, 1.779, -1.678, -3.426, -3.992, -4.637, -6.043, -7.4, -6.66, -2.156, 5.6, 13.875, 19.75, 21.77, 20.1, 15.65, 9.78, 4.36, 0.8633, -0.08527, 1.228, 3.773, 6.14, 7.004, 5.65, 2.486, -0.8833, -1.929, 1.255, 8.23, 16.23, 22.31, 25.52, 25.69, 23.22, 18.69, 12.85, 6.613, 0.589, -4.855, -9.58, -13.49, -16.33, -17.66, -16.92, -13.56, -8.09, -1.954, 2.34, 2.959, 0.03168, -4.902, -10.48, -15.81, -20.14, -23.1, -24.58, -24.86, -23.34, -18.97, -10.91, -0.4385, 10.234, 18.66, 23.9, 26.02, 25.38, 22.47, 18.31, 13.6, 9.25, 5.777, 3.418, 2.127, 1.602, 1.405, 1.325, 1.315, 1.496, 1.847, 2.246, 2.441, 2.295, 1.648, 0.5674, -0.7324, -1.858, -2.338, -1.717, 0.2365, 3.096, 5.92, 8.04, 9.45, 10.76, 12.23, 13.695, 14.266
13.85, 11.93, 7.94, 3.338, -0.2827, -2.078, -2.504, -2.87, -4.08, -5.66, -5.67, -2.088, 5.324, 14.414, 21.92, 25.8, 25.38, 21.42, 15.34, 9.11, 4.484, 2.479, 3.074, 5.266, 7.598, 8.734, 8.07, 5.77, 2.988, 1.651, 3.695, 9.445, 16.83, 23.1, 26.53, 26.61, 23.81, 18.75, 12.46, 5.81, -0.503, -6.105, -10.95, -14.875, -17.69, -18.95, -18.0, -14.47, -8.92, -2.979, 1.1, 1.826, -0.5137, -4.727, -9.88, -15.125, -19.55, -22.5, -23.86, -23.9, -22.5, -18.94, -12.14, -2.291, 8.93, 18.95, 26.17, 29.92, 30.42, 28.08, 23.84, 18.86, 13.87, 9.6, 6.582, 4.766, 4.01, 3.877, 4.0, 4.152, 4.363, 4.508, 4.535, 4.2, 3.49, 2.322, 0.84, -0.7427, -2.094, -2.79, -2.434, -0.84, 1.686, 4.35, 6.523, 7.96, 9.16, 10.53, 12.195, 13.625
13.13, 12.195, 8.83, 4.402, 0.7627, -1.107, -1.46, -1.501, -2.246, -3.684, -4.234, -1.857, 4.406, 13.266, 21.73, 27.1, 28.22, 25.33, 19.69, 13.24, 7.86, 4.86, 4.44, 5.84, 7.72, 8.914, 8.91, 7.74, 6.082, 5.082, 6.27, 10.336, 16.22, 21.64, 24.73, 24.62, 21.7, 16.66, 10.39, 3.846, -2.346, -7.867, -12.586, -16.47, -19.22, -20.48, -19.6, -16.38, -11.16, -5.42, -1.269, 0.1714, -1.119, -4.543, -9.32, -14.5, -19.02, -22.1, -23.52, -23.39, -21.92, -18.88, -13.38, -4.918, 5.656, 16.4, 25.2, 30.7, 32.75, 31.6, 28.08, 23.3, 18.23, 13.586, 9.96, 7.605, 6.516, 6.297, 6.508, 6.707, 6.824, 6.727, 6.3, 5.477, 4.273, 2.69, 0.8745, -0.961, -2.508, -3.385, -3.27, -2.027, 0.1337, 2.588, 4.652, 6.043, 7.04, 8.15, 9.84, 11.88
11.766, 11.66, 8.945, 4.94, 1.417, -0.5215, -0.8687, -0.5874, -0.7173, -1.603, -2.354, -1.114, 3.51, 11.06, 19.34, 25.55, 28.02, 26.55, 21.95, 15.984, 10.44, 6.74, 5.324, 5.707, 6.844, 7.73, 8.03, 7.84, 7.492, 7.453, 8.48, 11.26, 15.34, 19.3, 21.61, 21.23, 18.39, 13.555, 7.664, 1.465, -4.465, -9.805, -14.375, -18.14, -20.83, -21.98, -21.3, -18.27, -13.4, -7.773, -3.174, -0.882, -1.323, -4.266, -8.89, -13.984, -18.5, -21.67, -23.27, -23.22, -21.78, -19.08, -14.55, -7.67, 1.516, 11.83, 21.28, 28.23, 32.03, 32.5, 30.31, 26.47, 21.9, 17.3, 13.36, 10.62, 9.11, 8.6, 8.67, 8.85, 8.836, 8.445, 7.63, 6.387, 4.8, 2.873, 0.795, -1.271, -2.998, -4.0, -3.967, -2.799, -0.7573, 1.623, 3.629, 4.887, 5.53, 6.22, 7.63, 9.87
10.195, 10.59, 8.516, 5.0, 1.708, -0.269, -0.7324, -0.2734, 0.2191, 0.1514, -0.2646, 0.2443, 3.145, 8.8, 15.805, 21.9, 25.23, 25.06, 21.89, 16.94, 11.82, 7.902, 5.81, 5.242, 5.496, 5.777, 5.938, 6.156, 6.79, 7.91, 9.586, 11.95, 14.836, 17.47, 18.89, 18.22, 15.41, 10.85, 5.21, -0.7803, -6.53, -11.76, -16.23, -19.84, -22.33, -23.34, -22.39, -19.25, -14.34, -8.56, -3.588, -0.838, -1.006, -3.932, -8.58, -13.6, -18.0, -21.27, -23.1, -23.36, -22.12, -19.5, -15.625, -10.08, -2.568, 6.43, 15.61, 23.39, 28.6, 30.83, 30.42, 28.05, 24.48, 20.44, 16.6, 13.57, 11.66, 10.79, 10.54, 10.516, 10.32, 9.695, 8.59, 7.062, 5.16, 2.965, 0.633, -1.624, -3.482, -4.535, -4.402, -3.01, -0.7227, 1.819, 3.838, 4.89, 5.1, 5.17, 6.066, 8.1
8.72, 9.305, 7.7, 4.688, 1.684, -0.3142, -0.98, -0.534, 0.4087, 1.19, 1.529, 2.002, 3.688, 7.38, 12.56, 17.73, 21.11, 21.94, 20.05, 16.33, 12.04, 8.34, 5.965, 4.74, 4.13, 3.664, 3.285, 3.396, 4.395, 6.375, 8.98, 11.78, 14.42, 16.5, 17.31, 16.34, 13.47, 8.99, 3.39, -2.586, -8.38, -13.63, -18.08, -21.48, -23.67, -24.11, -22.55, -18.89, -13.53, -7.547, -2.484, 0.1218, -0.4487, -3.727, -8.42, -13.21, -17.47, -20.75, -22.92, -23.64, -22.73, -20.38, -16.75, -11.98, -5.832, 1.673, 9.805, 17.56, 23.72, 27.53, 29.0, 28.28, 26.11, 22.95, 19.42, 16.34, 14.11, 12.8, 12.195, 11.84, 11.375, 10.53, 9.234, 7.477, 5.36, 2.959, 0.4043, -2.047, -4.004, -5.016, -4.64, -2.824, -0.0659, 2.812, 4.895, 5.68, 5.387, 4.85, 5.15, 6.754
7.332, 7.926, 6.67, 4.12, 1.4375, -0.5703, -1.481, -1.232, -0.0985, 1.336, 2.584, 3.578, 4.824, 7.16, 10.57, 14.32, 17.16, 18.25, 17.25, 14.65, 11.29, 8.15, 5.785, 4.152, 2.904, 1.748, 0.755, 0.3882, 1.16, 3.334, 6.562, 10.11, 13.26, 15.45, 16.25, 15.29, 12.42, 7.84, 2.191, -3.99, -9.99, -15.41, -19.83, -23.12, -24.78, -24.47, -21.95, -17.36, -11.36, -5.2, -0.545, 1.272, -0.09265, -3.783, -8.38, -12.836, -16.83, -20.2, -22.7, -23.97, -23.56, -21.42, -18.02, -13.586, -8.234, -1.91, 5.16, 12.39, 18.86, 23.69, 26.75, 27.73, 26.94, 24.73, 21.83, 18.83, 16.39, 14.68, 13.64, 12.91, 12.13, 11.07, 9.625, 7.734, 5.492, 2.912, 0.1685, -2.502, -4.574, -5.5, -4.82, -2.51, 0.763, 3.965, 6.07, 6.566, 5.83, 4.81, 4.59, 5.695
6.023, 6.543, 5.562, 3.426, 1.013, -0.98, -2.104, -2.105, -1.046, 0.7266, 2.664, 4.406, 5.92, 7.625, 9.836, 12.25, 14.21, 15.04, 14.42, 12.55, 10.01, 7.5, 5.344, 3.53, 1.833, 0.1367, -1.351, -2.201, -1.932, -0.1232, 3.076, 6.957, 10.68, 13.47, 14.75, 14.12, 11.445, 6.965, 1.209, -5.12, -11.31, -16.9, -21.45, -24.48, -25.66, -24.39, -20.8, -15.14, -8.63, -2.611, 1.246, 2.008, -0.0931, -3.959, -8.25, -12.26, -16.02, -19.48, -22.4, -24.23, -24.4, -22.75, -19.5, -15.17, -10.03, -4.26, 2.035, 8.62, 14.94, 20.45, 24.53, 26.8, 27.28, 26.08, 23.77, 21.0, 18.44, 16.36, 14.9, 13.72, 12.66, 11.42, 9.89, 7.93, 5.633, 2.908, -0.0738, -2.94, -5.14, -5.996, -5.004, -2.207, 1.496, 4.926, 6.953, 7.17, 6.06, 4.664, 4.06, 4.734
4.848, 5.31, 4.52, 2.697, 0.4849, -1.464, -2.695, -2.936, -2.1, -0.322, 1.932, 4.24, 6.258, 8.0, 9.63, 11.086, 12.16, 12.49, 11.89, 10.51, 8.625, 6.66, 4.77, 2.861, 0.842, -1.169, -2.908, -4.027, -4.18, -2.996, -0.3835, 3.191, 7.035, 10.336, 12.25, 12.24, 10.086, 5.97, 0.3604, -6.047, -12.484, -18.28, -22.9, -25.75, -26.23, -24.1, -19.4, -12.93, -6.094, -0.5103, 2.426, 2.26, -0.3052, -4.008, -7.867, -11.49, -15.07, -18.67, -21.94, -24.38, -25.2, -24.16, -21.25, -16.98, -11.805, -6.062, -0.01578, 6.164, 12.35, 18.06, 22.75, 25.94, 27.39, 27.06, 25.36, 22.88, 20.25, 17.92, 15.96, 14.38, 13.0, 11.625, 10.07, 8.125, 5.797, 2.938, -0.29, -3.404, -5.71, -6.465, -5.17, -1.981, 2.111, 5.69, 7.586, 7.523, 6.082, 4.39, 3.482, 3.836
3.86, 4.242, 3.596, 1.966, -0.11487, -1.994, -3.21, -3.557, -2.93, -1.36, 0.8423, 3.338, 5.73, 7.715, 9.23, 10.21, 10.69, 10.55, 9.85, 8.75, 7.375, 5.84, 4.11, 2.104, -0.08624, -2.176, -3.842, -4.902, -5.246, -4.676, -2.97, -0.1919, 3.24, 6.61, 9.016, 9.7, 8.27, 4.727, -0.579, -6.95, -13.56, -19.58, -24.23, -26.73, -26.61, -23.55, -18.0, -10.93, -4.027, 0.9263, 3.023, 2.242, -0.4375, -3.822, -7.203, -10.5, -14.0, -17.69, -21.34, -24.28, -25.81, -25.45, -23.11, -19.1, -13.79, -7.883, -1.71, 4.51, 10.695, 16.47, 21.48, 25.3, 27.45, 27.84, 26.66, 24.53, 21.86, 19.2, 16.81, 14.86, 13.21, 11.695, 10.164, 8.29, 5.9, 2.91, -0.5474, -3.906, -6.29, -6.89, -5.24, -1.633, 2.771, 6.43, 8.164, 7.754, 5.984, 4.043, 2.934, 3.064
3.11, 3.43, 2.807, 1.279, -0.6997, -2.475, -3.576, -3.848, -3.346, -2.104, -0.2112, 2.139, 4.63, 6.84, 8.47, 9.36, 9.53, 9.1, 8.34, 7.38, 6.33, 5.043, 3.371, 1.33, -0.9277, -2.908, -4.24, -4.984, -5.285, -5.13, -4.3, -2.531, 0.09656, 3.11, 5.72, 6.973, 6.246, 3.303, -1.582, -7.863, -14.52, -20.69, -25.33, -27.5, -26.69, -22.8, -16.47, -9.04, -2.373, 1.968, 3.406, 2.268, -0.3376, -3.377, -6.332, -9.39, -12.81, -16.66, -20.6, -24.02, -26.14, -26.58, -24.94, -21.33, -16.19, -10.055, -3.576, 2.969, 9.32, 15.305, 20.62, 24.81, 27.5, 28.44, 27.7, 25.81, 23.11, 20.25, 17.47, 15.1, 13.22, 11.625, 10.13, 8.336, 5.926, 2.781, -0.8965, -4.44, -6.875, -7.25, -5.125, -1.049, 3.64, 7.336, 8.805, 7.98, 5.82, 3.648, 2.434, 2.447
2.566, 2.828, 2.166, 0.655, -1.232, -2.83, -3.693, -3.783, -3.314, -2.379, -0.925, 1.056, 3.412, 5.723, 7.535, 8.484, 8.62, 8.11, 7.324, 6.47, 5.55, 4.33, 2.625, 0.534, -1.64, -3.312, -4.21, -4.562, -4.695, -4.805, -4.66, -3.834, -2.06, 0.3884, 2.85, 4.375, 4.203, 1.843, -2.623, -8.695, -15.44, -21.69, -26.22, -27.97, -26.42, -21.69, -14.75, -7.125, -0.786, 2.969, 3.834, 2.459, -1.9e-6, -2.678, -5.273, -8.09, -11.46, -15.44, -19.64, -23.48, -26.25, -27.4, -26.56, -23.64, -18.83, -12.734, -5.92, 1.027, 7.766, 14.09, 19.69, 24.27, 27.39, 28.73, 28.42, 26.78, 24.12, 21.03, 17.92, 15.19, 13.03, 11.39, 10.01, 8.305, 5.902, 2.613, -1.292, -5.016, -7.363, -7.418, -4.812, -0.2166, 4.805, 8.44, 9.53, 8.23, 5.656, 3.26, 1.976, 1.958
2.227, 2.43, 1.681, 0.11676, -1.67, -3.014, -3.55, -3.39, -2.912, -2.256, -1.279, 0.2467, 2.338, 4.625, 6.59, 7.76, 7.996, 7.555, 6.754, 5.93, 4.95, 3.658, 1.872, -0.2318, -2.203, -3.473, -3.871, -3.83, -3.84, -4.188, -4.59, -4.508, -3.494, -1.622, 0.54, 2.16, 2.33, 0.4124, -3.691, -9.53, -16.25, -22.47, -26.86, -28.12, -25.86, -20.27, -12.78, -5.137, 0.844, 4.016, 4.383, 2.842, 0.543, -1.817, -4.12, -6.727, -10.01, -14.016, -18.42, -22.73, -26.08, -27.97, -27.92, -25.77, -21.6, -15.75, -8.88, -1.596, 5.61, 12.4, 18.45, 23.42, 26.92, 28.77, 28.89, 27.4, 24.83, 21.58, 18.14, 15.11, 12.79, 11.14, 9.805, 8.195, 5.766, 2.338, -1.733, -5.543, -7.766, -7.426, -4.254, 0.898, 6.203, 9.695, 10.32, 8.49, 5.484, 2.865, 1.567, 1.604
2.006, 2.191, 1.346, -0.2693, -1.946, -2.979, -3.135, -2.719, -2.252, -1.906, -1.411, -0.3774, 1.391, 3.615, 5.734, 7.16, 7.61, 7.26, 6.47, 5.555, 4.44, 2.986, 1.112, -0.9365, -2.625, -3.422, -3.34, -2.975, -2.957, -3.562, -4.45, -4.992, -4.605, -3.256, -1.382, 0.2175, 0.578, -1.02, -4.805, -10.42, -16.97, -23.12, -27.23, -27.97, -24.9, -18.61, -10.63, -2.998, 2.516, 5.094, 5.016, 3.332, 1.195, -0.8403, -2.848, -5.234, -8.375, -12.39, -17.0, -21.62, -25.55, -28.2, -28.92, -27.66, -24.25, -18.88, -12.234, -4.832, 2.76, 10.04, 16.53, 22.02, 26.02, 28.38, 28.86, 27.7, 25.27, 21.88, 18.23, 14.94, 12.45, 10.8, 9.56, 8.01, 5.562, 2.025, -2.203, -6.05, -8.1, -7.312, -3.543, 2.14, 7.68, 11.01, 11.164, 8.734, 5.32, 2.47, 1.169, 1.313
1.841, 2.057, 1.142, -0.503, -2.014, -2.682, -2.43, -1.798, -1.383, -1.406, -1.444, -0.913, 0.508, 2.648, 4.91, 6.617, 7.344, 7.15, 6.38, 5.31, 3.963, 2.285, 0.3147, -1.61, -2.918, -3.191, -2.627, -2.0, -2.057, -3.002, -4.418, -5.504, -5.64, -4.758, -3.168, -1.644, -1.179, -2.504, -5.957, -11.336, -17.72, -23.72, -27.48, -27.64, -23.78, -16.72, -8.445, -0.9443, 4.09, 6.066, 5.582, 3.809, 1.84, 0.10657, -1.561, -3.691, -6.676, -10.625, -15.34, -20.22, -24.67, -27.97, -29.61, -29.19, -26.61, -21.97, -15.83, -8.51, -0.7837, 6.87, 13.945, 19.92, 24.45, 27.36, 28.33, 27.56, 25.25, 21.92, 18.12, 14.664, 12.06, 10.42, 9.23, 7.695, 5.184, 1.509, -2.81, -6.613, -8.41, -7.12, -2.71, 3.49, 9.23, 12.37, 12.03, 9.05, 5.17, 2.09, 0.759, 1.019
1.6455, 1.951, 1.037, -0.5664, -1.862, -2.137, -1.476, -0.651, -0.3672, -0.776, -1.3545, -1.329, -0.2632, 1.764, 4.15, 6.105, 7.1, 7.098, 6.344, 5.12, 3.512, 1.579, -0.475, -2.201, -3.072, -2.78, -1.757, -0.9307, -1.109, -2.432, -4.332, -5.953, -6.66, -6.234, -4.95, -3.586, -3.072, -4.16, -7.273, -12.36, -18.52, -24.22, -27.56, -27.11, -22.48, -14.84, -6.285, 0.941, 5.395, 6.793, 6.004, 4.258, 2.504, 1.113, -0.2213, -2.076, -4.87, -8.72, -13.44, -18.55, -23.42, -27.38, -29.8, -30.27, -28.67, -24.89, -19.33, -12.39, -4.695, 3.133, 10.61, 17.16, 22.25, 25.69, 27.25, 26.89, 24.89, 21.69, 17.83, 14.28, 11.64, 9.99, 8.79, 7.24, 4.617, 0.818, -3.549, -7.195, -8.7, -6.91, -1.899, 4.785, 10.66, 13.586, 12.84, 9.38, 5.06, 1.678, 0.2727, 0.6597
1.403, 1.86, 1.004, -0.504, -1.512, -1.351, -0.3118, 0.6787, 0.8066, 0.001318, -1.104, -1.578, -0.8853, 0.957, 3.361, 5.527, 6.812, 7.016, 6.29, 4.89, 3.016, 0.8613, -1.224, -2.701, -3.105, -2.26, -0.7817, 0.2324, -0.0712, -1.716, -4.07, -6.242, -7.52, -7.605, -6.75, -5.613, -5.09, -5.98, -8.79, -13.51, -19.33, -24.67, -27.56, -26.45, -21.1, -12.95, -4.32, 2.576, 6.42, 7.293, 6.277, 4.65, 3.203, 2.16, 1.145, -0.4663, -3.059, -6.71, -11.38, -16.62, -21.8, -26.33, -29.5, -30.89, -30.17, -27.28, -22.6, -16.22, -8.8, -0.9355, 6.816, 13.82, 19.45, 23.45, 25.64, 25.81, 24.16, 21.05, 17.28, 13.75, 11.15, 9.5, 8.25, 6.62, 3.889, -0.02751, -4.4, -7.89, -9.02, -6.723, -1.133, 5.95, 11.92, 14.664, 13.52, 9.61, 4.867, 1.184, -0.3171, 0.1996
1.047, 1.729, 1.003, -0.3398, -1.039, -0.4485, 0.9756, 2.146, 2.16, 0.9927, -0.597, -1.584, -1.336, 0.2188, 2.56, 4.863, 6.39, 6.797, 6.1, 4.574, 2.492, 0.1664, -1.922, -3.13, -3.043, -1.661, 0.2322, 1.415, 1.057, -0.8037, -3.523, -6.17, -8.04, -8.72, -8.41, -7.645, -7.242, -7.977, -10.484, -14.805, -20.23, -25.1, -27.36, -25.48, -19.48, -10.92, -2.352, 4.035, 7.234, 7.652, 6.51, 5.074, 3.982, 3.26, 2.51, 1.137, -1.242, -4.707, -9.24, -14.49, -19.88, -24.86, -28.7, -30.88, -31.14, -29.28, -25.36, -19.72, -12.766, -5.08, 2.76, 10.09, 16.2, 20.86, 23.58, 24.28, 23.05, 20.23, 16.62, 13.19, 10.6, 8.91, 7.562, 5.76, 2.865, -1.129, -5.438, -8.66, -9.36, -6.49, -0.3801, 7.01, 13.03, 15.484, 13.97, 9.664, 4.504, 0.5376, -1.068, -0.421
0.503, 1.501, 1.029, -0.09045, -0.4792, 0.514, 2.297, 3.654, 3.627, 2.195, 0.2034, -1.29, -1.533, -0.3901, 1.736, 4.055, 5.77, 6.363, 5.754, 4.164, 1.919, -0.526, -2.56, -3.48, -2.926, -1.064, 1.169, 2.512, 2.172, 0.1852, -2.74, -5.758, -8.15, -9.48, -9.805, -9.555, -9.41, -10.1, -12.32, -16.22, -21.17, -25.5, -27.05, -24.38, -17.72, -8.81, -0.4624, 5.37, 7.97, 7.992, 6.81, 5.61, 4.902, 4.49, 3.922, 2.703, 0.5063, -2.752, -7.074, -12.2, -17.67, -22.95, -27.44, -30.39, -31.56, -30.61, -27.6, -22.75, -16.4, -9.02, -1.254, 6.227, 12.79, 17.89, 21.22, 22.45, 21.7, 19.23, 15.86, 12.586, 10.02, 8.25, 6.68, 4.62, 1.544, -2.465, -6.617, -9.55, -9.766, -6.355, 0.2102, 7.816, 13.75, 15.97, 14.11, 9.375, 3.875, -0.324, -2.023, -1.252
-0.1718, 1.191, 1.026, 0.1929, 0.1074, 1.428, 3.523, 5.066, 5.082, 3.527, 1.252, -0.6855, -1.455, -0.811, 0.951, 3.13, 4.918, 5.664, 5.184, 3.594, 1.27, -1.226, -3.148, -3.791, -2.82, -0.572, 1.927, 3.412, 3.111, 1.13, -1.88, -5.113, -7.938, -9.93, -10.99, -11.305, -11.48, -12.25, -14.31, -17.8, -22.16, -25.8, -26.55, -23.06, -15.64, -6.574, 1.48, 6.684, 8.69, 8.42, 7.285, 6.383, 5.977, 5.79, 5.324, 4.18, 2.137, -0.924, -4.992, -9.9, -15.32, -20.8, -25.64, -29.31, -31.31, -31.34, -29.23, -25.17, -19.53, -12.64, -5.07, 2.45, 9.29, 14.83, 18.64, 20.45, 20.17, 18.14, 15.1, 11.99, 9.45, 7.496, 5.633, 3.248, -0.05463, -4.1, -8.04, -10.555, -10.26, -6.348, 0.5625, 8.305, 14.06, 15.945, 13.695, 8.625, 2.863, -1.521, -3.234, -2.266
-0.978, 0.7856, 0.943, 0.4177, 0.6157, 2.193, 4.535, 6.285, 6.418, 4.867, 2.463, 0.1903, -1.101, -1.027, 0.2542, 2.156, 3.88, 4.74, 4.4, 2.88, 0.5522, -1.905, -3.684, -4.055, -2.72, -0.1605, 2.504, 4.05, 3.807, 1.895, -1.078, -4.426, -7.555, -10.14, -11.87, -12.81, -13.43, -14.39, -16.33, -19.5, -23.28, -26.11, -25.86, -21.3, -13.22, -3.99, 3.615, 8.13, 9.56, 9.08, 8.1, 7.445, 7.258, 7.13, 6.637, 5.48, 3.521, 0.6567, -3.094, -7.688, -12.9, -18.36, -23.55, -27.77, -30.52, -31.39, -30.19, -27.03, -22.06, -15.734, -8.54, -1.098, 5.863, 11.75, 16.0, 18.36, 18.58, 17.0, 14.29, 11.39, 8.805, 6.6, 4.35, 1.586, -1.9375, -5.973, -9.65, -11.69, -10.836, -6.43, 0.745, 8.445, 13.96, 15.38, 12.69, 7.324, 1.373, -3.055, -4.69, -3.475
-1.884, 0.2646, 0.7573, 0.534, 1.009, 2.787, 5.31, 7.234, 7.535, 6.117, 3.715, 1.238, -0.5015, -1.005, -0.2874, 1.194, 2.729, 3.61, 3.377, 1.962, -0.2864, -2.617, -4.18, -4.246, -2.635, 0.1045, 2.816, 4.387, 4.21, 2.441, -0.3918, -3.754, -7.145, -10.14, -12.5, -14.08, -15.21, -16.45, -18.42, -21.23, -24.4, -26.22, -24.73, -19.0, -10.28, -1.112, 5.973, 9.77, 10.75, 10.24, 9.44, 8.95, 8.77, 8.484, 7.812, 6.54, 4.613, 1.98, -1.408, -5.625, -10.586, -15.89, -21.17, -25.83, -29.12, -30.8, -30.42, -28.11, -23.95, -18.23, -11.445, -4.297, 2.648, 8.77, 13.46, 16.28, 17.03, 15.875, 13.54, 10.8, 8.14, 5.66, 3.012, -0.1847, -3.953, -7.94, -11.29, -12.82, -11.38, -6.527, 0.8643, 8.43, 13.516, 14.4, 11.18, 5.438, -0.5977, -4.906, -6.312, -4.78
-2.836, -0.3691, 0.4397, 0.5083, 1.225, 3.164, 5.8, 7.863, 8.35, 7.16, 4.91, 2.363, 0.2812, -0.767, -0.6616, 0.3135, 1.533, 2.332, 2.156, 0.8794, -1.203, -3.338, -4.63, -4.39, -2.549, 0.2415, 2.914, 4.438, 4.31, 2.715, 0.11554, -3.135, -6.637, -10.02, -12.91, -15.1, -16.81, -18.4, -20.34, -22.92, -25.31, -26.03, -23.11, -16.2, -6.773, 2.273, 8.734, 11.83, 12.49, 11.984, 11.305, 10.79, 10.35, 9.75, 8.805, 7.38, 5.434, 3.041, 0.0096, -3.744, -8.28, -13.31, -18.62, -23.48, -27.31, -29.61, -30.02, -28.48, -25.12, -20.11, -13.914, -7.05, -0.1786, 6.055, 11.04, 14.29, 15.47, 14.78, 12.82, 10.26, 7.555, 4.766, 1.674, -1.889, -5.855, -9.81, -12.87, -13.89, -11.8, -6.453, 1.084, 8.375, 12.84, 13.055, 9.21, 3.135, -2.922, -6.984, -7.996, -6.086
-3.846, -1.084, -0.00845, 0.3015, 1.211, 3.273, 5.97, 8.09, 8.805, 7.906, 5.902, 3.445, 1.184, -0.328, -0.8535, -0.467, 0.3713, 0.999, 0.8438, -0.2886, -2.139, -4.004, -5.004, -4.504, -2.52, 0.2412, 2.775, 4.22, 4.164, 2.805, 0.4885, -2.588, -6.125, -9.805, -13.15, -15.97, -18.22, -20.16, -22.19, -24.39, -26.03, -25.36, -20.94, -12.8, -2.805, 5.992, 11.805, 14.336, 14.87, 14.35, 13.586, 12.79, 11.88, 10.78, 9.516, 7.918, 6.055, 3.883, 1.232, -2.016, -6.027, -10.76, -15.85, -20.83, -25.08, -27.9, -29.03, -28.31, -25.64, -21.4, -15.83, -9.35, -2.668, 3.604, 8.79, 12.39, 14.01, 13.79, 12.234, 9.88, 7.12, 4.05, 0.571, -3.312, -7.473, -11.41, -14.18, -14.67, -11.98, -6.137, 1.496, 8.414, 12.15, 11.5, 6.94, 0.4946, -5.453, -9.14, -9.7, -7.39
-4.832, -1.872, -0.564, -0.03088, 1.044, 3.172, 5.86, 8.02, 8.875, 8.29, 6.61, 4.348, 2.033, 0.176, -0.909, -1.114, -0.7344, -0.356, -0.527, -1.501, -3.076, -4.605, -5.29, -4.58, -2.543, 0.0912, 2.45, 3.803, 3.84, 2.734, 0.689, -2.174, -5.668, -9.516, -13.27, -16.6, -19.44, -21.78, -23.88, -25.67, -26.34, -24.3, -18.25, -8.82, 1.572, 10.0, 15.21, 17.47, 17.8, 17.22, 16.1, 14.664, 13.125, 11.52, 9.875, 8.18, 6.434, 4.516, 2.248, -0.499, -3.959, -8.23, -13.086, -18.05, -22.5, -25.83, -27.56, -27.42, -25.58, -22.02, -17.08, -11.164, -4.773, 1.404, 6.684, 10.54, 12.58, 12.85, 11.68, 9.57, 6.805, 3.5, -0.2986, -4.473, -8.84, -12.72, -15.21, -15.15, -11.83, -5.5, 2.162, 8.625, 11.484, 9.87, 4.57, -2.19, -7.996, -11.26, -11.266, -8.55
-5.664, -2.658, -1.203, -0.449, 0.7827, 2.945, 5.547, 7.668, 8.64, 8.336, 7.004, 5.008, 2.768, 0.685, -0.8286, -1.583, -1.708, -1.631, -1.856, -2.678, -3.95, -5.117, -5.46, -4.562, -2.564, -0.1113, 2.023, 3.258, 3.406, 2.555, 0.7607, -1.881, -5.31, -9.23, -13.27, -17.11, -20.39, -23.12, -25.34, -26.67, -26.23, -22.48, -14.84, -4.36, 6.168, 14.2, 18.94, 20.94, 21.14, 20.22, 18.48, 16.27, 13.99, 11.87, 9.96, 8.234, 6.656, 4.98, 3.078, 0.8013, -2.127, -5.86, -10.34, -15.16, -19.7, -23.36, -25.6, -26.12, -24.94, -22.05, -17.8, -12.46, -6.48, -0.5103, 4.742, 8.78, 11.164, 11.836, 11.08, 9.18, 6.4, 2.861, -1.23, -5.668, -10.09, -13.8, -15.9, -15.28, -11.33, -4.547, 3.182, 9.12, 11.06, 8.4, 2.363, -4.65, -10.26, -13.016, -12.53, -9.51
-6.35, -3.418, -1.876, -0.915, 0.4646, 2.639, 5.14, 7.195, 8.24, 8.15, 7.15, 5.453, 3.357, 1.175, -0.6733, -1.91, -2.518, -2.762, -3.076, -3.756, -4.74, -5.52, -5.54, -4.508, -2.572, -0.3245, 1.584, 2.713, 2.943, 2.297, 0.7344, -1.694, -4.977, -8.93, -13.19, -17.4, -21.2, -24.31, -26.47, -27.17, -25.47, -20.1, -10.914, 0.4482, 10.98, 18.58, 22.9, 24.61, 24.48, 23.03, 20.6, 17.67, 14.734, 12.14, 10.016, 8.234, 6.79, 5.36, 3.805, 1.966, -0.4749, -3.697, -7.74, -12.266, -16.8, -20.69, -23.33, -24.36, -23.75, -21.55, -17.94, -13.22, -7.75, -2.115, 2.996, 7.062, 9.695, 10.73, 10.26, 8.47, 5.63, 1.868, -2.498, -7.098, -11.414, -14.85, -16.47, -15.195, -10.484, -3.133, 4.684, 10.06, 11.02, 7.402, 0.755, -6.465, -11.93, -14.305, -13.41, -10.19
-6.906, -4.074, -2.48, -1.359, 0.1567, 2.35, 4.746, 6.668, 7.715, 7.8, 7.074, 5.7, 3.8, 1.616, -0.4644, -2.105, -3.148, -3.709, -4.117, -4.668, -5.355, -5.79, -5.54, -4.41, -2.586, -0.567, 1.1455, 2.213, 2.5, 1.988, 0.6284, -1.643, -4.758, -8.625, -12.99, -17.56, -21.75, -25.17, -27.23, -27.2, -24.14, -17.12, -6.555, 5.39, 15.79, 22.95, 26.83, 28.17, 27.61, 25.53, 22.48, 18.98, 15.6, 12.6, 10.25, 8.43, 7.004, 5.71, 4.41, 2.932, 0.931, -1.738, -5.223, -9.4, -13.81, -17.8, -20.72, -22.23, -22.12, -20.48, -17.5, -13.39, -8.52, -3.357, 1.515, 5.527, 8.28, 9.49, 9.15, 7.367, 4.35, 0.339, -4.223, -8.87, -13.016, -16.03, -16.97, -14.77, -9.19, -1.187, 6.74, 11.625, 11.7, 7.234, -0.03238, -7.52, -12.984, -15.15, -13.984, -10.65
-7.39, -4.625, -3.025, -1.776, -0.1367, 2.05, 4.332, 6.168, 7.168, 7.363, 6.883, 5.78, 4.09, 1.977, -0.2286, -2.19, -3.61, -4.47, -4.984, -5.41, -5.79, -5.906, -5.453, -4.316, -2.646, -0.828, 0.756, 1.792, 2.096, 1.606, 0.3264, -1.821, -4.73, -8.375, -12.71, -17.45, -22.03, -25.69, -27.55, -26.67, -22.17, -13.555, -1.854, 10.336, 20.4, 27.06, 30.42, 31.19, 30.05, 27.53, 24.2, 20.52, 16.84, 13.586, 10.92, 8.91, 7.383, 6.16, 5.0, 3.758, 2.129, -0.0671, -2.98, -6.68, -10.84, -14.81, -17.98, -19.86, -20.19, -19.02, -16.56, -13.016, -8.695, -4.035, 0.48, 4.297, 6.99, 8.2, 7.805, 5.867, 2.62, -1.584, -6.25, -10.88, -14.84, -17.31, -17.38, -14.05, -7.36, 1.419, 9.445, 13.88, 13.22, 7.992, 0.1622, -7.773, -13.47, -15.664, -14.42, -11.055
-7.79, -5.113, -3.514, -2.191, -0.4526, 1.757, 3.953, 5.68, 6.65, 6.926, 6.586, 5.668, 4.19, 2.232, 0.004494, -2.195, -3.965, -5.125, -5.734, -6.023, -6.133, -5.973, -5.375, -4.26, -2.723, -1.021, 0.5137, 1.515, 1.7295, 1.079, -0.351, -2.438, -5.098, -8.35, -12.414, -17.2, -22.06, -25.88, -27.42, -25.61, -19.69, -9.73, 2.816, 15.16, 24.72, 30.64, 33.22, 33.34, 31.64, 28.84, 25.53, 22.03, 18.44, 15.0, 12.016, 9.68, 7.938, 6.64, 5.56, 4.47, 3.154, 1.394, -1.006, -4.19, -7.98, -11.85, -15.195, -17.39, -18.11, -17.31, -15.26, -12.15, -8.31, -4.145, -0.0718, 3.441, 5.887, 6.93, 6.344, 4.184, 0.778, -3.5, -8.19, -12.836, -16.64, -18.61, -17.62, -13.04, -5.09, 4.574, 12.8, 16.78, 15.51, 9.67, 1.229, -7.395, -13.68, -16.14, -14.88, -11.445
-8.19, -5.496, -3.916, -2.564, -0.7554, 1.462, 3.66, 5.32, 6.227, 6.453, 6.09, 5.25, 3.975, 2.256, 0.1461, -2.166, -4.246, -5.734, -6.477, -6.652, -6.504, -6.117, -5.375, -4.24, -2.727, -1.005, 0.5645, 1.484, 1.423, 0.3286, -1.558, -3.8, -6.207, -8.84, -12.28, -16.78, -21.75, -25.62, -26.8, -24.02, -16.78, -5.72, 7.293, 19.45, 28.36, 33.4, 35.03, 34.22, 31.9, 29.0, 26.1, 23.17, 20.0, 16.69, 13.54, 10.805, 8.69, 7.156, 6.008, 5.05, 3.986, 2.594, 0.689, -1.969, -5.324, -9.0, -12.44, -14.9, -15.96, -15.555, -13.8, -11.016, -7.547, -3.775, -0.08704, 3.025, 5.105, 5.848, 5.0, 2.732, -0.647, -4.848, -9.51, -14.234, -17.98, -19.56, -17.62, -11.68, -2.318, 8.125, 16.52, 20.16, 18.27, 11.836, 2.75, -6.66, -13.67, -16.56, -15.39, -11.88
-8.44, -5.81, -4.277, -2.902, -1.026, 1.279, 3.55, 5.19, 5.977, 5.906, 5.273, 4.324, 3.229, 1.917, 0.1356, -2.1, -4.418, -6.24, -7.215, -7.39, -7.035, -6.39, -5.46, -4.184, -2.514, -0.588, 1.07, 1.8125, 1.185, -0.775, -3.445, -6.086, -8.234, -10.07, -12.555, -16.42, -21.16, -25.0, -25.72, -22.0, -13.664, -1.727, 11.53, 23.23, 31.31, 35.28, 35.78, 33.88, 30.9, 28.02, 25.7, 23.69, 21.3, 18.4, 15.19, 12.16, 9.64, 7.812, 6.5, 5.51, 4.61, 3.531, 2.04, -0.0788, -2.936, -6.29, -9.64, -12.336, -13.79, -13.8, -12.375, -9.805, -6.555, -3.066, 0.2722, 2.988, 4.707, 5.176, 4.227, 2.02, -1.181, -5.176, -9.77, -14.59, -18.53, -19.92, -17.17, -9.84, 0.809, 12.08, 20.52, 23.67, 21.16, 14.19, 4.555, -5.438, -13.195, -16.62, -15.66, -12.125
-8.56, -6.066, -4.652, -3.299, -1.276, 1.295, 3.775, 5.42, 5.902, 5.266, 4.016, 2.691, 1.69, 0.9395, -0.1547, -1.983, -4.36, -6.527, -7.875, -8.195, -7.758, -6.85, -5.637, -4.016, -1.918, 0.4312, 2.277, 2.686, 1.135, -2.104, -6.016, -9.38, -11.36, -12.26, -13.38, -16.14, -20.38, -23.97, -24.28, -19.7, -10.47, 2.148, 15.445, 26.48, 33.56, 36.2, 35.38, 32.34, 28.75, 25.8, 24.11, 23.23, 22.0, 19.8, 16.86, 13.7, 10.836, 8.66, 7.094, 5.97, 5.113, 4.273, 3.146, 1.496, -0.8223, -3.738, -6.902, -9.71, -11.555, -12.055, -11.04, -8.77, -5.703, -2.402, 0.726, 3.213, 4.734, 5.11, 4.2, 2.121, -0.9385, -4.793, -9.336, -14.13, -18.14, -19.42, -16.05, -7.5, 4.316, 16.14, 24.42, 27.02, 23.84, 16.39, 6.543, -3.71, -11.94, -15.97, -15.445, -12.125
-8.555, -6.383, -5.12, -3.71, -1.359, 1.691, 4.492, 6.086, 6.047, 4.547, 2.312, 0.3018, -0.774, -0.904, -0.9585, -1.934, -3.96, -6.344, -8.17, -8.89, -8.586, -7.49, -5.84, -3.61, -0.7686, 2.217, 4.285, 4.254, 1.573, -3.268, -8.84, -13.3, -15.43, -15.33, -14.83, -16.03, -19.4, -22.61, -22.52, -17.27, -7.29, 5.703, 18.72, 28.95, 35.03, 36.44, 34.22, 30.12, 25.84, 22.86, 21.78, 21.83, 21.88, 20.73, 18.39, 15.37, 12.32, 9.734, 7.812, 6.47, 5.56, 4.84, 4.01, 2.799, 1.009, -1.401, -4.24, -7.043, -9.22, -10.23, -9.77, -7.93, -5.164, -1.976, 1.096, 3.537, 5.055, 5.473, 4.605, 2.482, -0.696, -4.594, -9.01, -13.56, -17.28, -18.25, -14.27, -4.793, 7.945, 20.1, 27.98, 29.75, 25.89, 18.22, 8.586, -1.451, -9.86, -14.42, -14.52, -11.71
-8.43, -6.75, -5.69, -4.06, -1.109, 2.61, 5.848, 7.383, 6.72, 4.168, 0.658, -2.432, -3.96, -3.662, -2.494, -2.096, -3.234, -5.527, -7.88, -9.3, -9.41, -8.24, -5.992, -2.8, 1.049, 4.848, 7.223, 6.785, 2.844, -3.758, -11.22, -17.2, -19.77, -18.94, -16.8, -16.28, -18.4, -21.08, -20.64, -14.875, -4.406, 8.72, 21.34, 30.88, 35.78, 35.9, 32.6, 27.52, 22.72, 19.66, 18.94, 19.83, 20.94, 20.88, 19.44, 16.9, 13.875, 11.06, 8.766, 7.098, 5.984, 5.254, 4.598, 3.752, 2.46, 0.5913, -1.799, -4.395, -6.69, -8.16, -8.35, -7.15, -4.83, -1.862, 1.127, 3.613, 5.242, 5.684, 4.715, 2.32, -1.184, -5.312, -9.7, -13.76, -16.62, -16.78, -12.055, -1.892, 11.42, 23.62, 30.92, 31.77, 27.2, 19.48, 10.46, 1.102, -7.156, -12.164, -13.0, -10.92
-8.266, -7.17, -6.26, -4.184, -0.3342, 4.33, 8.125, 9.65, 8.4, 4.773, -0.1493, -4.754, -7.32, -7.086, -4.836, -2.69, -2.355, -4.08, -6.816, -9.13, -9.96, -8.86, -5.914, -1.533, 3.62, 8.4, 11.12, 10.19, 5.18, -3.043, -12.48, -20.19, -23.64, -22.45, -18.86, -16.61, -17.48, -19.39, -18.64, -12.6, -1.866, 11.19, 23.38, 32.06, 35.94, 35.1, 30.72, 25.03, 19.89, 16.77, 16.12, 17.4, 19.28, 20.31, 19.83, 18.03, 15.42, 12.59, 10.0, 7.965, 6.523, 5.605, 4.96, 4.297, 3.367, 2.006, 0.163, -2.006, -4.195, -5.906, -6.65, -6.145, -4.473, -1.972, 0.7646, 3.17, 4.746, 5.066, 3.9, 1.298, -2.375, -6.664, -11.08, -14.734, -16.62, -15.54, -9.89, 0.9023, 14.52, 26.52, 33.0, 32.9, 27.69, 20.11, 11.94, 3.621, -4.164, -9.48, -11.08, -9.945
-8.06, -7.51, -6.58, -3.785, 1.194, 6.93, 11.36, 12.95, 11.28, 6.79, 0.493, -5.89, -10.19, -10.77, -7.918, -3.998, -1.678, -2.16, -4.836, -8.03, -9.86, -9.02, -5.414, 0.2651, 6.8, 12.5, 15.43, 14.086, 8.26, -1.191, -12.16, -21.56, -26.22, -25.11, -20.62, -16.89, -16.44, -17.67, -16.62, -10.57, 0.1731, 12.984, 24.64, 32.6, 35.5, 33.9, 28.97, 22.88, 17.55, 14.31, 13.63, 14.93, 17.08, 18.8, 19.33, 18.5, 16.66, 14.17, 11.555, 9.234, 7.41, 6.125, 5.234, 4.543, 3.775, 2.75, 1.367, -0.3184, -2.15, -3.771, -4.777, -4.84, -3.834, -2.016, 0.1846, 2.168, 3.393, 3.514, 2.412, 0.2406, -2.895, -7.0, -11.61, -15.445, -16.92, -14.71, -7.902, 3.451, 17.06, 28.62, 34.34, 33.34, 27.48, 20.08, 12.92, 5.863, -1.206, -6.727, -9.14, -8.93
-7.81, -7.55, -6.36, -2.732, 3.422, 10.19, 15.18, 16.83, 14.83, 9.695, 2.312, -5.78, -12.15, -14.27, -11.516, -6.082, -1.488, -0.1121, -2.113, -5.887, -8.78, -8.45, -4.344, 2.525, 10.25, 16.62, 19.55, 17.83, 11.49, 1.584, -10.195, -20.88, -26.77, -26.3, -21.5, -16.81, -15.266, -15.81, -14.68, -8.8, 1.721, 14.1, 25.22, 32.5, 34.8, 32.72, 27.39, 21.12, 15.71, 12.38, 11.47, 12.47, 14.52, 16.55, 17.81, 18.03, 17.14, 15.4, 13.11, 10.766, 8.68, 7.01, 5.73, 4.76, 3.91, 2.957, 1.807, 0.4573, -0.9795, -2.312, -3.232, -3.492, -2.943, -1.744, -0.2336, 1.058, 1.777, 1.85, 1.414, 0.4795, -1.416, -4.926, -9.914, -14.65, -16.69, -14.09, -6.48, 5.43, 18.95, 29.9, 34.84, 33.12, 26.89, 19.5, 13.23, 7.52, 1.377, -4.13, -7.312, -8.03
-7.44, -7.12, -5.465, -0.9575, 6.207, 13.734, 18.97, 20.42, 18.02, 12.43, 4.44, -4.844, -13.08, -17.1, -15.18, -8.85, -2.13, 1.474, 0.7183, -3.107, -6.773, -7.02, -2.686, 5.04, 13.555, 20.22, 22.8, 20.66, 14.266, 4.65, -6.953, -18.02, -25.0, -25.5, -21.11, -16.08, -13.805, -13.8, -12.64, -7.207, 2.682, 14.53, 25.1, 31.86, 33.88, 31.38, 25.89, 19.52, 14.09, 10.74, 9.59, 10.17, 11.8, 13.695, 15.33, 16.34, 16.5, 15.766, 14.266, 12.31, 10.26, 8.33, 6.688, 5.35, 4.188, 3.062, 1.861, 0.5566, -0.743, -1.897, -2.656, -2.809, -2.32, -1.368, -0.2878, 0.5234, 0.9404, 1.264, 1.827, 2.32, 1.64, -1.382, -6.746, -12.516, -15.56, -13.37, -5.375, 6.848, 20.16, 30.58, 34.8, 32.38, 25.73, 18.38, 12.78, 8.36, 3.414, -1.845, -5.707, -7.277
-7.07, -6.375, -3.967, 1.324, 9.13, 16.9, 21.95, 22.88, 19.9, 14.07, 6.164, -3.305, -12.69, -18.6, -18.12, -11.92, -3.824, 1.772, 2.566, -0.6567, -4.508, -5.07, -0.668, 7.43, 16.2, 22.69, 24.86, 22.23, 15.875, 7.203, -3.037, -13.51, -21.02, -22.77, -19.5, -14.87, -12.3, -11.82, -10.63, -5.75, 3.271, 14.29, 24.23, 30.53, 32.3, 29.7, 24.17, 17.72, 12.34, 9.086, 7.81, 8.05, 9.1, 10.61, 12.23, 13.64, 14.65, 14.93, 14.46, 13.29, 11.66, 9.875, 8.12, 6.55, 5.05, 3.613, 2.115, 0.559, -0.9736, -2.314, -3.182, -3.312, -2.69, -1.555, -0.329, 0.6265, 1.311, 2.111, 3.25, 4.1, 3.324, -0.0749, -5.617, -11.414, -14.65, -12.695, -4.65, 7.613, 20.62, 30.53, 34.16, 31.31, 24.14, 16.66, 11.52, 8.336, 4.746, 0.04977, -4.28, -6.63
-6.723, -5.477, -2.178, 3.688, 11.54, 19.0, 23.4, 23.52, 19.89, 14.05, 6.95, -1.505, -10.82, -18.03, -19.44, -14.45, -6.312, 0.3286, 2.438, 0.2411, -3.02, -3.324, 1.148, 9.195, 17.78, 23.77, 25.19, 22.06, 15.97, 8.66, 0.4966, -8.23, -15.484, -18.44, -16.94, -13.54, -11.195, -10.38, -9.05, -4.625, 3.422, 13.4, 22.53, 28.39, 29.98, 27.33, 21.7, 15.26, 10.09, 7.074, 5.934, 5.973, 6.605, 7.58, 8.86, 10.266, 11.71, 12.77, 13.24, 13.02, 12.195, 10.97, 9.5, 7.957, 6.39, 4.773, 3.043, 1.169, -0.789, -2.662, -4.1, -4.68, -4.203, -2.85, -1.106, 0.5283, 1.829, 2.916, 3.633, 3.139, 0.4248, -4.445, -9.914, -14.22, -15.664, -12.664, -4.297, 7.95, 20.52, 29.7, 32.84, 29.4, 21.88, 14.234, 9.49, 7.37, 5.195, 1.427, -3.004, -6.0
-6.2, -4.58, -0.5806, 5.535, 12.93, 19.36, 22.6, 21.77, 17.62, 12.195, 6.527, 0.0613, -7.793, -15.086, -18.16, -15.37, -8.78, -2.545, 0.1179, -0.8853, -2.822, -2.277, 2.371, 10.01, 17.8, 22.78, 23.34, 19.77, 14.05, 8.266, 2.639, -3.576, -9.62, -13.33, -13.68, -12.06, -10.53, -9.66, -8.12, -3.994, 3.11, 11.85, 19.94, 25.2, 26.38, 23.5, 17.88, 11.76, 7.145, 4.65, 3.838, 3.85, 4.195, 4.742, 5.562, 6.69, 8.07, 9.41, 10.445, 11.01, 11.01, 10.54, 9.7, 8.586, 7.297, 5.87, 4.223, 2.297, 0.11926, -2.203, -4.336, -5.73, -5.934, -4.855, -2.928, -0.8037, 0.9297, 1.853, 1.336, -1.496, -6.906, -13.625, -18.84, -20.73, -18.98, -13.58, -4.24, 7.793, 19.61, 27.83, 29.98, 25.9, 18.17, 10.85, 6.703, 5.527, 4.664, 2.092, -1.84, -5.17
-5.06, -3.445, 0.588, 6.215, 12.266, 16.92, 18.64, 16.88, 12.8, 8.36, 4.613, 0.7256, -4.523, -10.414, -14.1, -13.55, -9.59, -5.125, -2.742, -2.748, -3.232, -1.729, 2.809, 9.31, 15.46, 18.86, 18.36, 14.69, 9.87, 5.836, 2.676, -0.761, -4.777, -8.164, -9.7, -9.73, -9.27, -8.68, -7.156, -3.531, 2.426, 9.54, 16.02, 19.97, 20.28, 17.19, 12.08, 7.027, 3.537, 1.883, 1.529, 1.662, 1.845, 2.09, 2.508, 3.2, 4.176, 5.324, 6.426, 7.28, 7.785, 7.938, 7.715, 7.18, 6.41, 5.477, 4.277, 2.756, 0.897, -1.306, -3.604, -5.496, -6.434, -6.105, -4.676, -2.766, -1.192, -0.7705, -2.354, -6.668, -13.58, -21.05, -25.81, -25.89, -21.52, -14.09, -4.15, 7.12, 17.3, 23.66, 24.27, 19.66, 12.59, 6.53, 3.527, 3.135, 3.188, 1.856, -0.9863, -3.941
-3.502, -2.31, 0.613, 4.48, 8.2, 10.53, 10.734, 8.89, 5.973, 3.318, 1.537, -0.03372, -2.463, -5.773, -8.5, -9.08, -7.55, -5.31, -3.838, -3.432, -3.072, -1.463, 1.837, 6.06, 9.57, 11.016, 9.93, 7.133, 4.047, 1.93, 0.739, -0.4683, -2.346, -4.37, -5.81, -6.496, -6.703, -6.53, -5.42, -2.924, 1.008, 5.63, 9.54, 11.51, 11.05, 8.44, 4.938, 1.889, -0.03705, -0.773, -0.7944, -0.6675, -0.577, -0.4858, -0.2976, 0.01163, 0.5264, 1.215, 1.927, 2.578, 3.086, 3.383, 3.488, 3.393, 3.115, 2.703, 2.113, 1.282, 0.1996, -1.196, -2.768, -4.258, -5.266, -5.453, -4.812, -3.709, -2.79, -2.744, -4.305, -7.953, -13.48, -19.33, -22.89, -22.44, -18.17, -11.46, -3.277, 5.086, 11.81, 15.16, 14.4, 10.484, 5.668, 2.008, 0.449, 0.5317, 0.931, 0.521, -0.9146, -2.727
-2.5, -2.084, -1.08, 0.1748, 1.216, 1.698, 1.46, 0.6763, -0.3247, -1.072, -1.479, -1.764, -2.31, -3.25, -4.17, -4.555, -4.285, -3.688, -3.21, -3.0, -2.756, -2.105, -1.015, 0.2944, 1.215, 1.408, 0.81, -0.2129, -1.145, -1.714, -1.897, -2.045, -2.502, -3.084, -3.59, -3.92, -4.082, -4.1, -3.715, -2.893, -1.592, -0.1919, 0.925, 1.301, 0.883, -0.1373, -1.318, -2.195, -2.715, -2.82, -2.754, -2.7, -2.662, -2.62, -2.541, -2.457, -2.336, -2.11, -1.856, -1.603, -1.382, -1.257, -1.195, -1.171, -1.216, -1.296, -1.44, -1.672, -2.004, -2.424, -2.918, -3.422, -3.824, -3.953, -3.814, -3.521, -3.281, -3.32, -3.924, -5.26, -7.242, -9.375, -10.68, -10.29, -8.41, -5.51, -2.258, 0.718, 2.777, 3.518, 2.824, 1.304, -0.2908, -1.334, -1.687, -1.576, -1.338, -1.371, -1.755, -2.287
