-7.277, -7.824, -8.23, -8.46, -8.516, -8.52, -8.734, -9.11, -9.37, -9.27, -8.7, -7.938, -7.363, -7.086, -7.043, -7.176, -7.56, -8.14, -8.72, -8.945, -8.79, -8.4, -8.08, -7.906, -7.89, -8.11, -8.48, -8.85, -8.96, -8.66, -7.953, -7.176, -6.645, -6.51, -6.47, -6.45, -6.445, -6.645, -7.113, -7.703, -8.2, -8.37, -8.36, -8.555, -9.01, -9.516, -9.89, -10.06, -9.95, -9.586, -8.93, -8.31, -8.19, -8.86, -10.14, -11.59, -12.58, -12.914, -12.64, -12.07, -11.27, -10.26, -9.27, -8.32, -7.723, -7.465, -7.395, -7.42, -7.55, -7.695, -8.01, -8.35, -8.71, -8.914, -8.97, -8.92, -8.96, -9.17, -9.445, -9.695, -9.89, -9.95, -9.91, -9.695, -9.45, -9.266, -9.19, -9.195, -9.26, -9.22, -9.016, -8.68, -8.32, -8.08, -7.918, -7.695, -7.266, -6.785, -6.51, -6.74
-2.5, -4.035, -5.26, -6.48, -7.457, -8.13, -8.72, -9.33, -9.734, -9.43, -8.06, -5.895, -3.854, -2.54, -2.18, -2.566, -3.566, -4.97, -6.31, -7.086, -7.094, -6.523, -5.77, -5.16, -5.008, -5.5, -6.594, -7.87, -8.484, -7.77, -5.71, -3.264, -1.445, -0.69, -0.554, -0.6426, -0.9526, -1.619, -2.682, -3.982, -5.21, -6.234, -7.25, -8.51, -10.016, -11.47, -12.37, -12.46, -11.47, -9.65, -7.504, -6.082, -6.344, -8.484, -11.8, -15.26, -18.03, -19.61, -19.77, -18.67, -16.17, -12.48, -8.555, -5.348, -3.32, -2.273, -1.784, -1.743, -2.14, -2.92, -3.986, -4.996, -5.89, -6.465, -6.824, -7.004, -7.277, -7.65, -8.02, -8.36, -8.49, -8.47, -8.31, -7.945, -7.37, -6.844, -6.473, -6.332, -6.387, -6.316, -5.816, -4.957, -4.035, -3.275, -2.66, -1.887, -0.8013, 0.2389, 0.3975, -0.754
2.994, 0.53, -1.891, -4.383, -6.504, -7.82, -8.65, -9.39, -9.95, -9.74, -7.848, -4.32, -0.2976, 2.652, 3.824, 3.355, 1.586, -0.847, -3.338, -5.09, -5.66, -5.082, -3.826, -2.55, -1.977, -2.53, -4.266, -6.53, -7.992, -7.16, -3.834, 0.673, 4.36, 6.34, 6.996, 6.934, 6.168, 4.66, 2.54, 0.1172, -2.291, -4.562, -6.906, -9.4, -11.85, -13.87, -14.88, -14.41, -12.13, -8.445, -4.75, -2.861, -3.826, -7.28, -12.086, -16.9, -20.92, -23.67, -24.95, -24.22, -21.06, -15.41, -8.516, -2.385, 1.888, 4.26, 5.387, 5.406, 4.605, 3.021, 1.028, -0.906, -2.537, -3.672, -4.332, -4.77, -5.242, -5.758, -6.176, -6.426, -6.438, -6.25, -5.887, -5.297, -4.586, -3.898, -3.5, -3.537, -3.812, -3.861, -3.195, -1.786, -0.1332, 1.228, 2.295, 3.465, 5.043, 6.56, 6.875, 5.414
7.754, 4.688, 1.217, -2.361, -5.266, -6.945, -7.742, -8.45, -9.34, -9.56, -7.703, -3.209, 2.66, 7.566, 9.98, 9.72, 7.375, 3.836, 0.00493, -2.975, -4.39, -4.035, -2.367, -0.3486, 0.8965, 0.648, -1.345, -4.355, -6.66, -6.227, -2.264, 3.898, 9.516, 13.13, 14.73, 14.87, 13.49, 10.79, 7.27, 3.482, -0.2944, -3.973, -7.48, -10.77, -13.65, -15.52, -16.06, -14.61, -10.85, -5.67, -1.08, 0.538, -1.508, -6.117, -11.61, -16.83, -21.23, -24.44, -26.34, -26.38, -23.67, -17.48, -8.914, -0.2042, 6.465, 10.57, 12.54, 12.8, 11.56, 9.234, 6.344, 3.365, 0.8594, -0.964, -1.984, -2.674, -3.17, -3.645, -4.06, -4.15, -4.035, -3.693, -3.207, -2.549, -1.896, -1.378, -1.308, -1.746, -2.406, -2.656, -1.911, -0.02464, 2.363, 4.43, 5.934, 7.21, 8.85, 10.59, 11.3, 10.195
11.19, 8.055, 4.02, -0.1918, -3.514, -5.33, -6.043, -6.734, -7.91, -8.68, -7.254, -2.469, 4.777, 11.62, 15.664, 16.2, 13.77, 9.37, 4.324, -0.01683, -2.455, -2.592, -0.8037, 1.747, 3.668, 3.896, 2.062, -1.215, -4.14, -4.38, -0.577, 6.305, 13.52, 18.77, 21.5, 21.78, 19.78, 15.875, 10.87, 5.6, 0.575, -4.117, -8.48, -12.2, -15.03, -16.55, -16.3, -13.75, -8.86, -2.803, 1.793, 2.639, -0.3618, -5.594, -11.23, -16.44, -20.7, -23.78, -25.61, -25.98, -23.86, -18.34, -9.5, 0.635, 9.49, 15.6, 18.95, 19.84, 18.66, 15.805, 12.1, 8.12, 4.703, 2.078, 0.474, -0.432, -0.9614, -1.359, -1.61, -1.574, -1.377, -0.97, -0.4817, -0.01881, 0.3489, 0.466, 0.02014, -0.8945, -1.951, -2.43, -1.67, 0.493, 3.346, 5.965, 7.797, 9.125, 10.62, 12.305, 13.45, 13.11
13.12, 10.42, 6.348, 1.905, -1.621, -3.486, -4.133, -4.76, -6.06, -7.35, -6.613, -2.11, 5.77, 14.22, 20.05, 22.0, 20.16, 15.56, 9.67, 4.16, 0.5815, -0.359, 1.082, 3.691, 5.938, 6.637, 5.32, 2.389, -0.643, -1.5625, 1.406, 8.04, 15.914, 22.25, 25.84, 26.25, 23.67, 18.77, 12.625, 6.344, 0.4705, -4.906, -9.71, -13.6, -16.31, -17.4, -16.66, -13.56, -8.055, -1.792, 2.502, 2.844, -0.3494, -5.38, -10.734, -15.77, -19.98, -23.06, -24.6, -24.81, -23.17, -18.6, -10.53, -0.005146, 10.41, 18.64, 23.78, 25.9, 25.3, 22.45, 18.17, 13.39, 9.08, 5.664, 3.441, 2.176, 1.498, 1.172, 1.081, 1.285, 1.524, 1.869, 2.11, 2.24, 2.145, 1.69, 0.7305, -0.5835, -1.93, -2.627, -2.006, 0.06125, 2.922, 5.715, 7.74, 9.13, 10.484, 12.086, 13.57, 14.08
13.64, 11.75, 7.945, 3.537, 0.01682, -1.885, -2.49, -2.92, -4.117, -5.68, -5.715, -2.148, 5.426, 14.64, 22.22, 25.94, 25.38, 21.27, 15.16, 8.9, 4.316, 2.37, 3.033, 5.19, 7.355, 8.37, 7.77, 5.707, 3.18, 1.885, 3.71, 9.195, 16.55, 23.05, 26.88, 27.22, 24.31, 18.9, 12.34, 5.637, -0.5503, -6.2, -11.19, -15.125, -17.77, -18.81, -17.94, -14.695, -9.25, -3.209, 0.9355, 1.602, -0.8325, -5.004, -9.945, -14.96, -19.34, -22.44, -23.9, -23.92, -22.45, -18.73, -11.93, -2.12, 8.9, 18.89, 26.08, 29.88, 30.39, 28.05, 23.83, 18.72, 13.85, 9.78, 6.82, 5.086, 4.156, 3.795, 3.854, 4.113, 4.37, 4.555, 4.406, 4.047, 3.447, 2.467, 1.055, -0.6133, -2.12, -2.98, -2.61, -0.9287, 1.576, 4.168, 6.195, 7.633, 8.914, 10.43, 12.17, 13.53
13.08, 12.05, 8.695, 4.484, 1.032, -0.831, -1.309, -1.396, -2.143, -3.643, -4.383, -2.16, 4.18, 13.13, 21.67, 27.14, 28.22, 25.23, 19.61, 13.125, 7.88, 4.953, 4.65, 5.97, 7.65, 8.734, 8.78, 7.83, 6.29, 5.22, 6.19, 10.13, 16.05, 21.66, 24.95, 24.97, 21.88, 16.53, 10.23, 3.771, -2.26, -7.81, -12.72, -16.75, -19.39, -20.47, -19.6, -16.62, -11.55, -5.863, -1.55, 0.01157, -1.19, -4.457, -9.1, -14.195, -18.77, -22.08, -23.66, -23.64, -22.17, -19.0, -13.39, -4.926, 5.59, 16.31, 25.16, 30.81, 32.88, 31.66, 28.11, 23.3, 18.25, 13.87, 10.414, 8.08, 6.793, 6.29, 6.387, 6.703, 6.895, 6.824, 6.293, 5.402, 4.25, 2.781, 1.082, -0.785, -2.45, -3.445, -3.303, -1.977, 0.1984, 2.514, 4.42, 5.83, 6.984, 8.305, 10.05, 11.99
11.805, 11.516, 8.76, 4.84, 1.496, -0.3584, -0.7188, -0.4233, -0.5156, -1.483, -2.47, -1.499, 3.023, 10.67, 19.12, 25.5, 28.11, 26.58, 21.98, 16.02, 10.55, 6.98, 5.66, 5.984, 6.92, 7.766, 8.125, 8.07, 7.723, 7.523, 8.41, 11.13, 15.31, 19.38, 21.66, 21.11, 18.06, 13.16, 7.348, 1.4, -4.33, -9.66, -14.4, -18.31, -21.0, -21.98, -21.12, -18.25, -13.54, -8.0, -3.37, -0.914, -1.113, -3.875, -8.47, -13.64, -18.33, -21.73, -23.5, -23.6, -22.14, -19.25, -14.64, -7.727, 1.467, 11.766, 21.31, 28.44, 32.12, 32.5, 30.23, 26.4, 21.9, 17.56, 13.79, 11.03, 9.32, 8.58, 8.55, 8.805, 8.914, 8.59, 7.73, 6.363, 4.723, 2.852, 0.9004, -1.05, -2.867, -3.98, -3.936, -2.656, -0.5547, 1.685, 3.521, 4.77, 5.594, 6.496, 7.992, 10.1
10.29, 10.52, 8.336, 4.816, 1.631, -0.2659, -0.6724, -0.1377, 0.425, 0.3545, -0.185, 0.08826, 2.842, 8.46, 15.61, 21.92, 25.42, 25.27, 22.02, 17.0, 11.945, 8.1, 6.07, 5.465, 5.547, 5.844, 6.098, 6.406, 7.004, 7.957, 9.48, 11.88, 14.87, 17.6, 18.8, 17.88, 14.86, 10.27, 4.88, -0.835, -6.4, -11.56, -16.12, -19.92, -22.44, -23.22, -22.03, -18.84, -14.055, -8.53, -3.697, -0.8066, -0.743, -3.576, -8.27, -13.38, -17.92, -21.39, -23.36, -23.66, -22.38, -19.62, -15.63, -10.016, -2.5, 6.516, 15.74, 23.53, 28.73, 30.89, 30.28, 27.84, 24.38, 20.48, 16.78, 13.75, 11.69, 10.664, 10.38, 10.47, 10.39, 9.83, 8.695, 7.0, 5.004, 2.842, 0.6772, -1.428, -3.334, -4.48, -4.36, -2.838, -0.4355, 2.023, 3.867, 4.812, 5.105, 5.363, 6.34, 8.3
8.74, 9.29, 7.633, 4.562, 1.582, -0.371, -0.9897, -0.528, 0.4568, 1.347, 1.804, 2.188, 3.732, 7.305, 12.56, 17.84, 21.4, 22.12, 20.11, 16.3, 12.0, 8.375, 5.977, 4.715, 4.062, 3.652, 3.393, 3.543, 4.473, 6.305, 8.79, 11.695, 14.52, 16.64, 17.34, 16.17, 13.125, 8.67, 3.312, -2.514, -8.29, -13.59, -18.02, -21.55, -23.73, -24.06, -22.23, -18.39, -13.125, -7.41, -2.52, 0.03001, -0.474, -3.668, -8.42, -13.25, -17.5, -20.86, -23.11, -23.81, -22.8, -20.28, -16.64, -11.91, -5.75, 1.666, 9.914, 17.8, 23.86, 27.55, 28.8, 28.0, 25.8, 22.64, 19.31, 16.22, 13.9, 12.516, 11.914, 11.68, 11.39, 10.625, 9.3, 7.41, 5.15, 2.74, 0.3608, -1.927, -3.916, -4.992, -4.582, -2.627, 0.2869, 3.137, 5.004, 5.582, 5.223, 4.754, 5.17, 6.793
7.32, 7.926, 6.66, 4.11, 1.412, -0.5557, -1.481, -1.361, -0.2798, 1.329, 2.812, 3.902, 5.082, 7.258, 10.65, 14.48, 17.38, 18.39, 17.23, 14.46, 11.1, 7.973, 5.664, 4.043, 2.78, 1.673, 0.758, 0.408, 1.162, 3.227, 6.35, 9.95, 13.26, 15.64, 16.5, 15.44, 12.49, 8.0, 2.383, -3.803, -9.97, -15.45, -19.83, -23.08, -24.84, -24.52, -21.86, -17.14, -11.22, -5.258, -0.747, 1.012, -0.3213, -3.908, -8.52, -13.0, -17.0, -20.25, -22.77, -23.92, -23.44, -21.31, -17.86, -13.5, -8.22, -1.913, 5.258, 12.63, 19.17, 23.92, 26.7, 27.45, 26.52, 24.34, 21.5, 18.55, 16.06, 14.35, 13.38, 12.73, 12.04, 11.09, 9.664, 7.703, 5.332, 2.643, -0.02975, -2.564, -4.633, -5.58, -4.81, -2.326, 1.147, 4.355, 6.2, 6.402, 5.496, 4.49, 4.406, 5.625
6.105, 6.59, 5.57, 3.457, 1.082, -0.84, -2.033, -2.3, -1.427, 0.4731, 2.727, 4.645, 6.145, 7.727, 9.875, 12.31, 14.234, 14.97, 14.21, 12.336, 9.77, 7.29, 5.164, 3.393, 1.764, 0.1065, -1.361, -2.21, -1.898, -0.1307, 2.96, 6.81, 10.61, 13.625, 15.03, 14.44, 11.76, 7.344, 1.582, -4.906, -11.41, -17.12, -21.55, -24.47, -25.61, -24.53, -20.89, -15.23, -8.76, -2.783, 1.025, 1.818, -0.2998, -4.14, -8.46, -12.45, -16.11, -19.48, -22.33, -24.16, -24.33, -22.62, -19.39, -15.18, -10.19, -4.406, 2.08, 8.84, 15.375, 20.78, 24.58, 26.64, 26.92, 25.66, 23.45, 20.72, 18.25, 16.19, 14.71, 13.63, 12.555, 11.4, 9.94, 7.973, 5.492, 2.65, -0.314, -3.129, -5.285, -6.152, -5.098, -2.174, 1.804, 5.277, 7.07, 6.973, 5.695, 4.355, 3.938, 4.77
5.086, 5.363, 4.453, 2.64, 0.5737, -1.237, -2.53, -3.06, -2.465, -0.6978, 1.813, 4.336, 6.387, 8.02, 9.58, 11.055, 12.06, 12.29, 11.664, 10.39, 8.61, 6.652, 4.684, 2.738, 0.772, -1.197, -2.922, -3.979, -4.02, -2.816, -0.358, 3.092, 6.934, 10.38, 12.43, 12.51, 10.336, 6.215, 0.5483, -5.957, -12.625, -18.45, -22.95, -25.62, -26.06, -24.05, -19.47, -13.09, -6.266, -0.6777, 2.314, 2.213, -0.362, -4.082, -7.926, -11.555, -15.04, -18.64, -21.95, -24.31, -25.03, -23.98, -21.11, -17.03, -12.0, -6.312, -0.1693, 6.305, 12.69, 18.44, 22.97, 25.98, 27.27, 26.92, 25.25, 22.89, 20.33, 18.02, 16.02, 14.42, 12.95, 11.625, 10.1, 8.19, 5.723, 2.75, -0.4163, -3.477, -5.83, -6.656, -5.35, -2.023, 2.268, 5.906, 7.637, 7.336, 5.82, 4.31, 3.672, 4.16
4.195, 4.27, 3.35, 1.73, -0.0996, -1.723, -2.912, -3.488, -3.152, -1.701, 0.627, 3.285, 5.746, 7.766, 9.25, 10.2, 10.55, 10.37, 9.79, 8.91, 7.72, 6.117, 4.184, 2.004, -0.2041, -2.252, -3.88, -4.81, -4.99, -4.375, -2.84, -0.3074, 3.066, 6.504, 9.055, 9.71, 8.19, 4.566, -0.7266, -7.09, -13.7, -19.69, -24.19, -26.6, -26.47, -23.45, -17.95, -11.04, -4.188, 0.876, 3.082, 2.352, -0.3228, -3.742, -7.15, -10.47, -13.96, -17.7, -21.42, -24.34, -25.75, -25.34, -22.98, -18.98, -13.99, -8.17, -1.93, 4.496, 10.87, 16.81, 21.75, 25.48, 27.55, 27.94, 26.88, 24.77, 22.16, 19.48, 17.05, 14.984, 13.22, 11.72, 10.17, 8.3, 5.91, 2.885, -0.4695, -3.72, -6.22, -7.01, -5.5, -1.858, 2.693, 6.42, 8.09, 7.6, 5.875, 4.19, 3.38, 3.592
3.312, 3.283, 2.393, 0.8955, -0.7734, -2.203, -3.166, -3.584, -3.365, -2.32, -0.4648, 1.963, 4.59, 6.97, 8.61, 9.38, 9.42, 9.0, 8.41, 7.8, 6.926, 5.527, 3.605, 1.275, -1.028, -2.973, -4.316, -4.93, -5.066, -4.895, -4.223, -2.71, -0.11725, 3.002, 5.7, 6.844, 5.938, 2.816, -2.076, -8.14, -14.71, -20.8, -25.31, -27.47, -26.6, -22.67, -16.36, -9.04, -2.395, 1.983, 3.434, 2.332, -0.2023, -3.193, -6.176, -9.28, -12.75, -16.73, -20.77, -24.22, -26.23, -26.45, -24.77, -21.33, -16.36, -10.41, -3.818, 2.838, 9.43, 15.51, 20.84, 25.02, 27.64, 28.61, 28.03, 26.1, 23.47, 20.47, 17.7, 15.27, 13.23, 11.66, 10.15, 8.336, 5.938, 2.879, -0.6094, -4.004, -6.566, -7.258, -5.418, -1.413, 3.408, 7.223, 8.75, 7.934, 5.848, 3.893, 2.887, 2.89
2.516, 2.525, 1.703, 0.252, -1.327, -2.576, -3.25, -3.428, -3.197, -2.531, -1.2295, 0.787, 3.312, 5.812, 7.656, 8.51, 8.48, 7.97, 7.36, 6.793, 5.98, 4.684, 2.775, 0.5044, -1.687, -3.355, -4.29, -4.547, -4.54, -4.656, -4.64, -3.96, -2.182, 0.386, 2.893, 4.312, 3.846, 1.269, -3.154, -9.016, -15.55, -21.72, -26.27, -28.08, -26.36, -21.55, -14.5, -7.016, -0.7715, 2.87, 3.705, 2.469, 0.12115, -2.518, -5.09, -7.94, -11.39, -15.53, -19.89, -23.75, -26.42, -27.42, -26.45, -23.61, -18.92, -12.97, -6.117, 0.9424, 7.855, 14.19, 19.89, 24.31, 27.45, 28.84, 28.62, 26.94, 24.19, 21.0, 17.89, 15.13, 13.04, 11.51, 10.055, 8.27, 5.844, 2.709, -0.924, -4.47, -6.992, -7.355, -5.05, -0.541, 4.582, 8.36, 9.586, 8.27, 5.707, 3.371, 2.164, 2.113
2.008, 2.139, 1.373, -0.11383, -1.703, -2.81, -3.203, -3.098, -2.791, -2.37, -1.552, -0.01678, 2.205, 4.656, 6.67, 7.71, 7.816, 7.31, 6.64, 5.91, 4.97, 3.607, 1.784, -0.278, -2.17, -3.44, -3.906, -3.846, -3.787, -4.13, -4.59, -4.535, -3.467, -1.474, 0.737, 2.26, 2.219, 0.1821, -3.86, -9.49, -16.1, -22.38, -26.81, -28.17, -25.69, -19.98, -12.375, -4.82, 0.933, 3.902, 4.188, 2.76, 0.5747, -1.724, -3.98, -6.61, -9.97, -14.13, -18.66, -22.97, -26.27, -28.0, -27.9, -25.78, -21.66, -15.81, -8.875, -1.549, 5.71, 12.445, 18.45, 23.39, 26.97, 28.73, 28.8, 27.2, 24.55, 21.22, 17.84, 14.984, 12.77, 11.23, 9.84, 8.14, 5.656, 2.377, -1.526, -5.195, -7.508, -7.383, -4.38, 0.743, 6.15, 9.805, 10.52, 8.61, 5.477, 2.8, 1.465, 1.469
1.849, 2.121, 1.339, -0.2485, -1.897, -2.906, -3.053, -2.668, -2.256, -2.002, -1.555, -0.4692, 1.369, 3.688, 5.83, 7.188, 7.55, 7.133, 6.332, 5.332, 4.13, 2.61, 0.848, -0.979, -2.484, -3.268, -3.305, -3.002, -3.023, -3.676, -4.56, -4.965, -4.45, -2.988, -1.152, 0.3093, 0.593, -0.941, -4.53, -10.0, -16.66, -22.94, -27.2, -27.92, -24.69, -18.23, -10.28, -2.762, 2.559, 5.004, 4.918, 3.32, 1.206, -0.873, -2.88, -5.25, -8.43, -12.49, -17.08, -21.7, -25.61, -28.14, -28.94, -27.67, -24.22, -18.8, -12.05, -4.652, 2.893, 10.05, 16.47, 21.89, 25.9, 28.2, 28.67, 27.38, 24.78, 21.4, 17.84, 14.734, 12.46, 10.875, 9.52, 7.863, 5.37, 1.8955, -2.273, -6.04, -8.07, -7.31, -3.55, 2.234, 7.91, 11.29, 11.445, 8.914, 5.312, 2.346, 0.958, 1.112
1.826, 2.143, 1.337, -0.2998, -1.91, -2.729, -2.605, -2.002, -1.565, -1.459, -1.356, -0.738, 0.6934, 2.861, 5.152, 6.832, 7.504, 7.24, 6.35, 5.098, 3.61, 1.87, 0.0388, -1.593, -2.672, -2.943, -2.525, -2.04, -2.23, -3.305, -4.69, -5.574, -5.516, -4.535, -3.088, -1.815, -1.318, -2.365, -5.523, -10.78, -17.34, -23.62, -27.61, -27.7, -23.64, -16.55, -8.26, -0.871, 4.027, 5.977, 5.58, 3.953, 1.964, 0.1132, -1.667, -3.896, -6.89, -10.805, -15.445, -20.19, -24.64, -27.9, -29.58, -29.27, -26.61, -21.88, -15.62, -8.35, -0.7754, 6.742, 13.81, 19.89, 24.53, 27.36, 28.27, 27.31, 24.97, 21.69, 18.0, 14.67, 12.164, 10.47, 9.15, 7.527, 5.027, 1.37, -3.002, -6.83, -8.555, -7.168, -2.639, 3.738, 9.484, 12.55, 12.18, 9.125, 5.137, 1.988, 0.6025, 0.9014
1.691, 2.006, 1.165, -0.3784, -1.722, -2.164, -1.714, -0.966, -0.63, -0.8003, -1.119, -1.02, -0.00269, 1.998, 4.406, 6.395, 7.395, 7.312, 6.426, 5.016, 3.297, 1.331, -0.659, -2.207, -2.883, -2.547, -1.578, -0.863, -1.244, -2.76, -4.7, -6.145, -6.625, -6.184, -5.137, -4.01, -3.355, -4.094, -6.875, -11.83, -18.27, -24.34, -27.95, -27.39, -22.62, -14.88, -6.36, 0.7954, 5.156, 6.63, 6.004, 4.42, 2.662, 1.095, -0.3748, -2.29, -5.035, -8.82, -13.48, -18.44, -23.28, -27.17, -29.73, -30.27, -28.64, -24.83, -19.3, -12.45, -4.86, 3.025, 10.516, 17.28, 22.6, 25.98, 27.42, 26.92, 24.88, 21.75, 17.98, 14.51, 11.88, 10.02, 8.74, 7.137, 4.57, 0.7915, -3.695, -7.52, -8.97, -6.96, -1.747, 5.004, 10.81, 13.58, 12.72, 9.195, 4.906, 1.613, 0.2693, 0.6636
1.371, 1.739, 0.9326, -0.422, -1.334, -1.264, -0.437, 0.4036, 0.5767, 0.01372, -0.841, -1.296, -0.7456, 1.0, 3.443, 5.67, 6.965, 7.11, 6.33, 4.926, 3.06, 0.8843, -1.297, -2.824, -3.133, -2.127, -0.526, 0.4915, 0.03992, -1.857, -4.35, -6.418, -7.555, -7.65, -6.99, -6.06, -5.426, -5.99, -8.46, -13.13, -19.22, -24.92, -28.02, -26.83, -21.34, -13.01, -4.387, 2.389, 6.14, 7.06, 6.195, 4.734, 3.34, 2.219, 1.123, -0.511, -3.066, -6.72, -11.336, -16.55, -21.62, -26.17, -29.42, -30.86, -30.14, -27.3, -22.66, -16.42, -9.13, -1.099, 6.81, 14.016, 19.81, 23.83, 25.83, 25.94, 24.3, 21.31, 17.67, 14.195, 11.44, 9.55, 8.164, 6.527, 3.959, 0.0655, -4.438, -8.11, -9.234, -6.715, -0.9883, 6.113, 11.94, 14.48, 13.17, 9.23, 4.605, 1.164, -0.1979, 0.2786
1.021, 1.487, 0.776, -0.3198, -0.755, -0.1447, 1.054, 1.993, 1.977, 0.9883, -0.4033, -1.421, -1.376, 0.01782, 2.355, 4.69, 6.195, 6.582, 6.008, 4.72, 2.795, 0.4297, -1.951, -3.475, -3.389, -1.714, 0.4949, 1.854, 1.432, -0.7095, -3.621, -6.24, -7.992, -8.66, -8.48, -7.875, -7.45, -8.05, -10.34, -14.69, -20.3, -25.4, -27.84, -25.9, -19.73, -10.93, -2.285, 4.023, 7.055, 7.387, 6.324, 4.973, 3.97, 3.312, 2.637, 1.301, -1.035, -4.574, -9.17, -14.47, -19.86, -24.78, -28.66, -30.89, -31.12, -29.22, -25.42, -19.9, -13.01, -5.24, 2.814, 10.25, 16.45, 21.02, 23.62, 24.27, 23.1, 20.42, 16.95, 13.484, 10.81, 8.86, 7.47, 5.707, 3.023, -0.885, -5.27, -8.67, -9.39, -6.465, -0.303, 7.074, 12.94, 15.234, 13.55, 9.2, 4.285, 0.6445, -0.7817, -0.2275
0.6724, 1.385, 0.801, -0.0864, -0.1412, 0.9277, 2.504, 3.578, 3.44, 2.11, 0.2544, -1.274, -1.691, -0.6733, 1.411, 3.705, 5.367, 5.984, 5.6, 4.383, 2.428, -0.1028, -2.582, -3.979, -3.492, -1.317, 1.318, 2.91, 2.553, 0.3716, -2.684, -5.67, -8.0, -9.29, -9.66, -9.516, -9.44, -10.19, -12.45, -16.4, -21.36, -25.72, -27.23, -24.53, -17.72, -8.71, -0.2086, 5.527, 7.97, 7.85, 6.65, 5.465, 4.797, 4.48, 4.074, 2.992, 0.8306, -2.62, -7.117, -12.38, -17.88, -23.12, -27.42, -30.31, -31.38, -30.44, -27.47, -22.8, -16.42, -9.06, -1.227, 6.31, 12.82, 17.84, 21.03, 22.28, 21.55, 19.17, 15.92, 12.63, 10.0, 8.055, 6.527, 4.562, 1.7, -2.232, -6.42, -9.43, -9.69, -6.293, 0.253, 7.863, 13.73, 15.85, 13.82, 9.11, 3.816, -0.1086, -1.61, -0.8784
0.1094, 1.237, 0.9067, 0.1702, 0.3489, 1.777, 3.7, 4.98, 4.855, 3.355, 1.171, -0.7344, -1.557, -0.939, 0.804, 2.904, 4.59, 5.344, 5.094, 3.834, 1.772, -0.8257, -3.186, -4.254, -3.34, -0.8364, 1.98, 3.627, 3.281, 1.162, -1.864, -5.0, -7.734, -9.64, -10.66, -11.055, -11.38, -12.45, -14.71, -18.23, -22.48, -25.83, -26.39, -22.84, -15.53, -6.41, 1.725, 6.867, 8.82, 8.42, 7.258, 6.33, 5.926, 5.75, 5.402, 4.41, 2.363, -0.892, -5.13, -10.195, -15.63, -21.0, -25.72, -29.25, -31.11, -31.05, -29.03, -25.03, -19.42, -12.53, -5.008, 2.455, 9.234, 14.72, 18.48, 20.25, 20.05, 18.0, 14.99, 11.82, 9.266, 7.25, 5.41, 3.072, -0.06012, -3.959, -7.867, -10.49, -10.26, -6.33, 0.599, 8.42, 14.27, 16.12, 13.73, 8.59, 2.895, -1.311, -2.844, -1.866
-0.8066, 0.8013, 0.83, 0.2937, 0.666, 2.373, 4.613, 6.2, 6.2, 4.63, 2.285, 0.1131, -1.052, -0.8657, 0.459, 2.24, 3.824, 4.656, 4.402, 3.02, 0.7974, -1.7295, -3.744, -4.305, -2.953, -0.2805, 2.49, 4.047, 3.723, 1.723, -1.225, -4.43, -7.453, -9.88, -11.56, -12.57, -13.34, -14.59, -16.75, -19.89, -23.45, -25.8, -25.33, -20.84, -13.0, -3.943, 3.695, 8.19, 9.68, 9.26, 8.32, 7.656, 7.355, 7.145, 6.66, 5.566, 3.613, 0.6157, -3.307, -7.996, -13.16, -18.61, -23.61, -27.69, -30.33, -31.2, -29.95, -26.86, -21.94, -15.68, -8.47, -1.048, 5.95, 11.8, 16.03, 18.4, 18.64, 17.0, 14.21, 11.22, 8.66, 6.445, 4.195, 1.412, -2.041, -5.96, -9.6, -11.695, -10.875, -6.47, 0.8125, 8.64, 14.26, 15.75, 12.92, 7.367, 1.327, -3.06, -4.547, -3.268
-2.012, 0.0851, 0.5264, 0.3176, 0.886, 2.826, 5.37, 7.23, 7.406, 5.906, 3.53, 1.219, -0.2957, -0.6226, 0.1544, 1.531, 2.932, 3.746, 3.486, 2.033, -0.2822, -2.682, -4.25, -4.254, -2.545, 0.1956, 2.863, 4.297, 3.992, 2.148, -0.627, -3.84, -7.156, -10.17, -12.445, -14.01, -15.14, -16.48, -18.48, -21.3, -24.28, -25.69, -24.17, -18.64, -10.18, -1.159, 5.89, 9.734, 10.875, 10.555, 9.84, 9.33, 8.94, 8.51, 7.805, 6.484, 4.52, 1.866, -1.519, -5.76, -10.66, -15.984, -21.25, -25.83, -29.1, -30.72, -30.36, -28.11, -23.94, -18.23, -11.44, -4.145, 2.82, 8.95, 13.625, 16.5, 17.2, 16.06, 13.64, 10.91, 8.2, 5.695, 2.963, -0.3042, -4.1, -8.05, -11.336, -12.84, -11.41, -6.527, 0.909, 8.516, 13.68, 14.625, 11.38, 5.492, -0.72, -5.133, -6.484, -4.883
-3.195, -0.649, 0.2122, 0.346, 1.12, 3.176, 5.89, 7.938, 8.36, 7.098, 4.84, 2.41, 0.512, -0.4265, -0.327, 0.553, 1.714, 2.525, 2.357, 0.948, -1.342, -3.56, -4.73, -4.266, -2.3, 0.465, 3.021, 4.434, 4.25, 2.594, -0.03674, -3.285, -6.848, -10.305, -13.14, -15.22, -16.73, -18.2, -20.12, -22.67, -25.05, -25.67, -22.84, -16.08, -6.87, 2.146, 8.586, 11.76, 12.52, 12.23, 11.695, 11.164, 10.58, 9.76, 8.73, 7.246, 5.332, 2.959, 0.03333, -3.697, -8.21, -13.37, -18.72, -23.62, -27.48, -29.72, -30.14, -28.61, -25.25, -20.23, -13.95, -7.004, -0.1444, 6.105, 11.1, 14.39, 15.55, 14.984, 12.99, 10.49, 7.836, 5.01, 1.766, -1.901, -5.953, -9.88, -12.85, -13.78, -11.72, -6.395, 1.024, 8.21, 12.65, 12.914, 9.18, 3.12, -3.033, -7.23, -8.33, -6.434
-4.133, -1.228, -0.01332, 0.4023, 1.298, 3.334, 6.047, 8.234, 8.94, 8.016, 5.99, 3.533, 1.295, -0.2478, -0.867, -0.5747, 0.2805, 1.0625, 1.058, -0.1482, -2.242, -4.23, -5.09, -4.363, -2.299, 0.4053, 2.875, 4.348, 4.35, 2.928, 0.488, -2.695, -6.383, -10.14, -13.484, -16.16, -18.19, -20.03, -22.0, -24.27, -25.95, -25.52, -21.19, -13.04, -2.975, 5.99, 11.73, 14.29, 14.75, 14.39, 13.73, 12.984, 12.055, 10.81, 9.38, 7.766, 5.984, 3.877, 1.367, -1.807, -5.832, -10.72, -15.984, -21.05, -25.28, -28.05, -29.12, -28.34, -25.7, -21.4, -15.74, -9.305, -2.754, 3.396, 8.54, 12.19, 13.92, 13.836, 12.3, 10.06, 7.38, 4.29, 0.7046, -3.33, -7.586, -11.41, -14.055, -14.445, -11.8, -6.098, 1.268, 7.895, 11.51, 10.99, 6.74, 0.556, -5.38, -9.21, -9.89, -7.684
-4.88, -1.753, -0.3, 0.2988, 1.262, 3.215, 5.82, 8.05, 9.01, 8.45, 6.746, 4.45, 2.074, 0.06793, -1.166, -1.476, -1.036, -0.4038, -0.307, -1.257, -3.066, -4.79, -5.4, -4.5, -2.43, 0.11884, 2.418, 3.873, 4.08, 2.98, 0.7925, -2.236, -5.895, -9.75, -13.49, -16.72, -19.36, -21.73, -23.81, -25.77, -26.5, -24.64, -18.62, -9.09, 1.498, 10.12, 15.28, 17.36, 17.53, 16.94, 15.91, 14.625, 13.125, 11.484, 9.83, 8.1, 6.375, 4.543, 2.455, -0.2084, -3.678, -8.086, -13.13, -18.23, -22.7, -25.86, -27.5, -27.38, -25.4, -21.84, -16.89, -11.06, -4.9, 1.109, 6.363, 10.24, 12.34, 12.7, 11.63, 9.62, 6.88, 3.582, -0.251, -4.535, -8.85, -12.64, -14.95, -14.81, -11.49, -5.406, 1.932, 8.0, 10.77, 9.33, 4.445, -1.968, -7.723, -11.07, -11.28, -8.695
-5.715, -2.47, -0.8345, -0.0557, 0.984, 2.879, 5.35, 7.56, 8.67, 8.39, 7.023, 4.984, 2.709, 0.547, -1.07, -1.917, -2.0, -1.699, -1.678, -2.451, -3.94, -5.348, -5.652, -4.58, -2.55, -0.2162, 1.847, 3.168, 3.465, 2.69, 0.862, -1.858, -5.297, -9.18, -13.21, -17.0, -20.31, -23.23, -25.5, -26.88, -26.44, -22.81, -15.12, -4.453, 6.29, 14.48, 19.05, 20.84, 20.88, 19.88, 18.23, 16.11, 13.945, 11.83, 9.94, 8.164, 6.555, 4.945, 3.21, 1.086, -1.79, -5.61, -10.24, -15.21, -19.84, -23.39, -25.5, -25.89, -24.67, -21.78, -17.5, -12.25, -6.445, -0.677, 4.53, 8.58, 11.055, 11.836, 11.1, 9.19, 6.36, 2.812, -1.284, -5.766, -10.086, -13.734, -15.64, -14.94, -10.97, -4.37, 3.057, 8.69, 10.586, 8.16, 2.438, -4.33, -9.94, -12.83, -12.57, -9.625
-6.52, -3.361, -1.641, -0.683, 0.5337, 2.486, 4.926, 7.04, 8.164, 8.07, 6.965, 5.203, 3.156, 1.095, -0.699, -1.961, -2.611, -2.79, -2.984, -3.645, -4.79, -5.766, -5.76, -4.523, -2.535, -0.4216, 1.359, 2.463, 2.768, 2.205, 0.726, -1.679, -4.887, -8.73, -12.9, -17.19, -21.11, -24.39, -26.66, -27.33, -25.47, -20.14, -10.86, 0.508, 11.16, 18.78, 22.94, 24.55, 24.36, 22.9, 20.53, 17.66, 14.734, 12.12, 9.99, 8.19, 6.656, 5.227, 3.773, 2.102, -0.1469, -3.379, -7.547, -12.28, -16.88, -20.69, -23.2, -24.22, -23.55, -21.33, -17.69, -12.99, -7.61, -2.078, 3.023, 7.227, 9.93, 10.99, 10.46, 8.555, 5.594, 1.768, -2.61, -7.176, -11.43, -14.79, -16.33, -14.96, -10.234, -3.01, 4.668, 9.97, 11.016, 7.523, 0.977, -6.258, -11.84, -14.38, -13.66, -10.42
-7.047, -4.15, -2.549, -1.426, 0.0632, 2.232, 4.71, 6.72, 7.727, 7.688, 6.766, 5.277, 3.494, 1.607, -0.266, -1.866, -3.04, -3.723, -4.15, -4.7, -5.46, -5.99, -5.7, -4.387, -2.46, -0.505, 1.03, 1.953, 2.219, 1.742, 0.5034, -1.664, -4.67, -8.45, -12.75, -17.34, -21.67, -25.23, -27.23, -27.08, -23.8, -16.8, -6.34, 5.47, 15.84, 22.97, 26.83, 28.19, 27.69, 25.7, 22.7, 19.14, 15.67, 12.6, 10.234, 8.375, 6.848, 5.508, 4.27, 2.938, 1.144, -1.481, -5.074, -9.44, -13.97, -17.95, -20.81, -22.28, -22.14, -20.5, -17.45, -13.375, -8.46, -3.281, 1.615, 5.824, 8.66, 9.92, 9.5, 7.555, 4.34, 0.2487, -4.242, -8.79, -12.9, -15.93, -16.94, -14.85, -9.3, -1.242, 6.758, 11.76, 11.97, 7.508, 0.1456, -7.543, -13.2, -15.43, -14.29, -10.9
-7.31, -4.688, -3.287, -2.068, -0.3103, 2.068, 4.574, 6.477, 7.426, 7.395, 6.613, 5.355, 3.78, 1.983, 0.02171, -1.867, -3.44, -4.484, -5.05, -5.434, -5.816, -6.043, -5.617, -4.33, -2.482, -0.5674, 0.8945, 1.702, 1.853, 1.324, 0.129, -1.856, -4.66, -8.23, -12.52, -17.31, -22.0, -25.73, -27.48, -26.42, -21.7, -13.17, -1.703, 10.305, 20.23, 26.88, 30.33, 31.28, 30.33, 27.94, 24.55, 20.72, 16.86, 13.52, 10.95, 8.98, 7.38, 6.027, 4.812, 3.646, 2.178, 0.05276, -2.938, -6.777, -10.99, -14.99, -18.14, -20.0, -20.34, -19.2, -16.72, -13.16, -8.81, -4.1, 0.4304, 4.44, 7.23, 8.51, 8.1, 6.02, 2.621, -1.686, -6.273, -10.72, -14.586, -17.14, -17.42, -14.43, -7.79, 1.142, 9.48, 14.16, 13.555, 8.29, 0.2115, -7.992, -13.86, -15.98, -14.555, -11.04
-7.445, -5.06, -3.8, -2.605, -0.6714, 1.852, 4.33, 6.133, 7.062, 7.117, 6.51, 5.453, 4.02, 2.264, 0.2286, -1.905, -3.79, -5.094, -5.727, -5.926, -5.99, -5.977, -5.55, -4.383, -2.615, -0.6816, 0.778, 1.522, 1.519, 0.8228, -0.5195, -2.432, -5.016, -8.28, -12.4, -17.23, -22.16, -25.94, -27.36, -25.39, -19.38, -9.53, 2.861, 14.95, 24.44, 30.36, 33.12, 33.38, 31.92, 29.19, 25.8, 22.11, 18.31, 14.88, 12.086, 9.836, 8.1, 6.656, 5.383, 4.24, 3.014, 1.314, -1.097, -4.35, -8.13, -12.01, -15.3, -17.45, -18.2, -17.45, -15.38, -12.33, -8.49, -4.367, -0.2727, 3.318, 5.85, 6.95, 6.406, 4.19, 0.686, -3.678, -8.266, -12.7, -16.3, -18.36, -17.75, -13.49, -5.555, 4.305, 12.89, 17.16, 15.77, 9.81, 1.057, -7.77, -14.06, -16.31, -14.72, -11.04
-7.668, -5.36, -4.137, -2.955, -1.003, 1.4795, 3.857, 5.58, 6.523, 6.684, 6.223, 5.293, 3.994, 2.334, 0.295, -1.991, -4.13, -5.67, -6.402, -6.45, -6.246, -6.008, -5.53, -4.457, -2.713, -0.7065, 0.874, 1.554, 1.218, 0.06555, -1.659, -3.688, -5.953, -8.734, -12.35, -17.02, -21.97, -25.8, -26.84, -24.0, -16.72, -5.645, 7.293, 19.33, 28.22, 33.22, 34.97, 34.25, 32.1, 29.33, 26.28, 23.14, 19.81, 16.6, 13.57, 11.03, 8.96, 7.312, 5.94, 4.797, 3.71, 2.36, 0.4968, -2.133, -5.445, -9.05, -12.36, -14.83, -15.92, -15.51, -13.76, -10.99, -7.574, -3.926, -0.3262, 2.717, 4.824, 5.598, 4.84, 2.6, -0.8984, -5.145, -9.766, -14.23, -17.77, -19.34, -17.7, -11.93, -2.639, 8.09, 16.77, 20.45, 18.45, 11.79, 2.441, -7.082, -14.016, -16.61, -15.08, -11.31
-7.996, -5.64, -4.406, -3.213, -1.279, 1.163, 3.492, 5.117, 5.92, 5.96, 5.41, 4.496, 3.338, 1.953, 0.154, -2.094, -4.434, -6.29, -7.26, -7.3, -6.793, -6.2, -5.523, -4.336, -2.516, -0.3494, 1.344, 1.885, 0.9653, -0.9863, -3.447, -5.867, -7.93, -9.96, -12.69, -16.72, -21.48, -25.22, -25.83, -22.03, -13.63, -1.577, 11.7, 23.4, 31.4, 35.34, 35.78, 33.88, 31.02, 28.11, 25.69, 23.47, 21.0, 18.2, 15.17, 12.3, 9.91, 7.996, 6.516, 5.395, 4.43, 3.348, 1.935, -0.09045, -2.875, -6.145, -9.51, -12.266, -13.76, -13.695, -12.2, -9.6, -6.4, -3.057, 0.0849, 2.678, 4.375, 4.883, 4.08, 1.947, -1.362, -5.5, -10.16, -14.76, -18.5, -19.8, -17.16, -9.945, 0.774, 12.18, 20.72, 23.88, 21.27, 14.055, 4.26, -5.805, -13.5, -16.72, -15.484, -11.73
-8.32, -5.973, -4.688, -3.346, -1.254, 1.32, 3.637, 5.14, 5.555, 5.04, 3.965, 2.781, 1.74, 0.8555, -0.3057, -2.156, -4.52, -6.754, -8.11, -8.29, -7.645, -6.688, -5.617, -4.13, -1.915, 0.642, 2.514, 2.764, 1.013, -2.201, -5.973, -9.164, -11.164, -12.266, -13.59, -16.48, -20.7, -24.25, -24.39, -19.67, -10.32, 2.422, 15.766, 26.86, 33.78, 36.34, 35.44, 32.38, 28.75, 25.81, 24.05, 22.95, 21.66, 19.58, 16.77, 13.74, 11.016, 8.836, 7.16, 5.984, 5.086, 4.258, 3.229, 1.73, -0.5444, -3.46, -6.797, -9.766, -11.71, -12.12, -10.93, -8.516, -5.44, -2.195, 0.7383, 3.078, 4.56, 5.02, 4.273, 2.26, -0.8906, -4.96, -9.61, -14.36, -18.23, -19.38, -15.98, -7.504, 4.344, 16.23, 24.5, 27.0, 23.77, 16.28, 6.414, -3.873, -12.15, -16.11, -15.41, -11.945
-8.44, -6.23, -4.94, -3.473, -1.079, 1.945, 4.527, 5.895, 5.668, 4.184, 2.111, 0.28, -0.785, -1.085, -1.217, -2.152, -4.18, -6.65, -8.484, -9.09, -8.57, -7.363, -5.84, -3.762, -0.873, 2.31, 4.492, 4.4, 1.596, -3.275, -8.766, -13.195, -15.35, -15.51, -15.11, -16.38, -19.67, -22.8, -22.62, -17.34, -7.195, 5.85, 18.98, 29.36, 35.22, 36.47, 34.2, 29.97, 25.72, 22.75, 21.6, 21.62, 21.52, 20.4, 18.2, 15.32, 12.41, 9.914, 7.97, 6.61, 5.62, 4.875, 4.137, 3.098, 1.363, -1.124, -4.195, -7.24, -9.54, -10.46, -9.79, -7.773, -4.92, -1.769, 1.148, 3.52, 5.066, 5.61, 4.855, 2.777, -0.471, -4.566, -9.125, -13.7, -17.28, -18.11, -14.086, -4.656, 8.03, 20.12, 27.86, 29.64, 25.75, 18.27, 8.7, -1.337, -9.87, -14.55, -14.64, -11.734
-8.38, -6.617, -5.465, -3.768, -0.747, 3.014, 6.137, 7.465, 6.55, 3.922, 0.5396, -2.445, -3.967, -3.816, -2.73, -2.256, -3.402, -5.734, -8.055, -9.34, -9.28, -8.07, -6.035, -3.11, 0.7827, 4.848, 7.406, 6.918, 2.924, -3.736, -11.23, -17.25, -19.92, -19.19, -17.06, -16.47, -18.58, -21.23, -20.73, -15.02, -4.504, 8.62, 21.38, 30.97, 35.75, 35.84, 32.44, 27.31, 22.6, 19.61, 18.9, 19.73, 20.81, 20.77, 19.31, 16.8, 13.9, 11.195, 8.95, 7.258, 6.016, 5.207, 4.625, 3.965, 2.766, 0.82, -1.791, -4.62, -7.047, -8.44, -8.445, -7.11, -4.746, -1.853, 1.083, 3.6, 5.293, 5.848, 4.938, 2.598, -0.9814, -5.285, -9.72, -13.766, -16.53, -16.48, -11.68, -1.537, 11.586, 23.55, 30.73, 31.55, 27.1, 19.6, 10.71, 1.353, -7.023, -12.234, -13.12, -10.99
-8.305, -7.152, -6.195, -4.066, -0.1327, 4.625, 8.49, 9.92, 8.484, 4.746, -0.1251, -4.64, -7.242, -7.113, -4.95, -2.766, -2.408, -4.113, -6.8, -8.99, -9.7, -8.625, -5.965, -1.933, 3.203, 8.27, 11.15, 10.27, 5.234, -3.104, -12.58, -20.34, -23.84, -22.66, -19.03, -16.67, -17.39, -19.39, -18.67, -12.77, -2.11, 10.875, 23.11, 31.86, 35.8, 34.88, 30.62, 24.9, 19.78, 16.73, 16.17, 17.52, 19.33, 20.27, 19.73, 17.94, 15.42, 12.72, 10.125, 8.016, 6.383, 5.332, 4.76, 4.3, 3.557, 2.184, 0.1768, -2.178, -4.426, -6.055, -6.703, -6.152, -4.47, -2.053, 0.644, 3.086, 4.75, 5.145, 3.977, 1.365, -2.357, -6.75, -11.164, -14.734, -16.5, -15.164, -9.35, 1.418, 14.805, 26.52, 32.88, 32.78, 27.61, 20.19, 12.21, 3.852, -4.03, -9.54, -11.266, -10.08
-8.24, -7.656, -6.73, -3.953, 1.084, 6.977, 11.59, 13.23, 11.46, 6.87, 0.571, -5.76, -10.055, -10.734, -7.902, -3.95, -1.577, -2.02, -4.723, -7.867, -9.6, -8.84, -5.473, -0.03506, 6.473, 12.375, 15.46, 14.2, 8.29, -1.311, -12.336, -21.73, -26.33, -25.12, -20.6, -16.81, -16.27, -17.5, -16.53, -10.59, 0.02878, 12.73, 24.33, 32.4, 35.5, 33.88, 28.98, 22.88, 17.6, 14.43, 13.79, 15.14, 17.28, 18.9, 19.3, 18.39, 16.61, 14.23, 11.555, 9.09, 7.062, 5.676, 4.906, 4.414, 3.854, 2.86, 1.418, -0.3328, -2.154, -3.703, -4.67, -4.746, -3.822, -2.062, 0.0782, 2.08, 3.377, 3.492, 2.357, 0.1048, -3.062, -7.164, -11.8, -15.56, -16.88, -14.47, -7.53, 3.836, 17.28, 28.67, 34.22, 33.16, 27.45, 20.1, 13.0, 5.996, -1.052, -6.688, -9.24, -9.125
-8.07, -7.812, -6.63, -3.006, 3.19, 10.13, 15.32, 17.02, 14.984, 9.75, 2.285, -5.812, -12.12, -14.26, -11.45, -5.95, -1.281, 0.1277, -1.995, -5.836, -8.67, -8.36, -4.324, 2.375, 10.1, 16.66, 19.69, 17.92, 11.445, 1.33, -10.5, -21.08, -26.77, -26.1, -21.28, -16.6, -15.06, -15.63, -14.445, -8.62, 1.756, 14.08, 25.19, 32.56, 34.97, 32.8, 27.56, 21.28, 15.83, 12.58, 11.72, 12.75, 14.71, 16.61, 17.75, 17.89, 17.12, 15.46, 13.13, 10.58, 8.266, 6.52, 5.375, 4.605, 3.916, 3.023, 1.851, 0.502, -0.907, -2.146, -3.031, -3.307, -2.824, -1.67, -0.2316, 1.019, 1.746, 1.751, 1.256, 0.271, -1.595, -5.09, -10.09, -14.84, -16.81, -14.11, -6.34, 5.523, 18.94, 29.84, 34.7, 32.94, 26.72, 19.44, 13.23, 7.633, 1.612, -4.0, -7.348, -8.2
-7.605, -7.332, -5.68, -1.136, 6.08, 13.766, 19.12, 20.53, 18.05, 12.35, 4.273, -4.99, -13.15, -17.14, -15.12, -8.67, -1.885, 1.697, 0.8057, -3.154, -6.855, -7.07, -2.662, 5.14, 13.75, 20.48, 23.11, 20.83, 14.16, 4.336, -7.297, -18.28, -24.94, -25.22, -20.84, -15.945, -13.73, -13.7, -12.445, -6.965, 2.902, 14.68, 25.27, 32.1, 34.06, 31.56, 26.05, 19.69, 14.266, 10.945, 9.81, 10.414, 11.96, 13.74, 15.27, 16.34, 16.58, 15.89, 14.3, 12.17, 9.92, 7.977, 6.457, 5.285, 4.203, 3.078, 1.787, 0.4712, -0.792, -1.814, -2.455, -2.574, -2.125, -1.224, -0.2211, 0.5557, 0.9424, 1.2, 1.671, 2.127, 1.483, -1.484, -6.84, -12.66, -15.71, -13.52, -5.48, 6.68, 19.94, 30.25, 34.5, 32.22, 25.56, 18.27, 12.71, 8.445, 3.678, -1.628, -5.58, -7.285
-7.03, -6.375, -3.99, 1.352, 9.195, 17.02, 22.02, 22.84, 19.75, 13.85, 5.89, -3.53, -12.8, -18.64, -18.12, -11.79, -3.627, 1.97, 2.627, -0.767, -4.695, -5.215, -0.692, 7.52, 16.39, 22.95, 25.12, 22.42, 15.875, 6.945, -3.365, -13.72, -20.97, -22.53, -19.28, -14.8, -12.25, -11.8, -10.59, -5.715, 3.312, 14.414, 24.42, 30.8, 32.44, 29.77, 24.1, 17.69, 12.36, 9.05, 7.797, 8.02, 9.1, 10.57, 12.16, 13.664, 14.77, 15.08, 14.53, 13.24, 11.52, 9.76, 8.13, 6.613, 5.12, 3.613, 2.006, 0.4119, -1.092, -2.316, -3.047, -3.13, -2.482, -1.379, -0.2344, 0.674, 1.279, 2.045, 3.146, 3.959, 3.193, -0.1215, -5.652, -11.484, -14.75, -12.83, -4.836, 7.42, 20.44, 30.27, 34.0, 31.12, 24.02, 16.5, 11.42, 8.375, 5.023, 0.3442, -4.04, -6.465
-6.473, -5.266, -2.035, 3.814, 11.68, 19.14, 23.39, 23.33, 19.64, 13.76, 6.7, -1.615, -10.83, -17.97, -19.39, -14.38, -6.203, 0.4458, 2.414, 0.0584, -3.262, -3.592, 0.995, 9.195, 17.83, 23.89, 25.42, 22.34, 16.08, 8.555, 0.3003, -8.43, -15.58, -18.44, -16.83, -13.48, -11.13, -10.34, -9.03, -4.71, 3.328, 13.39, 22.62, 28.56, 29.97, 27.06, 21.33, 14.9, 9.805, 6.83, 5.773, 5.84, 6.523, 7.566, 8.84, 10.336, 11.84, 12.95, 13.37, 13.09, 12.26, 11.06, 9.69, 8.21, 6.59, 4.832, 2.975, 1.034, -0.9126, -2.742, -4.082, -4.6, -4.11, -2.768, -1.077, 0.509, 1.789, 2.889, 3.607, 3.092, 0.3655, -4.453, -9.914, -14.17, -15.64, -12.664, -4.35, 7.855, 20.47, 29.73, 32.8, 29.4, 21.78, 14.06, 9.31, 7.32, 5.367, 1.705, -2.69, -5.71
-5.906, -4.32, -0.39, 5.67, 13.01, 19.4, 22.56, 21.53, 17.33, 11.87, 6.348, 0.0494, -7.69, -14.98, -18.12, -15.36, -8.77, -2.557, 0.06033, -1.031, -3.055, -2.568, 2.084, 9.766, 17.66, 22.77, 23.45, 19.95, 14.17, 8.266, 2.56, -3.701, -9.805, -13.4, -13.695, -12.01, -10.42, -9.516, -8.016, -4.113, 2.965, 11.81, 20.0, 25.22, 26.3, 23.16, 17.36, 11.23, 6.652, 4.246, 3.592, 3.727, 4.168, 4.746, 5.61, 6.78, 8.195, 9.56, 10.555, 11.1, 11.16, 10.76, 9.99, 8.875, 7.5, 5.97, 4.203, 2.248, 0.04926, -2.295, -4.402, -5.805, -5.996, -4.92, -2.994, -0.867, 0.964, 1.959, 1.461, -1.403, -6.938, -13.65, -18.86, -20.66, -18.88, -13.45, -4.2, 7.87, 19.8, 28.06, 30.28, 26.12, 18.19, 10.695, 6.5, 5.434, 4.78, 2.34, -1.558, -4.863
-4.934, -3.293, 0.7065, 6.266, 12.28, 16.94, 18.55, 16.67, 12.58, 8.15, 4.54, 0.7783, -4.418, -10.305, -14.02, -13.57, -9.625, -5.184, -2.818, -2.855, -3.395, -1.95, 2.576, 9.12, 15.35, 18.8, 18.39, 14.74, 9.93, 5.836, 2.668, -0.821, -4.918, -8.3, -9.82, -9.8, -9.234, -8.6, -7.133, -3.633, 2.271, 9.484, 16.06, 20.0, 20.27, 17.05, 11.79, 6.69, 3.195, 1.63, 1.386, 1.569, 1.844, 2.129, 2.57, 3.254, 4.254, 5.38, 6.465, 7.344, 7.895, 8.086, 7.89, 7.36, 6.543, 5.53, 4.316, 2.814, 0.9346, -1.331, -3.664, -5.6, -6.58, -6.246, -4.77, -2.799, -1.103, -0.5713, -2.17, -6.586, -13.59, -21.05, -25.78, -25.75, -21.45, -14.01, -4.04, 7.27, 17.6, 23.97, 24.62, 19.92, 12.695, 6.49, 3.318, 2.969, 3.188, 1.949, -0.9014, -3.83
-3.592, -2.344, 0.612, 4.457, 8.17, 10.586, 10.81, 8.92, 5.96, 3.275, 1.533, 0.004005, -2.395, -5.74, -8.47, -9.086, -7.535, -5.28, -3.848, -3.479, -3.168, -1.569, 1.819, 6.125, 9.7, 11.125, 10.016, 7.105, 4.008, 1.971, 0.8306, -0.4417, -2.373, -4.492, -5.965, -6.637, -6.742, -6.48, -5.426, -2.963, 0.959, 5.66, 9.586, 11.62, 11.18, 8.67, 5.133, 1.97, -0.03455, -0.8, -0.791, -0.6064, -0.4912, -0.411, -0.2825, -0.02873, 0.4578, 1.103, 1.841, 2.527, 3.072, 3.39, 3.492, 3.398, 3.113, 2.674, 2.148, 1.388, 0.3071, -1.127, -2.787, -4.363, -5.395, -5.57, -4.902, -3.717, -2.676, -2.59, -4.19, -7.973, -13.6, -19.4, -22.89, -22.28, -18.06, -11.414, -3.312, 5.05, 11.85, 15.28, 14.484, 10.64, 5.832, 2.125, 0.4653, 0.4758, 0.878, 0.4214, -1.078, -2.85
-2.783, -2.217, -1.169, 0.0364, 1.162, 1.807, 1.675, 0.877, -0.1104, -0.9297, -1.345, -1.719, -2.36, -3.297, -4.16, -4.516, -4.223, -3.637, -3.146, -2.934, -2.717, -2.016, -0.7744, 0.61, 1.55, 1.572, 0.8193, -0.3547, -1.254, -1.624, -1.655, -1.846, -2.379, -3.146, -3.752, -4.105, -4.21, -4.133, -3.736, -2.873, -1.607, -0.157, 0.8857, 1.236, 1.002, 0.243, -0.758, -1.801, -2.44, -2.645, -2.6, -2.514, -2.523, -2.53, -2.596, -2.58, -2.492, -2.309, -2.031, -1.759, -1.5625, -1.471, -1.392, -1.374, -1.376, -1.421, -1.468, -1.609, -1.8955, -2.352, -2.941, -3.525, -3.91, -4.023, -3.844, -3.463, -3.158, -3.236, -3.967, -5.45, -7.535, -9.56, -10.664, -10.2, -8.336, -5.57, -2.44, 0.5283, 2.562, 3.188, 2.576, 1.268, -0.0855, -1.095, -1.599, -1.599, -1.463, -1.598, -2.072, -2.625
