-7.299162089682457, -7.737331597668568, -8.018034297495246, -8.314586099635841, -8.637969583104748, -8.932046443015631, -9.166814444158033, -9.334212613655467, -9.389071219292356, -9.22635632740621, -8.770219673285336, -8.108261188428221, -7.4899887995866825, -7.144279854428689, -7.120597025829675, -7.329466090358666, -7.663730479160501, -8.030545938401724, -8.335139358763005, -8.503145789679216, -8.516703430558994, -8.414167135324204, -8.256735007111136, -8.102482166052194, -8.01498256429991, -8.0749520722263, -8.328649540726964, -8.681538740198903, -8.87326268724068, -8.650500229519327, -8.017969226519714, -7.277517211150384, -6.764823462046142, -6.57292081751713, -6.580531836926592, -6.670912547189301, -6.818744582814694, -7.024109512400911, -7.267595902538689, -7.5251537011365, -7.788103809602179, -8.067128471320137, -8.384274243552593, -8.757534137585576, -9.181432978867734, -9.608503013883919, -9.939706004978056, -10.039408145025359, -9.799424277954571, -9.245412798064338, -8.598359664437455, -8.198923026242383, -8.323267043576799, -9.02679514856538, -10.134059704532532, -11.351851331978352, -12.388519338833808, -13.015514740778956, -13.084918942240698, -12.549063524351913, -11.507478643093867, -10.230463033478648, -9.069898303351247, -8.267817170534675, -7.825895224608484, -7.59014067920166, -7.4555597574502555, -7.435682896411778, -7.563709367125573, -7.813018117407312, -8.113415783234593, -8.396271074747094, -8.621665552449498, -8.785074847203367, -8.90912602105078, -9.02597211391572, -9.158328139365038, -9.308028787428327, -9.457546438226634, -9.58234770724702, -9.6641557993345, -9.695296815933364, -9.674505970628914, -9.603608784426989, -9.491142361177221, -9.357928449785241, -9.234445762782862, -9.145550714683651, -9.088879572734852, -9.02276479975155, -8.882928749856973, -8.632209551240525, -8.304381430567892, -7.9741591602094335, -7.656809064880015, -7.276548420173574, -6.801545003073938, -6.389260523913863, -6.3163114035934145, -6.70589254361931
-2.730774792769611, -4.04131907225195, -5.068229674358694, -6.1925543731949775, -7.335294559004562, -8.295121372687039, -9.020466049795727, -9.559056584882486, -9.81644676209509, -9.432215692810445, -8.061854909476123, -5.884579248487459, -3.701002671245486, -2.354505307047583, -2.112308379904718, -2.723175933579978, -3.8291215915327657, -5.1020776698933705, -6.202355167784595, -6.851212163305756, -6.954424422739881, -6.618391220677711, -6.054888071803683, -5.49206493718079, -5.182350108492576, -5.415013111119507, -6.335508707996425, -7.6169256069160705, -8.394585357050982, -7.799729784754373, -5.767821829757103, -3.241917114045332, -1.3743961185425717, -0.5576665276194053, -0.44730999431573515, -0.6836914388015034, -1.1882805985647202, -1.955036147631705, -2.9081636948997547, -3.95038001151321, -5.028789455440803, -6.149254228132418, -7.350757283339369, -8.657658630369363, -10.02588020126432, -11.298677956839315, -12.185514038851478, -12.297068136325102, -11.32720180346329, -9.399133261818703, -7.278737964055268, -6.079187373828327, -6.568992099809865, -8.710048367521445, -11.827334278286731, -15.091209528732996, -17.832917687002414, -19.589429907234813, -20.01503647429484, -18.845193362581742, -16.069289281512393, -12.210635868257166, -8.289746180037163, -5.258324692491796, -3.3860568697523936, -2.3369454834713332, -1.795102753016868, -1.7489316773821693, -2.238024004250131, -3.1299897673157555, -4.174949237785267, -5.140974353505042, -5.892272222529484, -6.408181229527634, -6.760269800622793, -7.059008380795035, -7.390294307510102, -7.771181959474431, -8.148116060390079, -8.435804418238781, -8.565438396192413, -8.507710045540724, -8.267329379687544, -7.874700447299729, -7.391125054583365, -6.912523394674224, -6.545852845758076, -6.353694106232172, -6.2932477292982725, -6.197078871329869, -5.84612350285477, -5.1374689807105005, -4.217140948450621, -3.363938441200688, -2.6480746795076278, -1.8196027979758724, -0.7332770805794254, 0.19253089501848045, 0.19177864125343408, -1.035619241754616
2.66104286308179, 0.4500681764926651, -1.7017028378578674, -4.005872182476366, -6.105225127512393, -7.653346482562747, -8.705307616368072, -9.54364516390927, -10.149054659453627, -9.86831579410373, -7.859654993565247, -4.117446587161429, 0.07751388997023863, 3.04074508538461, 3.9823665672071153, 3.167406706881394, 1.2050070345441857, -1.2791097540335046, -3.600917170276124, -5.148804277860682, -5.630402209961281, -5.154428575372261, -4.098593050684746, -2.93863004430176, -2.2105172852039194, -2.4863007047394152, -4.0568670190373854, -6.395093223603478, -8.019756999150934, -7.30339191820525, -3.8673139795828826, 0.8300636828314234, 4.67228309331635, 6.698121444133006, 7.30844772083155, 7.059904650817952, 6.091867339853333, 4.45094371188485, 2.3294331926839424, -0.024133081208723085, -2.4317715299812392, -4.822184468243564, -7.192312812446505, -9.530893385811366, -11.737550599484694, -13.563205958071862, -14.581416064526467, -14.228480840443487, -12.084042411584063, -8.466804330037892, -4.792636470555792, -2.943265483178886, -3.9568959240876156, -7.421309230546144, -12.100231363338365, -16.8163167697717, -20.80559019114639, -23.627874135914976, -24.910024958366154, -24.132399046637527, -20.7967876651285, -15.08959586810398, -8.330424596009296, -2.349089010144323, 1.79636214671552, 4.227862477387781, 5.403765740697629, 5.47263118542547, 4.499083914205819, 2.777525727190811, 0.763904620495905, -1.120529154279985, -2.6079959623765077, -3.624143197853346, -4.268429179872717, -4.737075307844106, -5.209714237171286, -5.752183334998039, -6.291799184356783, -6.678349943454516, -6.780606489881499, -6.5483414925474035, -6.018082147066214, -5.294934176637395, -4.53733443320167, -3.930586957564289, -3.6256016713437518, -3.652261934279961, -3.850760047890209, -3.8784038812994908, -3.351554710479304, -2.123258196487738, -0.4964165561913867, 0.9745865366995313, 2.075357816142869, 3.1912134335720226, 4.684404509227936, 6.107227648043018, 6.389020548073343, 4.9700447285994045
7.521153176719866, 4.62678406326234, 1.3587186086498158, -2.0350064065248787, -4.8334635380185365, -6.602412575945936, -7.618940686104093, -8.53289502860848, -9.52705528113813, -9.734380451168736, -7.738190932190284, -3.0391305911689024, 2.9679886379998712, 7.845428844260108, 10.028781978272452, 9.503277323519432, 6.980330216310279, 3.336899083317393, -0.387014240333829, -3.1685340399004898, -4.382649356507624, -4.006590707942959, -2.516481651937119, -0.6530346632972892, 0.7084908952824476, 0.6775147198925594, -1.2141288440156597, -4.358755629054053, -6.874239313347422, -6.4842795125953785, -2.28806809888299, 4.161622547716531, 10.02167834815441, 13.594419004778528, 15.013922687694018, 14.866673060636389, 13.364440597279163, 10.664387832668808, 7.141997686911679, 3.2573714948924457, -0.6325272516829149, -4.335829986963543, -7.77735897672185, -10.89499510355909, -13.53175474907322, -15.365808132281666, -15.899690333440674, -14.545296498093972, -10.992120169464313, -5.927150769541529, -1.3610421525908243, 0.40565963591700066, -1.477299027024815, -6.01335260076607, -11.551227707435576, -16.83798650347957, -21.209336839796183, -24.39826050578495, -26.23287118400945, -26.22379585491653, -23.467488385142843, -17.418847458238496, -8.977340371496014, -0.39134158641307965, 6.312004424244478, 10.543477557832624, 12.635283134880341, 12.899358240766782, 11.575425449794569, 9.110969199941545, 6.1281656794006425, 3.227500637247383, 0.8423167305680276, -0.8354862212596045, -1.8658419211045814, -2.4906396837174323, -2.9881297617060976, -3.5152745355409163, -4.034934719219833, -4.376205778595433, -4.373081798375064, -3.9736215401063193, -3.2643416337186677, -2.4353884386984896, -1.726087966582609, -1.35653248498723, -1.4423561653585215, -1.9141047056006888, -2.4775098796498853, -2.653973079845826, -1.957700562419162, -0.22653326517639533, 2.1081254503695854, 4.238596540281859, 5.7237891970424375, 6.937833762090738, 8.471250392963883, 10.133460961563662, 10.87711239263931, 9.867584156208844
11.180456702963546, 8.073331329057897, 4.0606492175603135, -0.09583682375705736, -3.3114410453591128, -5.074182111895449, -5.867428452846101, -6.69212831573171, -7.9848866776797065, -8.819873467850812, -7.340727066327514, -2.4303697459176727, 4.8209126736189525, 11.587120181989812, 15.486204800066757, 15.912748989282681, 13.425591572736682, 9.016543580902256, 4.01398851083411, -0.14217989089516322, -2.4022542808666536, -2.4716644640288945, -0.8107335788033084, 1.6199556413024832, 3.619152350852664, 4.020364514419074, 2.2099530193167842, -1.2501112095510443, -4.412414198853241, -4.672119611293738, -0.5687813335163185, 6.708126525838605, 14.076079048673558, 19.144943338649995, 21.472604548522483, 21.458974423525202, 19.396273088496468, 15.633116096651161, 10.77528118579781, 5.5028927148832265, 0.3405074141923299, -4.417149971406735, -8.640701426838781, -12.233574150012092, -14.993130347612, -16.52788134927297, -16.292101216435796, -13.783742273637582, -9.004668038067436, -3.117609257345161, 1.494214809205305, 2.602538803743078, -0.12022855049978966, -5.224404001548403, -11.020314718230683, -16.39962813307371, -20.74603382429653, -23.81265199717671, -25.614161817921644, -25.96458392702037, -23.998645874228302, -18.615806846947173, -9.866557968993957, 0.32892516754767975, 9.345998529386401, 15.653255163803953, 19.08919657920641, 19.97340035629828, 18.684791413380072, 15.776391172794028, 11.988891372909006, 8.08771798087089, 4.69378886186139, 2.1729733728057536, 0.5866575745444546, -0.27591033949207394, -0.7575407569387808, -1.1315231490475468, -1.4647100383704401, -1.6428547103461382, -1.5218294473722227, -1.0709613032503225, -0.4152512427002637, 0.21353076389907372, 0.5635874705453203, 0.45407285109126927, -0.14642401342264955, -1.0709596863438706, -1.9476352703047668, -2.2528516427751097, -1.4795081632685902, 0.5398391059244736, 3.339925115208613, 5.9922504346556975, 7.848469186356737, 9.124125061508435, 10.502221920980398, 12.145891788277511, 13.310623496029613, 13.04059756032958
13.299879631601058, 10.56994687444636, 6.343253266565463, 1.7832364161236973, -1.6934909169955092, -3.4448377708355666, -4.0305150160703525, -4.671997618374143, -6.056719857115289, -7.389509660148243, -6.638522148904298, -2.138486867762598, 5.623940285744509, 13.912289434154246, 19.731323320647864, 21.69303152679149, 19.927730527116964, 15.36190958836115, 9.490504040475475, 4.088750488357785, 0.6265291756985173, -0.24741912826951737, 1.1449814644462417, 3.7365668018149036, 6.110446341938941, 6.953865403737873, 5.592810737675508, 2.4417420437460655, -0.8424646728313919, -1.7668470979225188, 1.5269419840941567, 8.5266063121058, 16.458357301435363, 22.52091500635741, 25.569138211952126, 25.6305168086484, 23.04994631136065, 18.41019886791447, 12.54902036005794, 6.316104225671392, 0.3356558610928122, -5.052584281697562, -9.705703455206335, -13.522397213559293, -16.280306655407124, -17.53876802573069, -16.71551435078885, -13.412131460283844, -7.955852700963701, -1.8820597709446845, 2.365356753696645, 2.958867082888612, 0.05011753040855475, -4.876928431054595, -10.45674437188736, -15.782849739381811, -20.140194554393197, -23.087436534657577, -24.62980784718179, -24.88577673088629, -23.380756812906053, -18.951482825870038, -10.897737506551133, -0.28304553107330876, 10.357402739140461, 18.748533177322948, 23.958229787409277, 26.00906422548114, 25.27458814511002, 22.360337025007418, 18.0995596474574, 13.403341135399078, 9.064793490964691, 5.63157524992822, 3.338332306236116, 2.089448414336239, 1.549187168994896, 1.345538505275661, 1.2642388202636583, 1.2887792788747914, 1.480632798956893, 1.8322113077210225, 2.212208629826133, 2.4123799871854943, 2.2373669600545636, 1.5870747989674765, 0.5096197740603529, -0.7785889248607818, -1.9011133239598514, -2.3681673320907124, -1.7140063816428424, 0.22846508420178763, 3.054342536667747, 5.883838403436691, 7.981974350434162, 9.355749215996935, 10.601373284742381, 12.130224422186027, 13.619274671279753, 14.22918229491725
13.840734047350313, 11.94628320558377, 7.996432075121268, 3.368219914031466, -0.25999077973704215, -2.062268332708844, -2.514330258341657, -2.8868231245469085, -4.085677992600506, -5.627681642468602, -5.606157736146965, -1.9976231863482283, 5.449984441101415, 14.527884293016733, 22.01569462175863, 25.762926059879245, 25.26876194695847, 21.207719814540116, 15.08255010467569, 8.842206642571476, 4.26265934579484, 2.341809793161633, 3.0003142096846807, 5.229187624053248, 7.573875478251978, 8.73114019843687, 8.056193498043932, 5.783242210371203, 3.0485366503789133, 1.807904033086778, 3.9647504416780524, 9.73323934404377, 17.084897069203926, 23.26023888450682, 26.56300004980128, 26.58499915956265, 23.64951710452022, 18.518913684787197, 12.183362105448806, 5.5620272477699375, -0.7058608753978649, -6.287244496206327, -11.05155726039182, -14.909655772542969, -17.64620091989589, -18.815431065708786, -17.8286545683633, -14.341278043433157, -8.83393826183496, -2.9465779888353065, 1.0678955961092893, 1.7934541219334268, -0.49419827124639526, -4.68504488058051, -9.827851961267966, -15.078335320751501, -19.530350070849035, -22.512721746147417, -23.891483955805672, -23.907088207097182, -22.519396728634003, -18.91212716059891, -12.064396138379896, -2.1085102024815363, 9.118602150789513, 19.14094044143782, 26.273460816192497, 29.952252642692056, 30.319076488432547, 27.94356315241383, 23.71722114074448, 18.65955862826271, 13.685682857285476, 9.483719670275727, 6.464277808246963, 4.705460509825508, 3.963289249475566, 3.828311834147705, 3.9462182186137174, 4.133239220593507, 4.326396406144377, 4.467964427303905, 4.447034209513097, 4.125378497753205, 3.399699619681968, 2.253252135099272, 0.782960302763262, -0.7908707747165296, -2.1282176979415692, -2.8046252041304967, -2.4222702703268686, -0.8261646617379619, 1.6739232890787166, 4.345359394215321, 6.483795143963721, 7.927112673815964, 9.08936872025229, 10.480255505848486, 12.173670318371478, 13.621316509236722
13.135030597930042, 12.228365152573618, 8.872809624685427, 4.461589424972394, 0.8122475355030389, -1.0683872223394462, -1.453454588654319, -1.4950010360684018, -2.237240217559079, -3.620366114290559, -4.146416353199183, -1.718540100199606, 4.608946362358073, 13.461739189269842, 21.86742506058004, 27.174323403464587, 28.203644797961655, 25.215052917947926, 19.53517697440251, 13.07918289869738, 7.7409426329315165, 4.77791552387108, 4.403471538189305, 5.823839067775663, 7.725317616333091, 8.938701781172675, 8.91826367018851, 7.786095293456164, 6.167487827795885, 5.2410779594388845, 6.501475183346606, 10.610102990329485, 16.451559852243197, 21.781547420695784, 24.74605071615547, 24.60839713448044, 21.57581279821132, 16.429288089661586, 10.158269254492152, 3.6443018182965417, -2.5086900338432607, -7.985239076139752, -12.661752911573297, -16.45425993971356, -19.160846438981416, -20.36674492794836, -19.520322980554962, -16.291474016833106, -11.121469804104567, -5.49024783612881, -1.3410724194034345, 0.11258668850971042, -1.1286874222550674, -4.495308370462011, -9.266098370246661, -14.453140911821446, -18.976203287622052, -22.065772293617837, -23.462177385592547, -23.342652637311414, -21.917947893052148, -18.858995792980505, -13.287239438061228, -4.719774085845552, 5.954084108316557, 16.672075737339718, 25.37080739447908, 30.837417936910175, 32.76328532791664, 31.52321423780039, 27.971363354244666, 23.161881288336424, 18.062778647647402, 13.439813231017773, 9.845265695566129, 7.549439921095279, 6.467554442350043, 6.234217129096935, 6.4106447419775305, 6.660322102662027, 6.78552983454919, 6.6699513084544595, 6.228759348221994, 5.405075234979877, 4.187708672123729, 2.6242797801804474, 0.831909980579311, -0.9846561017223627, -2.5198978635759515, -3.3966054420202685, -3.271419876274526, -2.0129277689492837, 0.131672366766974, 2.5567777234982523, 4.612594757451907, 6.019341629632643, 7.020905877641549, 8.160799801581204, 9.844853554478096, 11.876907197612647
11.745829109148005, 11.667948835177048, 9.002238771358696, 5.00209744964927, 1.4693241491269673, -0.4801590726628372, -0.873913579122989, -0.6090053515111883, -0.72764506244931, -1.5782109264849515, -2.2714181543140413, -0.98368892648797, 3.680815378566907, 11.279526053785212, 19.519487671847426, 25.693501489592155, 28.10550575241138, 26.51517667650803, 21.893144221384322, 15.914073767730262, 10.389322426869304, 6.692601375012686, 5.295236169716247, 5.694287842096202, 6.833367301425106, 7.754049854772271, 8.0575168863288, 7.879613402938785, 7.555632112299908, 7.557279074345392, 8.646667676720064, 11.4332554331895, 15.514882008370343, 19.429663730117074, 21.604663468970653, 21.20157855019082, 18.256494286595494, 13.396144834745828, 7.471564224472127, 1.2723944108699552, -4.629135946097292, -9.913548716292079, -14.444017043975704, -18.122992807686913, -20.745762552740768, -21.93169050727603, -21.197981200638395, -18.241949533582286, -13.391760448969848, -7.854650881674397, -3.293923540611184, -0.9654756912959205, -1.3318723124669574, -4.218458000867891, -8.840620647951347, -13.968522150105226, -18.472743049403782, -21.660602025141838, -23.2278672167874, -23.186989637750372, -21.760828239668037, -19.00205582761213, -14.453143224318403, -7.4940546070545295, 1.766122311409188, 12.05344147491148, 21.475291269832102, 28.42883950453142, 32.095819847980685, 32.4837193136908, 30.245534538274278, 26.345368653594566, 21.717233942125464, 17.139030874913765, 13.255424986479918, 10.512822536791543, 9.018268194794757, 8.522432216978817, 8.58149422994885, 8.761849430235168, 8.753051731246423, 8.378583442790362, 7.567604919556952, 6.326880008107352, 4.713523990334416, 2.8133991676638392, 0.746907227654346, -1.2920068630723356, -3.001659290340379, -4.004367910186542, -3.9714223118116916, -2.7999599185279895, -0.7454267303102474, 1.6079597700778012, 3.5999949586169135, 4.8588880228684, 5.5323511821291005, 6.222084369753704, 7.611857115134729, 9.82857994458518
10.172198578134738, 10.597458343658753, 8.546379719122823, 5.04625943355495, 1.740239589693323, -0.25527318289008927, -0.7507786454162171, -0.3112694586020509, 0.18716261009411295, 0.13376535813704296, -0.231746578896945, 0.3385591156881542, 3.300470758754083, 8.981307778821176, 16.00844111940429, 22.095201108253296, 25.367598509610723, 25.138335474162776, 21.90540361623521, 16.94521067853369, 11.829163771008739, 7.900235305556702, 5.782689535805578, 5.2325846239136276, 5.474946357358361, 5.789871785048665, 5.946981300858622, 6.192944413941509, 6.842694258345675, 7.988558929748402, 9.67852527146761, 12.049321426604111, 14.940508250427637, 17.571783210906972, 18.884491139844798, 18.157561769507694, 15.287472013948078, 10.685533156531017, 5.032511284446492, -0.9564004863103371, -6.709117059521669, -11.879186121621144, -16.30054921433707, -19.843525013634586, -22.274295542074558, -23.223181618100295, -22.285055134263118, -19.236429991584913, -14.359465904296751, -8.671946166441499, -3.7045196388327164, -0.8819294047970372, -0.9960348345920952, -3.9114091072348747, -8.571671809495948, -13.59088731599394, -17.972747206628963, -21.225909399485765, -23.065584082464444, -23.31738654712071, -22.043411941376927, -19.454688125340347, -15.537804746112522, -9.921437832531717, -2.354782761821466, 6.660475596836281, 15.813110784627035, 23.551839539099998, 28.728497438650304, 30.925395110521023, 30.437666933463106, 27.985796729742024, 24.36311804756258, 20.292502957287844, 16.459231539117795, 13.448108590134451, 11.554262484366657, 10.686650037799888, 10.470453897823859, 10.448405720820576, 10.24261307236792, 9.62587604603876, 8.52349161378881, 6.973380437883554, 5.065517547173197, 2.8974459335573024, 0.5862561159117616, -1.666684610280109, -3.5243338757413953, -4.558563548407628, -4.41433453648113, -3.019905189245889, -0.7133225835225597, 1.8208665483541833, 3.8275830886420725, 4.864331414141144, 5.074514047027108, 5.165872178468956, 6.03855128678312, 8.056210293705274
8.663042998679442, 9.281843730123214, 7.705087151678751, 4.7139822896786585, 1.700100020703198, -0.3161939562306385, -0.9971958884432668, -0.5746778001899439, 0.3625063646939465, 1.153794589396043, 1.5287388103427535, 2.0302700147639037, 3.7852364870036217, 7.520950326618189, 12.737966455090705, 17.88045341495692, 21.28066757687101, 22.002417573299642, 20.086676514724754, 16.353716212603135, 12.047516515972585, 8.360876494615045, 5.940553428051119, 4.703344232808792, 4.110762009507338, 3.6705336060616593, 3.3134295374457574, 3.411438696329188, 4.408401024447549, 6.375247231393536, 8.974432782870533, 11.792438812886406, 14.467552816862753, 16.513556340517624, 17.300101410919286, 16.31526183279082, 13.41135832334348, 8.856441066934412, 3.2282818144611207, -2.7815156754867427, -8.575814608003132, -13.76838449907869, -18.14820513441436, -21.53197947267535, -23.63149605125885, -24.063593469165045, -22.502195142867812, -18.871817961938017, -13.560438449351173, -7.598509209162551, -2.5391263842209635, 0.09890971234033757, -0.44486377315335757, -3.7378755883549406, -8.448745970843865, -13.247773813164684, -17.424749615393306, -20.723485615200758, -22.8923083046778, -23.593532108662412, -22.66091687702342, -20.25453246673249, -16.64089708055046, -11.844752164863218, -5.672138070782614, 1.8359227486348346, 10.029636129208772, 17.767175200035236, 23.89087266898665, 27.67776602163429, 29.01759358981525, 28.27186752462447, 25.989616544551552, 22.77018492587064, 19.286813064051948, 16.212928904850536, 13.999815751634754, 12.722439253887453, 12.124498102229254, 11.793085950970482, 11.336938468610036, 10.498088888080103, 9.183604538274288, 7.427321625137073, 5.314036981895419, 2.9291956329537263, 0.3871322151588537, -2.0806062327266623, -4.068163400180277, -5.064422049543279, -4.666821861414315, -2.842790409587366, -0.067238924731894, 2.794135765909209, 4.84880675584504, 5.6235464891315585, 5.336158998855938, 4.82103092964764, 5.111646115376332, 6.700735590533906
7.261250049375984, 7.883759357537193, 6.657738828080112, 4.13812707307299, 1.43455846141934, -0.5777725563571552, -1.4832826560045438, -1.2457034378124696, -0.13952723089584484, 1.3063587994552028, 2.5634640385953817, 3.564744345225351, 4.885253696649619, 7.234692892223218, 10.688600696559138, 14.448140037258014, 17.313291034319416, 18.365913286711557, 17.353637816510496, 14.708706351208521, 11.33195606974409, 8.177377000009878, 5.792925413199995, 4.153060164943624, 2.8984555894684956, 1.7435516394521453, 0.7561045179597372, 0.3752338997146305, 1.1493901861831315, 3.306443032496222, 6.507996948007274, 10.048597242586832, 13.223152964239354, 15.456733958395908, 16.259545435237815, 15.259958735263494, 12.336721229214506, 7.7219560872882465, 1.9715658352488115, -4.209967632108993, -10.187856612928536, -15.518463742616625, -19.915332788405028, -23.111257833404345, -24.746424509614364, -24.420557719053683, -21.904176122696402, -17.344484447519584, -11.393021787940251, -5.273125214845245, -0.5984144808263584, 1.2532289400838537, -0.09258056095841108, -3.782593513817481, -8.387117653549401, -12.842460854297489, -16.781233309703552, -20.1347844360785, -22.659644200053112, -23.895084342501335, -23.465402713515168, -21.359559438681824, -17.90443997635935, -13.44211178549179, -8.064812999683502, -1.7331731384510796, 5.357168669085407, 12.57736449057481, 19.02984151191352, 23.912997443584544, 26.80445378772999, 27.690910530855824, 26.81890426146135, 24.608422961037352, 21.66880208033252, 18.705878658157523, 16.278134498086054, 14.607416955692297, 13.577383914191222, 12.869170195464179, 12.1278201575727, 11.089079058703561, 9.633184675606438, 7.758238315957661, 5.508978192058206, 2.939878317717758, 0.16809607241098326, -2.521857810716635, -4.632021607098839, -5.557408304161635, -4.851745400561724, -2.537873580763437, 0.7461002592658945, 3.931427405639628, 5.999227442442737, 6.495416846490311, 5.758234785646937, 4.736373395275061, 4.514093168391472, 5.620987299082033
5.959358981164956, 6.512355774124231, 5.549932587017653, 3.434276348037208, 1.0155452538668297, -0.9709869853509489, -2.078018511581465, -2.100975597030504, -1.0696453299423154, 0.6966314719924103, 2.657481713637192, 4.387351463226789, 5.923128698194468, 7.669003536198405, 9.889070107441668, 12.32575892259866, 14.300150083980174, 15.131433401713092, 14.508850364277185, 12.63084546546396, 10.093419381736368, 7.557043759697352, 5.383334891469764, 3.5369012504426864, 1.8075634365231315, 0.1081401894089622, -1.381848274679654, -2.2417728590151538, -1.9504324628219263, -0.15889786674413267, 3.0069568311776464, 6.90480699975922, 10.66075441280208, 13.47730054669694, 14.749843005029557, 14.086256582359646, 11.36648805303713, 6.820805959727611, 1.0083188613598302, -5.347029115114999, -11.56027065802574, -17.096258077800712, -21.546724830155625, -24.526220098997847, -25.599970033819144, -24.37597434859661, -20.76340457275225, -15.197520702049607, -8.686426543144073, -2.699465837807798, 1.193285214730018, 2.003244579572467, -0.09962170149953406, -3.948471928014422, -8.239480522947414, -12.281880083514382, -16.007232671728904, -19.448802081567006, -22.33830877420212, -24.13272123808511, -24.30877290367521, -22.66054990716226, -19.40806200347673, -15.020087613276136, -9.88237805822373, -4.13460596375468, 2.168657566540853, 8.77817153054664, 15.150839848886045, 20.607949106578783, 24.588314407877924, 26.79035905068785, 27.171632043380686, 25.9490884770354, 23.6253518614738, 20.882753219635028, 18.33200464917596, 16.30826683107202, 14.835787737675382, 13.719803482047205, 12.680070288267885, 11.468594317870924, 9.933635403849413, 8.011127602254218, 5.676837811526088, 2.941382290099168, -0.06608296531084926, -2.986698540730007, -5.214664743832834, -6.054103102408282, -5.035288114895345, -2.2585625339163062, 1.468547815219771, 4.892869449013887, 6.908545941785261, 7.1208799128973785, 6.003828600086983, 4.597707547667598, 3.9819442437574146, 4.663125529592301
4.791835424609735, 5.264366212067338, 4.494381006284012, 2.6890670507953325, 0.4967245782058499, -1.4440138991964524, -2.6735860501009707, -2.919734505263981, -2.0927139228113965, -0.3345080942585634, 1.9520034957734034, 4.258023203422192, 6.271846297972803, 8.016023849127555, 9.645911235038785, 11.145045101291323, 12.24038169236801, 12.580935519102688, 11.985906313441573, 10.575327291280427, 8.703921990637587, 6.729226023930634, 4.794903855956872, 2.837840103558006, 0.7965455324991166, -1.2185564182387107, -2.941031453336603, -4.0440616420928635, -4.172927317907403, -2.9992871367335034, -0.4301259486612218, 3.1829152018456415, 7.086527735017486, 10.384797081919023, 12.285782552007731, 12.239658535920555, 10.026023996633446, 5.813684357205064, 0.12694172498935374, -6.306745627984536, -12.737604976861588, -18.4982089535693, -23.01101072965108, -25.7446168991526, -26.201308872846376, -24.045180517794563, -19.379398062736776, -12.962753153357312, -6.155141836902423, -0.5916225537473824, 2.3632525987952038, 2.2377597073791984, -0.3163223060793812, -4.029355898801195, -7.872237167326339, -11.514314526567352, -15.08894243537356, -18.65576807756669, -21.905095820878348, -24.24591481735233, -25.0717076956722, -24.018433709679474, -21.12573461433906, -16.808044296848035, -11.609549023394733, -5.919778838501983, 0.09915948401787457, 6.338369241929276, 12.531601725274642, 18.211809708052677, 22.8394726012368, 25.962704555993785, 27.324547488192593, 26.954771182934977, 25.22521298195457, 22.748072975018886, 20.13535955331329, 17.79875270100726, 15.892737897279385, 14.362190590895647, 13.028166215769017, 11.676036387350234, 10.117585508814747, 8.204913494479593, 5.822679064384087, 2.930758862876201, -0.31822014007068666, -3.471512494870533, -5.803275755496741, -6.533426440681832, -5.193716096050765, -1.987459039223885, 2.1060715037351025, 5.677147311507381, 7.57320973564624, 7.486541618375535, 6.032459805863209, 4.331929791383544, 3.434654096351849, 3.7880833756543533
3.8202106854701405, 4.218878216304619, 3.566158094303775, 1.959688957298161, -0.07746478963967289, -1.946961171899131, -3.1840931826089167, -3.5319064686337267, -2.9082959799141586, -1.3698361272904969, 0.8564516720567569, 3.3744070643672197, 5.762233837199352, 7.753382124880652, 9.265858818351267, 10.282946165227122, 10.756675860348949, 10.633221088764108, 9.937691108120882, 8.80700785891834, 7.420182034713311, 5.870851170793408, 4.114056964703793, 2.0827151999120903, -0.12664911799643885, -2.2194843355760097, -3.876480389730686, -4.915857598066541, -5.232453353162839, -4.641697859297331, -2.9297964059599324, -0.11529073282886929, 3.3677251100463264, 6.7405315610869545, 9.118410930009809, 9.758579108372759, 8.245068362243568, 4.589227907940015, -0.7873098724003521, -7.18288891998357, -13.77680656004453, -19.740298068223364, -24.292998439499915, -26.74270826944895, -26.551461044334832, -23.495049883070617, -17.921453723599765, -10.909810668882225, -4.088321500590803, 0.8868064079431677, 2.9774728876855687, 2.2068020620046425, -0.4690074099607565, -3.854518280036138, -7.230153352503139, -10.540939677315373, -14.028507874770558, -17.740584337565675, -21.332599547760616, -24.19154640952948, -25.671748890116508, -25.303788287498097, -22.9508427995051, -18.86928843118518, -13.596707911546947, -7.694978569664176, -1.5362278885000205, 4.6996141918056145, 10.855897754355006, 16.645645758975643, 21.63716004550557, 25.355167293591492, 27.42766398511163, 27.742522382299043, 26.538958572393817, 24.329103071545333, 21.68702302403952, 19.06847104800819, 16.74411739517238, 14.805075314172406, 13.190872283249844, 11.731535538159529, 10.197432956602228, 8.33959524754284, 5.936346512379013, 2.895475179001194, -0.5944002656430107, -3.9697457026349783, -6.374415570019664, -6.949275704553197, -5.250309740188159, -1.6117900027839929, 2.804405573791597, 6.4487116531153745, 8.15310610141276, 7.723198564544226, 5.931136065130343, 3.9851149200889084, 2.8985160429642494, 3.0318481585171404
3.0825202801300464, 3.41446092170603, 2.7991296416325926, 1.2807680319972843, -0.6609417230202927, -2.419675192387958, -3.5374698031823306, -3.8362499692388594, -3.3348880269968517, -2.093323587788285, -0.18952102560556727, 2.182861050833642, 4.676696207488432, 6.8924884734400615, 8.520698814301193, 9.41410786497289, 9.586537423429647, 9.180130585516261, 8.405495965622688, 7.447638933299953, 6.368496380983823, 5.0717001401866275, 3.3942168623210307, 1.3073101195697958, -0.9358596044823312, -2.8953764704995675, -4.247408806974518, -4.984043669453236, -5.2637328221027095, -5.088566453078241, -4.21422331088895, -2.3978057400847756, 0.2836380274801049, 3.3116594297661055, 5.854394977404413, 7.037844106556792, 6.225134660151557, 3.20578124156254, -1.759643801061305, -8.028934402430284, -14.720188152100627, -20.83575939384906, -25.378296671413207, -27.492267313910528, -26.625695870588753, -22.716341156373584, -16.392460091894225, -9.021964084873472, -2.3881231329504393, 1.9649810990834482, 3.36647080337119, 2.22542819409026, -0.3676677342592459, -3.3749405127324525, -6.34202226749818, -9.39616827403524, -12.830681688394378, -16.679978662850875, -20.586058494373866, -23.932006159030145, -26.053953910441834, -26.417111310999847, -24.74817559438835, -21.123845219791743, -15.960268023872166, -9.855722555967619, -3.358050779021544, 3.1756693806402563, 9.535328643844789, 15.50805437512397, 20.769940099158863, 24.897511299749798, 27.490961752440455, 28.351863916864726, 27.603102496201497, 25.645773561383802, 22.991988858560084, 20.11707838373833, 17.393905960756697, 15.060914196596945, 13.186063182407057, 11.650379760424714, 10.177848306381463, 8.406239975138918, 5.999690187174367, 2.8177666852615793, -0.9024318093930749, -4.473680904245789, -6.902499947458125, -7.2548654887754145, -5.130650445666298, -1.0245813865021747, 3.69808707504891, 7.352034426981214, 8.780463624298173, 7.935796229744644, 5.773737417545768, 3.6047855162998768, 2.4059881552499136, 2.426386016210883
2.5704854024670722, 2.843356049716998, 2.1940923337550475, 0.675741320935553, -1.2006916855627168, -2.7925162641982704, -3.674398015164392, -3.7969993881557365, -3.330118932029789, -2.3844128926368624, -0.9242491246384501, 1.073978373948859, 3.432056404081539, 5.748441349448972, 7.558112261230059, 8.545716378084567, 8.676338343507632, 8.176608302493662, 7.377260818160757, 6.506557354116362, 5.5615272496191315, 4.343019566506105, 2.651828364601605, 0.5351440733367265, -1.6181094779439829, -3.2834512569321723, -4.1906107841064495, -4.518902318676081, -4.654784452799074, -4.752638710904387, -4.566301798549291, -3.6815839093536655, -1.892207668347534, 0.5588658415922038, 2.9846052217415595, 4.475072649055788, 4.218382198556581, 1.7800995482879693, -2.7643147114509596, -8.859498531814593, -15.58472425048596, -21.7852167493828, -26.249002814774197, -27.963544673112303, -26.38764799162394, -21.659653572768047, -14.707221815044791, -7.145410554520206, -0.8119000284097646, 2.9469769602898226, 3.8099129583365223, 2.45772619594375, 0.013074794750691763, -2.6508500338882333, -5.279503288871528, -8.118607434902719, -11.495038059054169, -15.448047485393344, -19.629581612964277, -23.43079002117531, -26.176485416516638, -27.287138742554582, -26.393672641470328, -23.42029966173948, -18.620410570003333, -12.514765139163986, -5.720796828982528, 1.2355317309690113, 7.996932960648768, 14.307405784600999, 19.889179200575978, 24.383052945782232, 27.41281462245672, 28.74160959175243, 28.401887486564164, 26.688674692018946, 24.042432305332326, 20.94188487163165, 17.849457427122424, 15.147948308921292, 13.037396921464719, 11.451765758782173, 10.064533805275827, 8.394381900481177, 5.991794169816733, 2.6772305089503714, -1.2521802153303536, -4.978209095839451, -7.36873245899201, -7.421145521061219, -4.797383761267564, -0.1808831779248055, 4.836808911189164, 8.436262939071122, 9.500660885612618, 8.165844325971724, 5.59539298635418, 3.2130228837542987, 1.9626822621603746, 1.9665396094462984
2.2387443674307694, 2.4661295700354064, 1.7355108937106485, 0.16715574630819688, -1.6385529148076308, -2.99631641418198, -3.552120941674371, -3.4256723835865523, -2.9521661286196808, -2.2940639308044575, -1.3144402521635408, 0.21229312141921133, 2.2975306962759148, 4.607195479476509, 6.592425071505669, 7.78271693971064, 8.036662361870558, 7.575891260942891, 6.781491758724003, 5.910235499735824, 4.941212056455562, 3.6548114556308757, 1.8866637927587198, -0.21867708401533847, -2.1726742383251634, -3.4358126194498175, -3.849535203896691, -3.7854001807568496, -3.8023293157885285, -4.132862220943412, -4.501597143818334, -4.376095417174002, -3.3668643919349375, -1.5125784674204075, 0.6514454047790761, 2.24673257253129, 2.3617665158056904, 0.38558396311425247, -3.778825113402357, -9.676956775249442, -16.375540854165195, -22.585369492959813, -26.89285890632126, -28.14058236584912, -25.81999805888211, -20.296651941654023, -12.804020508918326, -5.164956453960748, 0.8006762294733608, 3.987273468187044, 4.3890890602803605, 2.8827670287397043, 0.5823654090717828, -1.7824789644805934, -4.109654675105974, -6.734191018811289, -10.019021660001439, -14.026963946307793, -18.436575497833697, -22.655644723653328, -26.001420603804338, -27.85839086752933, -27.78784031714427, -25.599616471748888, -21.395754011059573, -15.563978910234502, -8.685864904547312, -1.3765442440915079, 5.853841206884454, 12.630343136122983, 18.64066674413984, 23.553395715240093, 27.02465261623519, 28.807181764170615, 28.86881051082088, 27.412843865521413, 24.80871426273784, 21.529087163477996, 18.114804659574236, 15.086419397926278, 12.773307322126726, 11.159782530819863, 9.86624372465562, 8.294249871999885, 5.890714078700144, 2.4514120963763166, -1.656737786669418, -5.484129980608716, -7.766436021354853, -7.443463649276504, -4.256815339316111, 0.89857643383838, 6.1899422133999, 9.673087997408276, 10.302311781745676, 8.424475697445239, 5.418590877470695, 2.822413250222678, 1.5562144378428038, 1.6167235681397316
2.02372366742895, 2.2313409416616192, 1.4059469430388218, -0.2196303972437563, -1.9187113395993816, -2.974439620350932, -3.1472417241397017, -2.756163466834632, -2.293847153697022, -1.9458817080422066, -1.4618894089716399, -0.4305103638032992, 1.3331522154449145, 3.5801981440923227, 5.722927290925954, 7.163808383874221, 7.633128626015645, 7.287166691992882, 6.50131689868792, 5.548579645835762, 4.4306344063285135, 2.974558690003101, 1.1024643799445848, -0.9374074634238103, -2.597986588695384, -3.389108836320545, -3.3127536164347653, -2.9330617382076745, -2.929338253721838, -3.5392136391453746, -4.4109722558818545, -4.905980778308113, -4.520754909218048, -3.1743305106365534, -1.2949812200502775, 0.290263946601301, 0.6327852951698415, -0.9919779114076569, -4.819826738553254, -10.49855327411323, -17.105629193243907, -23.24311211918541, -27.314511362018777, -28.034051787249734, -24.945738605542765, -18.659029104109067, -10.709424829135818, -3.0914894955038092, 2.4436705240375636, 5.053933351028644, 5.024080581652001, 3.385758021880616, 1.228481387152128, -0.8478350797875789, -2.8718073210421275, -5.257456564269176, -8.407163852753891, -12.416006392566766, -16.997587415006826, -21.58449618629305, -25.493898332257753, -28.081105391433294, -28.850892204698656, -27.526254056495432, -24.087600319838934, -18.784943950455403, -12.101220784106076, -4.649074916802632, 2.965643819598035, 10.23688332781354, 16.75952495193935, 22.17401787080703, 26.14371795362117, 28.414717956095814, 28.90741813408274, 27.749278385250804, 25.24434700218521, 21.85422781573217, 18.188266863635715, 14.894594762232225, 12.422385939679597, 10.798939424843176, 9.591137775745842, 8.094313436756455, 5.672045430018542, 2.1147458406329935, -2.1338180915762655, -6.000047258778816, -8.102397709058641, -7.33949201205114, -3.5489326646553327, 2.149623125839355, 7.681998311977047, 10.99974125803348, 11.156176142048029, 8.717509113826662, 5.26430145475091, 2.4413761555499844, 1.1642767258542297, 1.3251029766464948
1.8577443528620716, 2.0883568540896285, 1.1914309755744026, -0.4607163420257362, -1.998637627466753, -2.6937298643696583, -2.457659299988292, -1.8257018332704182, -1.4285323050707432, -1.438221265777391, -1.4707497901339328, -0.9395436384614778, 0.49012012073514377, 2.648657321292203, 4.9319614216323675, 6.64155867134606, 7.375655259245701, 7.187798060832277, 6.407508413087325, 5.315564551659811, 3.9675461562817387, 2.2861319790978314, 0.3136152160643688, -1.6005369642084848, -2.888164726101824, -3.1592217285992006, -2.6092976862236004, -1.9895755406173683, -2.0600374904672063, -3.01520897362871, -4.396063026930614, -5.456172787852547, -5.607171000807324, -4.697807716579289, -3.092017528927261, -1.5721378266873287, -1.0898461080562016, -2.4334341089309115, -5.9433784135548, -11.36555555652327, -17.806325349456475, -23.783264629528414, -27.538878186409992, -27.680316548437712, -23.824054321913337, -16.83225195372342, -8.527957905904199, -1.0381905179736237, 3.99873452605897, 6.022415522082525, 5.5917439857949285, 3.86356513933014, 1.8834462378048962, 0.11896541035537626, -1.5817066532946955, -3.7025014944304306, -6.678754484854521, -10.635116068694204, -15.323369669004753, -20.2108315792554, -24.6276359071001, -27.91039453794128, -29.5152870054967, -29.092256852360077, -26.524465778047386, -21.942888656985787, -15.714318098990118, -8.38602486896414, -0.584661023501996, 7.091398730608837, 14.129815689172414, 20.098848136643287, 24.63005837835725, 27.4467894784773, 28.425901126647556, 27.62959467604169, 25.30218101638655, 21.891436435617106, 18.066048138972132, 14.587738038658985, 12.008873645488405, 10.387853751011098, 9.240590096249264, 7.776595779123599, 5.3060274535673075, 1.6368677399215492, -2.706883258000676, -6.5429016302301575, -8.395635032753129, -7.143706246718329, -2.734358201539254, 3.4867692493909463, 9.22029382068277, 12.342658041842215, 12.024842757907983, 9.039300570373276, 5.137890446459932, 2.062973851297898, 0.7531188239382219, 1.032186297950456
1.676798521856617, 1.9914862986781865, 1.0785649618350703, -0.5427899605555995, -1.8603363534961679, -2.1533707545106227, -1.5061318231648233, -0.670400133017214, -0.39123097862813805, -0.7994769560165269, -1.3677487281010392, -1.3462582261805838, -0.26934922823172586, 1.7671377209822836, 4.15890117833614, 6.129919343354287, 7.1507595225945515, 7.149578134432524, 6.380970410449323, 5.125079529107838, 3.5108554364882143, 1.5882091851941864, -0.46013993633243166, -2.189707012655708, -3.0415925371099615, -2.760592653163776, -1.7504261248676642, -0.9342173600661967, -1.122323048925029, -2.445502132376557, -4.337862091216726, -5.957698192599866, -6.643442354348423, -6.182833371484358, -4.884362767421207, -3.4864933296434653, -2.927258090185118, -4.030226055369291, -7.218619788816567, -12.333587832011526, -18.524435938359698, -24.245773473639492, -27.60371636345394, -27.125737357465912, -22.523260428691213, -14.913822829847858, -6.381384313484956, 0.8633439180151187, 5.3405582234286655, 6.787411578695424, 6.0175250326374226, 4.276426826354428, 2.5350649159490826, 1.1167908682508836, -0.2466442862821142, -2.0919501892777865, -4.869720492766721, -8.72364591789828, -13.44487054164485, -18.547748833413202, -23.392904241928477, -27.313341062358845, -29.725393132470927, -30.21226948791597, -28.572437768363887, -24.836906516390336, -19.264184833938888, -12.310618054471403, -4.566169257238364, 3.3362413436931573, 10.801557166991339, 17.31159644448864, 22.434625885200433, 25.84695529747429, 27.373817527285933, 27.01405220502401, 24.954493282573072, 21.626772077304203, 17.749628159741015, 14.179987288306416, 11.549956099588329, 9.93393315160753, 8.803706694188755, 7.312757358101947, 4.755532724975793, 0.9818925662607292, -3.405142311849256, -7.137066785571278, -8.67462694336528, -6.901401392952658, -1.8843274159759302, 4.8158516569314695, 10.70507614572947, 13.61804810983714, 12.850724763997423, 9.353038987459687, 5.0106925771166395, 1.654330577444289, 0.27638330497365604, 0.6766480138151556
1.4251413729146818, 1.8991668079062576, 1.0481808098297338, -0.47207169986147896, -1.5180250141028948, -1.389601711840644, -0.3443033835746936, 0.6667155788480388, 0.8074339246026662, -0.0017260637998680157, -1.1015174858060117, -1.6011143584671979, -0.9183788100639281, 0.9295084320513224, 3.3613560635698945, 5.551012571040193, 6.8527666495984905, 7.0567742301794185, 6.319813019939252, 4.909007307461613, 3.032944348074034, 0.8850467789574216, -1.2016087987664947, -2.695828823520992, -3.0715773027395117, -2.2282522370788866, -0.7738474219962153, 0.22366599459096584, -0.06919743694148711, -1.717119267660409, -4.073851519121761, -6.2377400919542385, -7.49250778921859, -7.557645182975177, -6.6647364407894, -5.4865477301596615, -4.928565909001665, -5.833039094682465, -8.695603694318482, -13.453287615076205, -19.309294774560886, -24.673891175544636, -27.54437733862707, -26.40382652573802, -21.086633231941224, -12.96484534154542, -4.344950096915583, 2.5385243783618074, 6.41249064457936, 7.321481026629259, 6.3041838318418995, 4.647469285331945, 3.209984963637339, 2.159187282982954, 1.1239741510187775, -0.45871065359358815, -3.029442232174958, -6.736695388587136, -11.411854879287176, -16.630216525181954, -21.80300060709414, -26.27811348046983, -29.443850251646506, -30.821997700636093, -30.13115052727954, -27.313063214093088, -22.530858819029365, -16.148681903312596, -8.690737626751519, -0.7756497649785951, 6.960786609270185, 13.92816848850155, 19.62003431606805, 23.646208816980142, 25.766828515180872, 25.911797431332996, 24.208565276722435, 21.069598808036222, 17.252906728499028, 13.687068207218104, 11.05476089411779, 9.430627916513469, 8.255128856401894, 6.663761580115166, 3.9774614757554225, 0.11065729864025312, -4.261027592939264, -7.811276946861589, -8.972823767294106, -6.662105403087883, -1.0725317851506773, 6.041224813391307, 12.031625841495488, 14.726065492903997, 13.544336810093174, 9.579240482413597, 4.813952261367056, 1.1573252692825586, -0.31936455954650067, 0.20233538730151007
1.059077525441578, 1.772530561033983, 1.0705126468507082, -0.27865541596403887, -1.0188815759637644, -0.4735277075991581, 0.9468908015198757, 2.1242281384143813, 2.152106661427703, 0.9936003051813075, -0.5935559175273575, -1.6130340544740225, -1.3812633529620821, 0.17674619138780256, 2.5368367718191895, 4.8593510467669505, 6.403115319874785, 6.817125596504018, 6.141598792747739, 4.612847168858457, 2.5125599555222147, 0.18021741214835166, -1.900175034445886, -3.121680890291267, -3.009458467890452, -1.6242754210235688, 0.24167385742697792, 1.413852900140222, 1.0631600871870188, -0.8153430746441462, -3.5336098452693823, -6.179122555061075, -8.013474678166626, -8.687622650255879, -8.32781248965766, -7.503600648117702, -7.057341048384778, -7.831248723504486, -10.385278253836976, -14.752505150299443, -20.196533833052612, -25.098258324739756, -27.376778613424925, -25.5155706726141, -19.508612958961795, -10.981458903163789, -2.4157774422160827, 3.998964560861208, 7.245536751234309, 7.678390669810271, 6.520540224248303, 5.043962872593396, 3.9561423662090593, 3.2638340033535274, 2.516228073078243, 1.157242629447666, -1.2155317902920644, -4.740510032594858, -9.290092191951127, -14.514505470407018, -19.89656406938367, -24.819648340368154, -28.658745389679375, -30.881639079118383, -31.129997764888405, -29.260413298831956, -25.348902186165816, -19.673875086000205, -12.685593390213233, -4.959470800533709, 2.8667000820691775, 10.15907922463433, 16.344794771183633, 20.960308958059176, 23.689696009832414, 24.385592348622513, 23.111756431634745, 20.25727713002655, 16.605539326480315, 13.127739122796626, 10.52472327263172, 8.858559635351332, 7.558471703783384, 5.785792746180722, 2.9300166776527576, -1.0120304482404574, -5.30363825516563, -8.592399039233177, -9.321710737250253, -6.471102135710594, -0.3654939552047458, 7.074589821040487, 13.096028622349007, 15.553482374624318, 13.986901905587574, 9.601339618371982, 4.447672384572545, 0.49902932114977444, -1.0844982793283147, -0.43374513973299533
0.5504386438148339, 1.575992126682465, 1.104940815282892, -0.014036896600438404, -0.4357078477916709, 0.49899035042609263, 2.26340116821296, 3.615780846264228, 3.5967155493484517, 2.1894760120849757, 0.20211836893270257, -1.309488542874929, -1.5804248000484913, -0.429469094876379, 1.7155364078341493, 4.046774975576149, 5.759542251098414, 6.36938367205311, 5.786530634942702, 4.195067016970899, 1.9327321648462035, -0.5246564033080152, -2.551142317409702, -3.478713296433042, -2.8978308940354434, -1.0261975369494931, 1.192724993161814, 2.523673761164919, 2.169138647668059, 0.17435900506085525, -2.7697751455759057, -5.788812181530892, -8.161608279809283, -9.484901771623964, -9.764045495790002, -9.430248070694185, -9.225572978516782, -9.965128135194659, -12.258294242505286, -16.22749202113907, -21.195207092789637, -25.522644697462752, -27.08444871493628, -24.420213189735342, -17.730816157213322, -8.896696582657437, -0.5210591015989826, 5.327938191579635, 7.939387792320114, 7.973080564326421, 6.783159806324187, 5.562471098812497, 4.832697535200337, 4.4479340439930315, 3.9118881456617767, 2.7122807780912863, 0.5111750969544729, -2.807023658965604, -7.1562522329470815, -12.274065542934729, -17.73510847181252, -22.97979013021044, -27.386760858225337, -30.37981601572913, -31.528040084755734, -30.60499649195345, -27.603117269928262, -22.720075433719785, -16.332481155287145, -8.959926815698328, -1.2162069046774606, 6.250273907583142, 12.819543202555282, 17.96040256079497, 21.277369797821198, 22.540034548849817, 21.744701169480393, 19.25155720326434, 15.851120895278388, 12.523640401110976, 9.956379812861156, 8.192685932235742, 6.677953494711041, 4.644704506865322, 1.5875196548350654, -2.4040996101089016, -6.547588684261518, -9.495856709260082, -9.741484421305667, -6.358975642869122, 0.1895857738982208, 7.848337767641062, 13.809254444556215, 15.989549541918128, 14.049370887802327, 9.28648726384169, 3.799326135444622, -0.39431257175435125, -2.0568031618921876, -1.2550565592142664
-0.11080176410982737, 1.2803087698540978, 1.1047769188154704, 0.2576112340610416, 0.14675031821391435, 1.4235577384843776, 3.491050661579626, 5.03332139897732, 5.0538855068560204, 3.5284607552066047, 1.2627826186569637, -0.6783180737033798, -1.4760171167140466, -0.8368535804195748, 0.9431308480246319, 3.1366535919854934, 4.917153155388567, 5.686449801407147, 5.219656212425132, 3.627800741324903, 1.280956410148603, -1.2289359891087626, -3.1527671920799865, -3.7805160991836497, -2.7783329023026004, -0.50692314596845, 1.980746948065076, 3.4373472047439226, 3.1217912096523337, 1.1188674579234315, -1.911335014298326, -5.172428928026521, -7.99668855101819, -9.950312290602787, -10.920405686598492, -11.180231218637456, -11.339265100148099, -12.153580040203932, -14.257404941479894, -17.84410351348316, -22.281831650245838, -25.91546195533784, -26.61320437407131, -23.038575694192307, -15.657242199773119, -6.607341810360079, 1.4475407022490612, 6.646067004489548, 8.63550635103572, 8.363350346368254, 7.242407266475653, 6.315889557603839, 5.898559618287069, 5.720306499651994, 5.285078384758389, 4.160057681695235, 2.091003781330796, -1.0071450811971354, -5.090244671909173, -9.99217900865318, -15.396780643472585, -20.822772435578322, -25.671204562175696, -29.334232686049624, -31.314802819921002, -31.306591102047193, -29.22062792249871, -25.176153145634714, -19.47704521285911, -12.582105394262559, -5.066600157839656, 2.428160077952132, 9.255988762125401, 14.831251486503938, 18.683413036070657, 20.498987757197828, 20.205820916377817, 18.12829829752679, 15.04145494315437, 11.899265512426103, 9.348806210750727, 7.4175214950101305, 5.599234110250262, 3.238659894354629, -0.03866258491446565, -4.048778849643056, -7.979115205283866, -10.514375087994798, -10.231039099331875, -6.3311756661167715, 0.5771759144066312, 8.330887885065497, 14.116641127067087, 15.95089261836331, 13.622016989173364, 8.515288193241776, 2.7674687519329195, -1.5831273740607672, -3.2550211497893624, -2.2624664040715663
-0.9152019002559593, 0.8669006164187201, 1.025295097340636, 0.47163829146032316, 0.648031289524237, 2.205837762690367, 4.523446108121967, 6.26152676691687, 6.404712702504691, 4.8975913987539705, 2.4961275306101425, 0.22448967399232397, -1.0797672968575394, -1.0188214062240013, 0.2664053745118193, 2.1739841224744856, 3.902907669094429, 4.772670022479788, 4.429478289603708, 2.896122237902622, 0.5491469620070498, -1.9319556030115939, -3.7033539501631623, -4.036649598677782, -2.6806523450405306, -0.11752558295074197, 2.536763816241578, 4.070033021269775, 3.8184828218681592, 1.895684574344078, -1.0961178417522188, -4.4675660326511455, -7.631734353498939, -10.14909017840086, -11.8041587624612, -12.71072028668325, -13.326252466675347, -14.31813902942902, -16.313540850377095, -19.54532562055876, -23.401233216646897, -26.208560587973274, -25.87459689841497, -21.267387607144023, -13.182180664959839, -4.012185031884757, 3.594845259287914, 8.082424609276627, 9.500425660864984, 9.036250972771123, 8.063026935243542, 7.408727622884851, 7.189230502324226, 7.0653186492154845, 6.594569732970864, 5.45087492330445, 3.4700120383012525, 0.5971657336853176, -3.1657945319732494, -7.752620337314059, -12.96799664230393, -18.428102218408288, -23.576503267103767, -27.78848869147945, -30.509177183999498, -31.35702675338627, -30.1650123758497, -26.976078155113463, -22.0214037930423, -15.695538587733683, -8.526376182922968, -1.1334248023410025, 5.828454314080186, 11.734436618310765, 16.04890158048005, 18.38113085123941, 18.592670074263307, 16.963949750436978, 14.22937419510223, 11.28370834145398, 8.715756960239453, 6.54793286108188, 4.3542006535177045, 1.6217510871846268, -1.8807246357450214, -5.879744622511642, -9.54465973463141, -11.608917337919323, -10.760422652031403, -6.360880597582098, 0.8218450069694088, 8.538630468395068, 14.015692166535201, 15.406381005468148, 12.64476004245032, 7.212874066057084, 1.2872889788813138, -3.0991534372223173, -4.673322349110264, -3.4334798490000873
-1.8337844708050122, 0.3316052514783213, 0.8321378153510676, 0.5749798367777404, 1.0064914323194505, 2.778127182558911, 5.281042306551977, 7.200304602105822, 7.525230287129486, 6.157309430567232, 3.767279523294735, 1.294364276644033, -0.4463283789652947, -0.9761611384175368, -0.2749887159609864, 1.2150116880500945, 2.7663501428541832, 3.657327350777965, 3.4245884885342432, 1.9972747435675793, -0.2656166566418533, -2.6316595953950137, -4.199342727140768, -4.249511144704148, -2.6173976445629323, 0.12055376866302556, 2.8330216569927735, 4.3855471156053945, 4.2075170627478355, 2.4305861486326426, -0.4219649487392714, -3.7869030400759662, -7.175530935746204, -10.163210525019347, -12.45338755372184, -14.012715850974702, -15.141469545696387, -16.395288732601376, -18.358319989718584, -21.260072140933243, -24.47172435218288, -26.30284758960493, -24.757873742485778, -19.001881636941693, -10.222617680352743, -1.046101356493498, 5.99849186041271, 9.764828204557379, 10.716855162836548, 10.18362606056118, 9.383122319180806, 8.893013029602258, 8.68306892849912, 8.423994998521314, 7.777129325360463, 6.532835303563614, 4.605644410133659, 1.9611465266472132, -1.4408984207717885, -5.630008171740985, -10.534578007484651, -15.882724359734244, -21.18130569104108, -25.8064824711533, -29.155820059124533, -30.778009870384942, -30.432673712509484, -28.09070054832385, -23.911862069459865, -18.22319072099876, -11.497464083927657, -4.320754986417613, 2.6576356868004285, 8.787996988657326, 13.481871512522678, 16.28099885013903, 16.985047681962374, 15.822005786291319, 13.461437031168218, 10.712225892144053, 8.095688592139481, 5.643489281831116, 3.034035114974271, -0.08781596755368314, -3.8109475419989223, -7.779802008184467, -11.14952173033627, -12.70685994504007, -11.269218095250876, -6.388019463706977, 0.9894627351203198, 8.539639424075771, 13.564835801717932, 14.392024202085286, 11.12765165649582, 5.3732242083099395, -0.6453736983532433, -4.92785916443371, -6.273589544637212, -4.721511770559522
-2.81963921315913, -0.31370149928946367, 0.5075499936577136, 0.5350944860335342, 1.1888275224194051, 3.109877177764611, 5.725899459955678, 7.787542903206927, 8.318353473106676, 7.179555174164684, 4.936467205801883, 2.408076311945679, 0.34416354859595333, -0.7324488798383042, -0.6534441941666294, 0.3178623299497853, 1.5705696945463172, 2.389236838977305, 2.2330367901796646, 0.9437029107803655, -1.1568692121770074, -3.3214518014905767, -4.634163423868594, -4.414971837252715, -2.585941024259331, 0.2131558057099222, 2.881448912275322, 4.397673878498164, 4.2941410131393685, 2.709295600422941, 0.07131944830394747, -3.1930588738102976, -6.701213047323768, -10.057967827871982, -12.90848378611908, -15.093227145140672, -16.76100189456169, -18.338935079331588, -20.32983636407637, -22.909088335772758, -25.391818990113073, -26.0795745828135, -23.149369105874285, -16.162805364346262, -6.7456354921729895, 2.3043505225572485, 8.71015015477588, 11.821793393031998, 12.460423142277195, 11.947597825410837, 11.248808800433915, 10.717091881281922, 10.274454624852861, 9.687051747306818, 8.750982560546717, 7.3585372098683335, 5.473616853713203, 3.0641468366722333, 0.04971311291550127, -3.6817035000819884, -8.173816409025703, -13.273772257079152, -18.57175120706694, -23.466009044443915, -27.319698821418907, -29.61738194182719, -30.049855258630036, -28.522375766869036, -25.128296839354253, -20.126206087616463, -13.926186481390065, -7.069027361913134, -0.18505237786565956, 6.064352841316008, 11.050382843892113, 14.25856945387153, 15.432658422805435, 14.741244086343626, 12.76919293688601, 10.220495810298594, 7.5454683912442775, 4.796570717488856, 1.7689514407210134, -1.7342888585426588, -5.668804531362997, -9.603013015694636, -12.672865173643828, -13.711197375304796, -11.672870830108264, -6.3252842657913835, 1.1806157669776942, 8.4473891974193, 12.878883481528597, 13.009769509993442, 9.15556206633037, 3.0715642195855146, -2.9563407161008426, -6.992279572948754, -7.977015128757, -6.055321076606174
-3.812860067838332, -1.0425306130300818, 0.053117032196816114, 0.3442000925925021, 1.1929213916092236, 3.209520150982089, 5.866857813086383, 8.01289835704522, 8.738239831638513, 7.8796952665301525, 5.89203511798145, 3.4507136439224233, 1.2021138204971766, -0.32982931673020816, -0.8579026048967429, -0.4654780854963749, 0.3858140191876727, 1.0353943077446761, 0.9066456978272885, -0.22909292774497966, -2.1009093329754487, -3.985353886540488, -4.9977019886286085, -4.525991020558629, -2.5754356334446844, 0.18388937164198552, 2.722817682806279, 4.1592393875930025, 4.130178191082454, 2.767896252888804, 0.3941411416194651, -2.7024215961850784, -6.243934163860392, -9.873518636286345, -13.2005661356293, -15.964803099634285, -18.17532487351876, -20.11713931001658, -22.171612626701705, -24.406546144817007, -26.047447940445558, -25.416348787877045, -20.956625449049607, -12.721106940493167, -2.7803358352442804, 6.009774885333397, 11.76969192695951, 14.367385049600156, 14.839850901664065, 14.341129647900404, 13.55443750300215, 12.704340969859544, 11.783697719668508, 10.718167990737994, 9.43800786744591, 7.899779785252819, 6.075386359082941, 3.9133718274558658, 1.2980884626082196, -1.942955816026229, -5.948661454912297, -10.682749628686485, -15.835807943066264, -20.852708273568453, -25.079700884261058, -27.943594696693673, -29.06883174832212, -28.301363672437812, -25.677240592041937, -21.39106882692803, -15.785319753681799, -9.343172874536315, -2.661382286291592, 3.600535921961677, 8.786109169761493, 12.337019601902838, 13.948874155186369, 13.726970991993088, 12.156781876451806, 9.823970199978273, 7.105773841866685, 4.081348693291312, 0.6646284931907964, -3.191131431152113, -7.320595763738393, -11.220675651485918, -13.999079869061681, -14.520463906528077, -11.875951166859664, -6.069159212376638, 1.5186724137363774, 8.406176678477712, 12.112272923237766, 11.413067137068948, 6.882075355928865, 0.46755716240922574, -5.485304520475615, -9.146501798248638, -9.662848722850816, -7.343031197451285
-4.750774515265474, -1.8182349671176334, -0.5109382945985737, 0.018668707641890204, 1.044067199961708, 3.1173435762260797, 5.752902340946515, 7.917060838216416, 8.79853075009855, 8.232799698981893, 6.57080185228811, 4.334753356005702, 2.041158279638005, 0.17463632290185585, -0.8980238454607552, -1.0968318454969817, -0.7166746635516096, -0.3204004836797771, -0.4752114758054405, -1.455849115176674, -3.0504737805623523, -4.594737339244461, -5.277271217070689, -4.577773647175846, -2.5756213788896583, 0.06218148750079579, 2.411973169418775, 3.7445817207640886, 3.7936746231184695, 2.6702256286169255, 0.5842186474986724, -2.3053022521026967, -5.815477719441331, -9.632730383798263, -13.35338794462731, -16.643514618726876, -19.385096033965628, -21.706802306227733, -23.828007934715693, -25.66006954267879, -26.321225044218696, -24.206739138264375, -18.131862799664276, -8.711393811530273, 1.5906921615234475, 10.018877274145272, 15.20158495897433, 17.447022737572702, 17.816859030570185, 17.195778241116866, 16.04886611083781, 14.607659836153786, 13.029467279400034, 11.418355859898192, 9.807526681286042, 8.170011594676588, 6.4452005995488175, 4.54341124717236, 2.3214883275606333, -0.4262986392282064, -3.9047694776189337, -8.181575943423596, -13.059143363652119, -18.055244110430458, -22.522434901757553, -25.838960886052444, -27.562634053128974, -27.48275846885984, -25.588757943130474, -22.02267179698204, -17.06139192990682, -11.120913787105163, -4.748916092769065, 1.412587369931639, 6.6943352495955635, 10.508855810210143, 12.513547556019459, 12.748352021335235, 11.586766507162222, 9.484865208553764, 6.745497520680713, 3.479003502804451, -0.281990734335265, -4.442969767869096, -8.730079135454883, -12.576002255563777, -15.056038549813794, -15.053354214669223, -11.787849689116694, -5.512063243136948, 2.135864498486179, 8.57200424821845, 11.437881095882902, 9.793145697904178, 4.527009507503664, -2.1945032771070054, -7.9925294231787545, -11.189781294905098, -11.184993494869124, -8.48700175173093
-5.582911871387478, -2.6001840680622297, -1.1488998091393205, -0.4056449452206962, 0.7859796107982226, 2.8917674236126043, 5.45709512004696, 7.577447275914967, 8.563401974947094, 8.271811364883991, 6.963317067797812, 5.010361531702441, 2.7890758364195376, 0.7151480175002981, -0.805900012825816, -1.5605412980146187, -1.6765549377193707, -1.5886678620804557, -1.8138828210878122, -2.646978075636973, -3.938515922653561, -5.111729706540702, -5.461556511799971, -4.572846832736089, -2.5836075923165973, -0.12603276848766926, 2.004881792525216, 3.2318561080443913, 3.3661829070183753, 2.4815264623848066, 0.679590655168174, -1.990004164407079, -5.422442788782413, -9.352009786623492, -13.38726153258363, -17.147871420422945, -20.397156318541683, -23.088650086118626, -25.241130472481878, -26.574198305246444, -26.105947849366157, -22.380811283698563, -14.687793244861954, -4.229000621234923, 6.251698165769977, 14.265472717619243, 18.975471926981957, 20.969068669733076, 21.171730455905216, 20.205814765593725, 18.447897365260886, 16.24702237569894, 13.951924396724063, 11.814879545446782, 9.92866330858622, 8.247410807171843, 6.654343813335753, 5.011541297784167, 3.1562261088931973, 0.8750153770692409, -2.070389916769019, -5.830380155240604, -10.322460756505118, -15.162216404983047, -19.737460463961405, -23.392936888821236, -25.6185470078373, -26.14303587420423, -24.91628660325989, -22.044305991174927, -17.750945727102348, -12.38371221852871, -6.427688811531843, -0.4885870847884765, 4.771559991775893, 8.7547117430685, 11.09022926653949, 11.747726903397144, 10.974085940227498, 9.087144504262207, 6.3211253851505385, 2.829896700888941, -1.2298864055946461, -5.628895245991246, -9.997920998610434, -13.718895855202575, -15.842569024324568, -15.267409851447313, -11.334667154513891, -4.552572172792585, 3.159027654479967, 9.09421048142183, 11.034721051924597, 8.381017407591859, 2.3814419992132523, -4.598333847129576, -10.194976629088051, -12.913344053313455, -12.413208550841524, -9.411678230443117
-6.285342001616057, -3.349276956092543, -1.8141148538038219, -0.8811320162822867, 0.4687865065527487, 2.5932743996595624, 5.0571772759055005, 7.086967769388764, 8.12694160643924, 8.070796169716282, 7.104588611263772, 5.465902718414822, 3.396484468192917, 1.2277244920426191, -0.6317579200929655, -1.8706621504392953, -2.4629404073315864, -2.699921485418651, -3.0188229050558766, -3.7132302897272154, -4.6974368250553695, -5.502075835188362, -5.547719132406901, -4.524152191713496, -2.6053449784333713, -0.360817945986526, 1.5524705001180492, 2.6912387738987467, 2.9149534153279957, 2.2463094247426394, 0.6952203830181822, -1.763961569150895, -5.081585914391703, -9.048014199361791, -13.316740127107241, -17.490550787990855, -21.215296211160993, -24.24138728740652, -26.351498187639553, -27.059806527617113, -25.32177144041642, -19.921923760252877, -10.70092470371943, 0.5852699591800851, 11.068103988337672, 18.648548673263683, 22.95600175753792, 24.683664530941943, 24.564341209118535, 23.06354194355997, 20.592135093690423, 17.642927106805654, 14.702790469931967, 12.111192481832502, 9.991978504248864, 8.27940202694523, 6.806266355294821, 5.3886939739693664, 3.8485832917715164, 1.9809421481212315, -0.458263008345994, -3.676347714118071, -7.699517392675339, -12.260410187664522, -16.814566951800813, -20.69677777276335, -23.331107683749085, -24.37528407848236, -23.73726963164938, -21.502518248212937, -17.864567289279137, -13.114552623227942, -7.668576362596623, -2.075446546270834, 3.03607499189883, 7.078744533203104, 9.659623526515714, 10.665685968413335, 10.202054204159122, 8.451012129696034, 5.601197946877377, 1.8744082443018262, -2.441697266027327, -6.992729415189334, -11.327619948517038, -14.790847494904606, -16.425909610241494, -15.161016780933368, -10.46316202357902, -3.1040208753527887, 4.6953644997521, 10.104434467940235, 11.091208807060589, 7.454127149827331, 0.7875123305736856, -6.416519842515012, -11.851190988544154, -14.18132443597686, -13.29146924834368, -10.09618595111079
-6.865989004454022, -4.031274451519426, -2.4552204001084914, -1.3585491461747283, 0.13655531531573029, 2.2708362552355434, 4.620055055568323, 6.534732604663535, 7.589722300153664, 7.72004472135912, 7.05316449155083, 5.717182105718161, 3.839476997415181, 1.6630869124180954, -0.4303254480718205, -2.0676975392204358, -3.0879346029439714, -3.6337851840264777, -4.045277592459252, -4.603174698441204, -5.289184077179871, -5.754061667305568, -5.549038008337671, -4.4540488878663895, -2.649899028913683, -0.6218154062781619, 1.1041458869006626, 2.182931168562382, 2.484512716464947, 1.9742740524142353, 0.6048876020048981, -1.6735020993129033, -4.837106637961885, -8.746734639780941, -13.147555976116283, -17.665296748306936, -21.82515083049564, -25.133315023620764, -27.100910165592374, -27.04722076511457, -23.93270821528039, -16.87489751166301, -6.302737776965795, 5.562626148503163, 15.885810242497092, 23.003922051174417, 26.888807969103432, 28.233594756998436, 27.64110409489772, 25.5608945207126, 22.490732870755803, 18.99464519213887, 15.584156063988553, 12.61873070206922, 10.254941718664925, 8.447096030669883, 7.015406607165375, 5.745898274254175, 4.4448937880931325, 2.9179057965958832, 0.9316731356588817, -1.7527221595627724, -5.254579883218939, -9.432893388282336, -13.842300449779128, -17.84000214968909, -20.79527720516919, -22.282204086585185, -22.151507889845444, -20.472991867808474, -17.43584864790083, -13.301414005661409, -8.423897604197316, -3.279269716941604, 1.5637667649642002, 5.547578996295476, 8.25486287386017, 9.474518005272609, 9.167532516428285, 7.408691952235401, 4.3840186192887565, 0.40667404778935917, -4.116040663808892, -8.72930727738347, -12.90702396914862, -15.948395906890113, -16.899962020635424, -14.754648186823102, -9.137724408529579, -1.1036977119696993, 6.8195898102866925, 11.712314318470558, 11.801183087786542, 7.29678469738677, 0.0436162147363107, -7.435511107401497, -12.875513882136332, -15.010942141377022, -13.882136738792957, -10.59205929127217
-7.355583244562485, -4.619731898959357, -3.026182911876455, -1.79923976107796, -0.1830342248343705, 1.9549950246338192, 4.1957635334469545, 5.995887775176997, 7.040757852993437, 7.300505493776016, 6.862846237243797, 5.784187559696229, 4.109336587680231, 1.9933436231367994, -0.2411076135215091, -2.197408281720255, -3.5968673987122366, -4.427147270511192, -4.91763215587807, -5.3328183709956045, -5.731257952812874, -5.894212970625119, -5.498444068463334, -4.387756217976131, -2.716679232018974, -0.8734162586910862, 0.7207359869556234, 1.7649590620046076, 2.097380761332953, 1.6330843754897588, 0.32542111225287557, -1.827958689036056, -4.789827548240921, -8.510046817215649, -12.891410056899387, -17.646461603705095, -22.184948742943316, -25.716010571637288, -27.43657886565732, -26.49863477256789, -21.956964564872223, -13.343180989571332, -1.6633103668702176, 10.519453094011396, 20.525116128323745, 27.099393916240064, 30.438981177345696, 31.231057042158596, 30.082928307830834, 27.54220400424997, 24.168882739930382, 20.465315768678042, 16.830282402322585, 13.579301823563867, 10.921911971364372, 8.897351093605808, 7.37452199177346, 6.139556700113945, 4.983437190703642, 3.7132117501967636, 2.1096248831383746, -0.07762033399000408, -3.0385464837203124, -6.755193658121013, -10.905631908128752, -14.907560085662118, -18.099808874550835, -19.966226010578342, -20.274335916161252, -19.063775068266082, -16.535175279598423, -12.95441336660898, -8.638976473481337, -3.992648222443824, 0.4908386060856002, 4.2928319815803775, 6.966865765861333, 8.203225500271078, 7.8493281854619985, 5.930928292501673, 2.676491479992141, -1.5173296229807465, -6.177386637404942, -10.793845150929986, -14.752160560824446, -17.250481037026045, -17.316694219056117, -14.059011220494744, -7.335551140385267, 1.4765448100991605, 9.561268455825248, 13.987971766751587, 13.307337405057627, 8.080922226680224, 0.2584908946715905, -7.666320656061713, -13.386935428350055, -15.574521785725542, -14.347835535907349, -11.004238511649138
-7.786059227060508, -5.101820120177272, -3.501605490919003, -2.18808186197134, -0.48383559475064225, 1.66064717799597, 3.8235438806893263, 5.533563129379385, 6.548916637222065, 6.862389679280506, 6.550791657345271, 5.654778522072501, 4.181398221622502, 2.1974368923674703, -0.07881814211441966, -2.2800226283751206, -4.029516419408799, -5.142674374281753, -5.7134800717429615, -5.983685140535902, -6.1010382970444725, -5.989642933797078, -5.44413878773829, -4.341542593259728, -2.778093761854934, -1.0452049346500432, 0.492174833567298, 1.5054781884437796, 1.7592742736958527, 1.1457631538668953, -0.29522953423308035, -2.423291857252361, -5.133279559288941, -8.479938367965111, -12.607780717005328, -17.41730257116312, -22.238185743563662, -25.92979053518721, -27.31845209045846, -25.41678357936793, -19.467990973942122, -9.476328807066157, 3.0276614201439527, 15.26797921716613, 24.786846892762966, 30.668025697672316, 33.261850143354124, 33.31745303754056, 31.587366935629515, 28.78425174237476, 25.473662245258506, 21.964297627630607, 18.41107850571479, 15.015187271584983, 12.04694418915347, 9.690565639610794, 7.932791374171887, 6.604574489980339, 5.4916575065235165, 4.391940144029707, 3.093353795956139, 1.3464376363552388, -1.0846521511330478, -4.2892993961283405, -8.081061732908696, -11.975816705904283, -15.320085745410477, -17.516272136205163, -18.221755376716878, -17.41022857433542, -15.284811322142401, -12.143085178847873, -8.306527488578919, -4.134698598560794, -0.05652577929575722, 3.4463092660243126, 5.905726435530923, 6.949217535396404, 6.380159941826302, 4.242864652605566, 0.8202200406032841, -3.4695224527665136, -8.183010963933972, -12.811291431984372, -16.612045812774948, -18.571026974581603, -17.625233054451925, -13.04806919058152, -5.046377749256898, 4.618051720469794, 12.884517432899115, 16.90999520885286, 15.59302237138764, 9.739434625668153, 1.2886535414969376, -7.302057623145931, -13.591333773433558, -16.064929381368106, -14.844224506437897, -11.428252066209291
-8.164818739394201, -5.485615808238855, -3.8926580096691823, -2.5418998777596595, -0.7767029239006922, 1.4018084156579635, 3.5494285161532626, 5.210437838530947, 6.161825012479243, 6.408913669238507, 6.066405614427024, 5.240484758997445, 3.9633379400863507, 2.2148744170115298, 0.04378924756979997, -2.2970479273849977, -4.373661155291717, -5.8061218803642225, -6.504818171360997, -6.660052579942219, -6.509885264708176, -6.132538033097913, -5.4369222854327255, -4.308292175018164, -2.762772729393916, -1.0155665263380447, 0.5501034705654999, 1.4912785963529607, 1.4672381042763476, 0.4020969300455273, -1.4645468967512567, -3.7333431034176385, -6.158969525730208, -8.904335734623109, -12.447102457, -17.016343307088665, -21.948858506378112, -25.724642130136093, -26.73079092758051, -23.848696485703314, -16.586674669699192, -5.451693465392606, 7.579548438457432, 19.62997555139804, 28.47903727112628, 33.470403417933234, 35.0864186889212, 34.227393620499356, 31.89399830783232, 28.997384997766183, 26.07165717361962, 23.148756667968296, 20.03515710448189, 16.730991607941057, 13.535492507331501, 10.805002224870803, 8.7035272333734, 7.162821071627401, 5.991420608430362, 4.977154366813031, 3.905170553856963, 2.5303300317568906, 0.593181560213216, -2.078414517389395, -5.430656425601252, -9.107526755951984, -12.510828518734517, -14.992098238624065, -16.08561388765388, -15.652003471473707, -13.856626712306484, -11.030342409185225, -7.540241134124203, -3.7542456703292735, -0.07336628510472842, 3.0502734235399447, 5.158569106619887, 5.886643118397709, 5.072321398937877, 2.8115749348328962, -0.5995574418234481, -4.812902773907873, -9.505602382837578, -14.214487534073266, -18.031186032209476, -19.60318547803945, -17.659086183140907, -11.656861877947554, -2.2822813231430885, 8.240724599316202, 16.659342276203773, 20.303820523339482, 18.412450851056967, 11.964706028450415, 2.852110138306308, -6.515495956810285, -13.55099306909676, -16.489765087480585, -15.37136597898173, -11.868974791350244
-8.461218844621488, -5.802405588541832, -4.251806304957719, -2.9037898514281766, -1.0701347276970157, 1.2181869952356557, 3.449860188337772, 5.102093250809509, 5.908208239226306, 5.891010998917939, 5.278997272876535, 4.351606684662825, 3.2514692628085724, 1.8862725010215156, 0.0587188008762413, -2.2204188321824314, -4.549793192217618, -6.351447058162654, -7.285486062835642, -7.4225777393283145, -7.05580787638615, -6.411403015282551, -5.512682966987323, -4.245090065645121, -2.547305487643854, -0.6096314774142143, 1.0658129438444934, 1.8331141774405217, 1.2385129243419923, -0.680559877066585, -3.3591032119134745, -6.015191640476658, -8.174414810307349, -10.087279995330327, -12.642957470557835, -16.562724528146493, -21.33704064151495, -25.086940745901877, -25.69410385091188, -21.88368046218485, -13.46730780732013, -1.4547010348123166, 11.817828731959617, 23.45500750657259, 31.4556418532032, 35.36096987684477, 35.79409434467207, 33.874810672428026, 30.9000678693135, 27.991481597645382, 25.65416906991397, 23.630274370034073, 21.320936607530374, 18.4331309227166, 15.217505609012106, 12.17929119447554, 9.69103464300182, 7.84215581761847, 6.511218207969248, 5.494075452840484, 4.568996190919227, 3.4922340370510074, 1.995691777260314, -0.14807475962811129, -3.001135614906806, -6.351321820035846, -9.704170210151258, -12.412729917514294, -13.903845244097862, -13.887254291034948, -12.427504450509321, -9.851811475386938, -6.590058378428259, -3.072660258957864, 0.2786228372142301, 3.0337180712581553, 4.786515528628158, 5.242918116316192, 4.3077032596494504, 2.1007234394941645, -1.1308390057956923, -5.153474105838951, -9.778726814332845, -14.607458078940422, -18.588747462485674, -19.984470421102888, -17.19428477780149, -9.814463408305661, 0.901119688270585, 12.190545846657159, 20.648786366288647, 23.83930173034965, 21.34773481013862, 14.348587920939906, 4.702646257730115, -5.311190294053963, -13.077239800742253, -16.589417116049706, -15.710593981227651, -12.202485307156202
-8.624459854204776, -6.1006659713930995, -4.655516186769631, -3.3156714616056253, -1.3361521267868026, 1.2057196411467077, 3.6502113609054683, 5.307304565184096, 5.8160025454335, 5.247870226062908, 4.038690060096447, 2.7581814952059016, 1.7650769946862463, 0.9437201017519354, -0.20640821387011904, -2.073727318474364, -4.4500491699828295, -6.618267162039862, -7.932936855535023, -8.236189335200992, -7.777797975299068, -6.880167391621294, -5.675204879693931, -4.068051629183468, -1.9645464391980347, 0.3809782768413972, 2.234940930285106, 2.6841058419517556, 1.1882589687375589, -2.0168183559657664, -5.941182085235512, -9.312118775582192, -11.319629694316887, -12.242646966860859, -13.422074401065307, -16.225345894205496, -20.48629405282159, -24.055063443067702, -24.270097767071725, -19.644481369944536, -10.280248591033436, 2.3389364356454334, 15.597923732936948, 26.63739655736923, 33.646226216434066, 36.324799134715875, 35.455433004879865, 32.40689222061774, 28.76428017511958, 25.844467431118794, 24.150070168409126, 23.18767548208787, 21.9677072397168, 19.84076278594477, 16.90522249295742, 13.737813855774977, 10.904137101062494, 8.689509811669115, 7.0996251178783645, 5.979010025757246, 5.110816167253357, 4.250236880832698, 3.1270944309007684, 1.4824977728658781, -0.8351888136552484, -3.7553343546465343, -6.925203908905955, -9.764991394947902, -11.64562078450409, -12.12168871521785, -11.095303346214582, -8.81701703056012, -5.747830859988371, -2.4013090364139273, 0.7422062686394519, 3.2599898063292665, 4.809003454763627, 5.165627713352393, 4.2597901681278385, 2.1768229439494564, -0.8967284327321676, -4.775234002399903, -9.307655176206358, -14.14295612687965, -18.209043815369707, -19.50706610237275, -16.06675878787597, -7.50280987540466, 4.380653183581843, 16.2421810583953, 24.542117977256357, 27.12023929442606, 23.963129499244467, 16.53324862275859, 6.679243535473485, -3.608365855628054, -11.893780736722231, -16.002570611933024, -15.541453611136783, -12.236174924214113
-8.628954476085271, -6.432391126674882, -5.164391644498154, -3.7728791483009005, -1.4740602149111417, 1.533797327672116, 4.3291010419584675, 5.968407233206393, 5.986257315343079, 4.5523055505575325, 2.376647210020678, 0.40332357977730826, -0.6740014407057617, -0.8796265480345509, -1.0031422291692795, -1.9760392675514402, -4.0115160140039565, -6.412427366596666, -8.232867135178495, -8.961017255195788, -8.630042601206586, -7.532609325600258, -5.882030411082619, -3.6576287551110234, -0.831916521040697, 2.1568470657876793, 4.250656110432925, 4.258458881441585, 1.6076181953961082, -3.22334492125341, -8.793777338207919, -13.269934798954594, -15.379824359433416, -15.320751656893835, -14.867604953235322, -16.141194785058136, -19.512655570751818, -22.712923177124015, -22.554530219967084, -17.271670736497306, -7.1936651625034225, 5.776985835771249, 18.813423623894632, 29.123194129865077, 35.059239938750174, 36.46468958253417, 34.29710443824345, 30.166008381617605, 25.88708368793553, 22.918703706033238, 21.781386262003412, 21.845299541229185, 21.827060171954816, 20.726187064018767, 18.39757274326446, 15.37229013828126, 12.335157578832458, 9.762104575591577, 7.831446641111877, 6.492650308463, 5.568483602618736, 4.822374574335335, 3.9854335577667013, 2.7840394536063897, 1.0063823486653118, -1.3981482098172378, -4.234511503684206, -7.051390061448438, -9.244071640719723, -10.258288821994379, -9.807716969518049, -7.982623773451513, -5.19083222569059, -1.9905352615277028, 1.0705931883542132, 3.5433687585500286, 5.095437705176676, 5.497059064353152, 4.6260011246373445, 2.5121267051935514, -0.6483997057234341, -4.576790105137993, -9.005224860346756, -13.567702845352107, -17.320894941853943, -18.29899989695367, -14.294458246001037, -4.809753032445481, 7.9578300051082715, 20.126255384692694, 28.028134711781952, 29.81237225446576, 25.944806611987847, 18.275571289429024, 8.639546705209167, -1.4293115708701558, -9.899446674513886, -14.54049983053976, -14.664373546173715, -11.841334782438537
-8.50587577037354, -6.827649786640378, -5.771257522962752, -4.179981123552457, -1.2963855225978942, 2.4303409067081283, 5.705136476368198, 7.306643792684512, 6.7090257055304106, 4.205765500608574, 0.7543613511749848, -2.3261537234559047, -3.8858964119055557, -3.647882215943329, -2.5476162323339917, -2.1257049417881024, -3.2754837668898653, -5.592392114077992, -7.945019576342432, -9.374637423467378, -9.467892799888759, -8.27648758700527, -6.031762490543974, -2.8752504053142913, 1.0004733137634432, 4.844028268166496, 7.2336736149708, 6.757511000232727, 2.873585763750622, -3.7207398937223113, -11.204675754530156, -17.172171097993306, -19.76089157883567, -18.935318085609563, -16.82399350125189, -16.33099628666062, -18.511653246624604, -21.163415893164373, -20.6588409731032, -14.903917699260328, -4.356629004773358, 8.739413819683548, 21.397377527457557, 30.905143820299877, 35.76316848339956, 35.95664476701999, 32.625382225585746, 27.58138812303043, 22.778688804329647, 19.7278845530373, 18.960915409456362, 19.82089014308438, 20.891484652984193, 20.913937714189743, 19.46335954228918, 16.90285236222091, 13.912191028244157, 11.091249972643118, 8.796000387958152, 7.131370985415394, 6.013702373427766, 5.245737296400626, 4.5714765534426895, 3.715093275960203, 2.4315027045134228, 0.5821116837104823, -1.7826962528948274, -4.374530345869898, -6.696571845826782, -8.178110354697333, -8.383654531372834, -7.1968038169968525, -4.8697861078840665, -1.913836442782037, 1.085982490814358, 3.6124063930806227, 5.253479730473238, 5.683057457573963, 4.69665183172441, 2.319275707055737, -1.162786246781667, -5.314073638719843, -9.664567990779696, -13.708786262452364, -16.637898321819932, -16.813631946037983, -12.119333080698945, -1.93642782579794, 11.3856709800217, 23.5765383564717, 30.8653340181753, 31.724915439352277, 27.152946332899017, 19.44417656378957, 10.41642838115353, 1.0350354054312567, -7.261857620254087, -12.31616295851626, -13.138939079592216, -11.050889056458379
-8.318747188657571, -7.252667806983199, -6.356156377229742, -4.336429194001257, -0.5615550232408886, 4.120072468793955, 7.980958151511037, 9.584281314935312, 8.418243300708514, 4.863528260910259, -0.015764339111328865, -4.628043108320431, -7.2786608555064465, -7.107473420178241, -4.903754886143714, -2.7402125955082286, -2.404316222302042, -4.13521055683354, -6.865709966523084, -9.19290294267286, -10.027175185866191, -8.902130781598633, -5.955776640940871, -1.594113125028771, 3.5832767778713634, 8.398269718443629, 11.094662245768, 10.158525340912862, 5.151008119144862, -3.080529994053142, -12.494333886859472, -20.196134728895398, -23.654748738520098, -22.44252108036792, -18.90522323076252, -16.663189109496926, -17.511284235650397, -19.491801651724, -18.68515146698508, -12.658832663306448, -1.8864546733003886, 11.141950732153424, 23.318610138368236, 32.012954091432135, 35.8657641353843, 35.00922897367018, 30.754344563716323, 25.054244986339246, 19.899163541285883, 16.752458496621163, 16.124072954131755, 17.41443829602483, 19.252665537390154, 20.284419149549077, 19.849235274090386, 18.060375469179164, 15.45199013492055, 12.625084728705687, 10.05606102967487, 8.018499992125374, 6.574190250569932, 5.615956116694828, 4.931228137694503, 4.259992811192302, 3.347766089777538, 2.005765387567366, 0.17820415440898363, -2.000949597552097, -4.192261912405308, -5.910918505424594, -6.675452656893857, -6.199857710666257, -4.528842819189859, -2.031828499914405, 0.7320712722203152, 3.1729205353552112, 4.76052093177387, 5.073399502668965, 3.8976222996708096, 1.3236165977090744, -2.326182787222661, -6.632604581220671, -11.013824499572157, -14.651084769955986, -16.59051276334419, -15.557121934509517, -9.914299671626988, 0.8563787408632241, 14.429211070427302, 26.38442085285451, 32.918183999431285, 32.8164225547759, 27.595466534395158, 19.99416760029526, 11.837075718203046, 3.5008765118607483, -4.310433554672143, -9.651632673895405, -11.233946389504158, -10.037890747495098
-8.096700318518515, -7.572365412939972, -6.6792540383864125, -3.9788401772477586, 0.9358494808678446, 6.708595184370704, 11.198840404909875, 12.871321614675093, 11.29616335017486, 6.878997983272894, 0.6202693081800492, -5.800040229593056, -10.1698088876889, -10.80572526206668, -7.967138361057841, -4.005269098296975, -1.6711345752840912, -2.183024218194445, -4.896244506179641, -8.115061287131976, -9.932938278165233, -9.080360027180134, -5.4378871976282275, 0.25067010962291236, 6.799533567824613, 12.52495339692672, 15.42659089536018, 14.056452353369831, 8.182608401245856, -1.2621700176370738, -12.250083040305798, -21.627923540493068, -26.228816883162317, -25.09328522274322, -20.589994613818703, -16.88192671859644, -16.450913374019905, -17.729170746181754, -16.697353960764612, -10.616877350931052, 0.13652014005527624, 12.932819763281563, 24.573487375828144, 32.50204784269266, 35.49639652951763, 33.83008818732431, 28.944086235117236, 22.85950534270317, 17.525319678170508, 14.285174026870079, 13.580349848278349, 14.901842745406258, 17.06358595809616, 18.79927781425965, 19.331663525178385, 18.519578441122878, 16.646138071632546, 14.170630142667234, 11.57423857427637, 9.25002748718113, 7.420940328065542, 6.118089858194563, 5.219089490128282, 4.512017925435904, 3.7594679294428053, 2.7582295280343403, 1.395767375363028, -0.30156046325006935, -2.141576143771294, -3.781684721044206, -4.809067865932085, -4.884798202813899, -3.900524596400299, -2.0609195182980797, 0.1624667678721907, 2.175287121336175, 3.4251097765068788, 3.546268653643444, 2.4583211654426522, 0.29836504640243716, -2.841725431988315, -6.947967570113857, -11.559572934765129, -15.394180178305868, -16.871405014919446, -14.72888121192282, -8.002311840161035, 3.3304714808717444, 16.928255832476108, 28.44609388252819, 34.16876663671832, 33.1643004951633, 27.377394357071736, 19.940520769146612, 12.751851020957076, 5.682347073261322, -1.3868856751936904, -6.89304283817686, -9.25733481853987, -8.999447080462181
-7.804408745387401, -7.578024251515838, -6.452253971175678, -2.889362011623376, 3.2367822487428572, 10.044994631887905, 15.06081000062677, 16.75953202131467, 14.854287413810017, 9.789846082701496, 2.4218173839164168, -5.7206422998222015, -12.142510385744634, -14.282478972237092, -11.505612285466317, -6.03592869874941, -1.4372158331105427, -0.10261273254251155, -2.1862278904160344, -5.99711369766742, -8.847094718500717, -8.470578796008983, -4.298667598510661, 2.596704057039989, 10.335209906831695, 16.70264417699614, 19.58224494629622, 17.777488919942968, 11.397599224262237, 1.4378126394766568, -10.359099834858089, -20.96752906981757, -26.77775775551605, -26.200517743205765, -21.36522582774356, -16.693910916112973, -15.207295703457445, -15.839129665473944, -14.696071678548888, -8.804747877289227, 1.6696000656287406, 14.07954876829562, 25.164649311190033, 32.42711170588753, 34.76999437112267, 32.57139816368129, 27.326333082829823, 21.06239984269655, 15.668567917653435, 12.35003198709847, 11.432269592352942, 12.467979453899193, 14.513759924083715, 16.537357394839333, 17.800706272611095, 17.98882726746308, 17.10916369881603, 15.372941905374084, 13.1304430752281, 10.786269449963665, 8.677846338417776, 6.985094767974047, 5.715172206569521, 4.745416198369238, 3.888846855346719, 2.9602697988413693, 1.8340159135926892, 0.4875071917121803, -0.9758230727514193, -2.3324370238869077, -3.2848217263766584, -3.556145000159017, -3.0181144145710643, -1.7959638319882514, -0.2716791029597502, 1.0574036584810338, 1.8110997545277898, 1.8996940768675847, 1.4676653782060918, 0.5398824717766685, -1.3537234403461498, -4.899348046105852, -9.919638230263146, -14.677615845660915, -16.667529621820716, -14.110656734330684, -6.51770650692554, 5.327454524127045, 18.817144774719697, 29.775693024908577, 34.71110597503447, 32.93010784604613, 26.6551277612046, 19.333479459875484, 13.044601077554024, 7.33072397375479, 1.2293399543541157, -4.286907264827652, -7.412348833731911, -8.055570137345319
-7.410614349697147, -7.124189738730845, -5.499838315110825, -1.0396251541382937, 6.114321803957248, 13.661601788277952, 18.906789757353682, 20.40110194801971, 18.073532416459077, 12.54573850194102, 4.576924813316173, -4.7147744315199205, -13.002160855493972, -17.055869680793784, -15.110408408216575, -8.782847342013307, -2.0760985976610487, 1.477574685619526, 0.6656036021815174, -3.17085966857614, -6.7962326834321605, -6.970687465229837, -2.544152504594052, 5.19906958363218, 13.718875226339687, 20.325657201742715, 22.910216146197673, 20.661489844681697, 14.150402417506674, 4.484899641274453, -7.077747657279175, -18.109815318723104, -24.940935858851024, -25.348888189783093, -20.911486780924715, -15.92420841054248, -13.717200910071975, -13.796808605352956, -12.646947144047425, -7.189703231610837, 2.7149446475157664, 14.555900071249162, 25.066792316416603, 31.79253980524874, 33.720529570726136, 31.247619351290396, 25.82844349994153, 19.478839877343695, 14.078366776429945, 10.723921505319781, 9.582164031615118, 10.187851907391444, 11.808011649471275, 13.710812920148284, 15.33609615162095, 16.3308596985584, 16.496317635894304, 15.774944719566, 14.290345350712975, 12.3334856819398, 10.253990373311263, 8.330522879923855, 6.698844526183322, 5.351654793359285, 4.1840907047708775, 3.056999767155838, 1.8598504357570456, 0.5613026720457289, -0.7623321327375341, -1.9306622258029857, -2.7050475257842566, -2.8791867275632455, -2.393556985158817, -1.4191505534507751, -0.3291379184808527, 0.4991586211302657, 0.9661469446701544, 1.3362272007080256, 1.8986686464327707, 2.3703841073221157, 1.6543417057199623, -1.440410988425199, -6.855344475339741, -12.622754808647903, -15.629652561657013, -13.39031561326999, -5.415065507728222, 6.779875723288069, 20.08713854891484, 30.453710702716826, 34.69228446786234, 32.28345483656069, 25.561019277738996, 18.215665927803954, 12.627933064630017, 8.239966957692104, 3.3164165194541178, -1.9731874761903643, -5.767717762661228, -7.243341438775334
-6.9780568662801095, -6.291497637734199, -3.929951244003677, 1.312538568351289, 9.078153964613408, 16.873184090966156, 21.928930284354287, 22.898086657980507, 19.990429588905837, 14.193595928254103, 6.309188460891608, -3.146625628948398, -12.555241489776442, -18.49539571323957, -18.074202136325027, -11.868041572718761, -3.7885958694523, 1.7893092715574723, 2.5834572068819295, -0.6385177244973891, -4.4512513958178355, -4.957162049917722, -0.48788330980364236, 7.6312326883501544, 16.4160079636122, 22.856232806299218, 24.92820779998566, 22.22709493795066, 15.84820119653251, 7.146110130366408, -3.1239518539406106, -13.539164921234487, -20.917983469023504, -22.582551494480654, -19.27302018748641, -14.702228804531451, -12.192265499342247, -11.80458065838523, -10.641970769437247, -5.754581728178665, 3.3075079064972863, 14.343797793004333, 24.213295675146302, 30.513675961789925, 32.232013234102176, 29.65585725987695, 24.13334016426272, 17.713651450201798, 12.348749794820767, 9.061021195474, 7.818361786291906, 8.045418449794903, 9.131745694788751, 10.626257730103788, 12.219703060173682, 13.653669533028578, 14.654304756284098, 14.971059253805855, 14.49329271088407, 13.317694067449079, 11.694514080465154, 9.904946525215625, 8.157976204654918, 6.54676441035052, 5.058168243477144, 3.6150256418443774, 2.1334131682438904, 0.581857336452245, -0.9690512582658443, -2.325192094107085, -3.206184796140686, -3.362565783065475, -2.738526083506049, -1.5748783959587707, -0.32920236947495163, 0.6225952531483085, 1.3135807613785158, 2.1422507784282216, 3.2941011014920374, 4.12274368468412, 3.286020731766186, -0.17403713828338965, -5.77147235774208, -11.561446833019506, -14.742151244596863, -12.694359718014255, -4.63108296394916, 7.678200903802282, 20.71807438330045, 30.51197448039657, 34.162496463971756, 31.231078861619086, 24.058535864510606, 16.54604429377008, 11.433793171287448, 8.25646779091145, 4.681728988531028, -0.05016713030702447, -4.309401372827496, -6.556393955385152
-6.584027982476224, -5.352791331890236, -2.1335771128955767, 3.67759373700183, 11.519074933263258, 18.975867965124777, 23.39665507017582, 23.566145225161023, 20.006938596810834, 14.18942858575197, 7.100654915399075, -1.3612400016071589, -10.688943164600074, -17.925896983040644, -19.418414589257974, -14.482695905516376, -6.352686399240887, 0.30771162377909705, 2.4609232351076344, 0.3108462202422224, -2.8995847704466184, -3.181681719639491, 1.3319160988816372, 9.401014713541635, 17.939821791971017, 23.857345245862092, 25.25856299704949, 22.089517546698943, 15.962197043445473, 8.610036493699338, 0.4456657698923117, -8.2865261736382, -15.462976533675018, -18.36561445415012, -16.781428819562816, -13.393230042988046, -11.102864692379981, -10.361559931925116, -9.043424349721825, -4.642142995894056, 3.443723186435853, 13.442503207146352, 22.53430855778122, 28.420160942381173, 29.985914220366674, 27.318137242835917, 21.691359210618884, 15.267741375494223, 10.08711970566282, 7.064503203570236, 5.935380866162762, 5.967983053158594, 6.597303413905726, 7.579784734046321, 8.84470449890745, 10.298684752978897, 11.720165950759359, 12.79758721329111, 13.269738557522887, 13.045829247647914, 12.216317147161767, 10.973331668223674, 9.513783643304423, 7.974210923914186, 6.407290083148914, 4.792350346651885, 3.070500743035312, 1.1987138466957457, -0.7808737475018778, -2.674022067190808, -4.1228066513402, -4.719166720827524, -4.240582917393881, -2.8573123865875862, -1.0936064561774888, 0.5184041449408574, 1.8115457969500037, 2.905262538642595, 3.6196923645079475, 3.091461753584274, 0.33458937914422476, -4.564565496079134, -10.08464091892195, -14.351788339759588, -15.766877853124948, -12.665337195021248, -4.233982566331776, 8.015671533732197, 20.629784603838957, 29.809762429495112, 32.867389821879854, 29.394583406833714, 21.790513304375253, 14.142538342188967, 9.425346958791676, 7.315581215835338, 5.16023974982726, 1.3598434001112272, -2.9961674451059235, -5.911707490543767
-6.054569625341914, -4.437020547483689, -0.5188087019637879, 5.518783072472607, 12.839697594113735, 19.299958529361387, 22.59950610910695, 21.787042752727807, 17.71562534745633, 12.25967771777069, 6.586833308226512, 0.14255961339705514, -7.699635383693554, -15.037508586295727, -18.21092179240546, -15.471164546175954, -8.879129139514685, -2.615110058413458, 0.13793946073428415, -0.7984660979948862, -2.708827944191445, -2.146340052545769, 2.5115235884628775, 10.135243189296386, 17.86782510006431, 22.82274622606089, 23.3501839325406, 19.742801690683173, 14.01777651857351, 8.213131855225889, 2.5732582860264532, -3.651212117726262, -9.679656247080903, -13.313438135879226, -13.611390786057198, -11.97841137989282, -10.474327098740465, -9.634541636636799, -8.0808681926743, -3.995162099288154, 3.1206231464895873, 11.896460468974656, 19.96255846150519, 25.18790823881626, 26.35840659453564, 23.4537888168694, 17.817164545046598, 11.710324416094794, 7.089264495486571, 4.626175444833323, 3.8264319829717, 3.8578769574077025, 4.196469370527761, 4.729804898113199, 5.545972037112715, 6.698629785004637, 8.080898563342249, 9.438560475461744, 10.485752454128606, 11.029843421810405, 11.023409656822013, 10.535249613907927, 9.685791693092048, 8.58839141284183, 7.3123066851822776, 5.868251963128785, 4.215319236246108, 2.2929119919700764, 0.08732567337902439, -2.2688545901518977, -4.416322953640337, -5.817325321050534, -6.002570672834665, -4.8963850189168605, -2.932658235804382, -0.8017575939990024, 0.9242140874910038, 1.8195484018381254, 1.2633137500894946, -1.6034812526677804, -7.0679608104236635, -13.76051067391324, -18.983751362257742, -20.814560105278797, -19.017364848639044, -13.55732887565369, -4.210521728439586, 7.856437875734214, 19.7063574529665, 27.92359397097818, 30.05358694817412, 25.901097183347364, 18.11010100854005, 10.769008903888537, 6.669433332176812, 5.499360824330722, 4.648523380403445, 2.0717190029799233, -1.8276203949014473, -5.0834868465521446
-4.975781534279346, -3.3523766116154423, 0.6308098526873686, 6.175760499547629, 12.173492578686528, 16.867146587758246, 18.585873096497792, 16.876265601078927, 12.85019313520215, 8.399513789536389, 4.604159063878697, 0.7255801648410437, -4.513046331841692, -10.409581918074489, -14.168447398024037, -13.682714287276335, -9.713677464661215, -5.198749294572919, -2.7422093914103254, -2.687218611140484, -3.1274890201680656, -1.6197864602836458, 2.8948859252576655, 9.386755651366505, 15.481305039059047, 18.83974788337021, 18.33161216311473, 14.624727355753947, 9.796211644017596, 5.752365454637493, 2.606815117234692, -0.8479202455909114, -4.8869704339246285, -8.212534738640638, -9.71496843442876, -9.720259717977143, -9.26610935247336, -8.67347691956264, -7.1187426592282845, -3.488872543961564, 2.450694779848316, 9.605426159493875, 16.061425382827984, 19.98100259279975, 20.298074727032446, 17.165379985560076, 12.037792482136037, 6.9827222255167625, 3.5039569068416005, 1.8875544384501457, 1.5164565463561186, 1.6305824887167513, 1.8200328168339306, 2.0529541662074116, 2.4710923331289196, 3.1920802856039807, 4.204878108608406, 5.36390663219564, 6.457929407746037, 7.300818218638426, 7.78803643738, 7.900384750464597, 7.674716545624778, 7.1676342646686, 6.4252481067226315, 5.462062355966206, 4.250454621440151, 2.7274363688958205, 0.8351972782208728, -1.3889490225611185, -3.698451356557358, -5.601668267879963, -6.526035379293396, -6.15449206048826, -4.683104931180868, -2.758507961355844, -1.1915390582917935, -0.7976359381684448, -2.435672752944338, -6.820357449429201, -13.739790337580597, -21.173629916477395, -25.882205149799784, -25.84641809898476, -21.49297078415784, -13.998544981122558, -4.02588598109399, 7.247650844867313, 17.43403312162209, 23.739515788474524, 24.332495185966092, 19.64484381150044, 12.51994615158411, 6.464140545626343, 3.4689405909232396, 3.0800166420909476, 3.1594269685740493, 1.8425647082991699, -0.9883800850381861, -3.890513974223384
-3.449536346802348, -2.2672831446488644, 0.655126881965416, 4.456120774212427, 8.115883415717724, 10.489933819699914, 10.741726231736193, 8.92419389227345, 6.024346246504588, 3.3415298335068786, 1.5180394735972578, -0.048342916059445636, -2.4756247519362105, -5.797063111645405, -8.543840600763785, -9.17851558159233, -7.643242367079125, -5.3649345735390375, -3.858324621399364, -3.4184580882507625, -3.0408845014830184, -1.4282744765755546, 1.8771785263139116, 6.074039725791719, 9.585035582790047, 11.00766995906097, 9.912979038286029, 7.07892428280748, 4.006573082786245, 1.8901887494049083, 0.7038925707934579, -0.5365362531838398, -2.4027698149664687, -4.40798499428641, -5.8200327344038305, -6.488277852832378, -6.691743766118393, -6.476577615440887, -5.386228764299494, -2.867624306010724, 1.0907839107634243, 5.681295075040961, 9.577230530700163, 11.551101567357689, 11.034999898370597, 8.41839679814014, 4.897242313170926, 1.8141815049121581, -0.06715855464321974, -0.7814427027647554, -0.8262478260531532, -0.6845679761815849, -0.578386896748129, -0.49697832601577496, -0.33327901623490996, 0.005160470770712843, 0.5413799787977461, 1.220718861170476, 1.938333042016623, 2.583630996665791, 3.0754311614249765, 3.3735704633515793, 3.4715902789122155, 3.381942272042746, 3.1208028188799974, 2.6945207256648773, 2.088424497520105, 1.2617045012190053, 0.16006633491494218, -1.236059171476165, -2.8273730201719314, -4.330141974331676, -5.330276228462476, -5.496752818159451, -4.824722863000004, -3.7033361268238023, -2.7745076253823444, -2.7596613442182973, -4.357084067967101, -8.047931478727914, -13.587173150826684, -19.394237483307954, -22.91300771756957, -22.40939638247715, -18.14038459760428, -11.355478254111988, -3.149702916165683, 5.212370203036132, 11.934965789125553, 15.256146597447124, 14.438158868993625, 10.46307921334832, 5.6018538390447565, 1.9677668409389077, 0.4324421742329647, 0.5119378387479399, 0.9246893084844011, 0.5354674026588817, -0.9088985569520851, -2.690284928789245
-2.493516398177865, -2.0732274507707067, -1.0757245230940824, 0.13664303628475605, 1.1695175791685404, 1.6756819149676478, 1.4802626617522203, 0.7052318826890758, -0.2780989219356828, -1.0628302159148946, -1.481880258588118, -1.7672864496680294, -2.3295393931740813, -3.266754011137428, -4.182286407540373, -4.559751946696827, -4.2731167383298, -3.680627383139344, -3.228357273650455, -3.01909896943488, -2.7693080199587174, -2.1218300264753536, -0.9984441930854331, 0.28563787510735417, 1.213519323753448, 1.3977319251149338, 0.8127417281802521, -0.20282331848448582, -1.1543322092563415, -1.698501781643059, -1.887076199325905, -2.0761456425509577, -2.5093013257207764, -3.0938276438212995, -3.6060082598256447, -3.9416009287147014, -4.1129145876160065, -4.0883085314282495, -3.71947467962725, -2.8605686992554404, -1.5622874665329758, -0.14414717759777415, 0.9350586342702579, 1.3065963379566476, 0.8717034694463145, -0.14575669748607895, -1.3119811960247152, -2.223699626070853, -2.70743584986412, -2.8343379578218104, -2.7850254707535864, -2.7062975935957385, -2.654784205204062, -2.6190232173285337, -2.56315700675944, -2.456858896014284, -2.288895421145298, -2.070158906026717, -1.8280926499648857, -1.595398731525172, -1.3994662091204535, -1.2573576522344676, -1.1762071436155388, -1.156330897469154, -1.1950711657636301, -1.2907560397966382, -1.4466932054015151, -1.6744142509189621, -1.9927155419510465, -2.415686320778576, -2.9257410681440246, -3.444573625577422, -3.836958527747931, -3.974075038472277, -3.826204418957556, -3.508785900991806, -3.2465500816601818, -3.3024966229290222, -3.923382128619184, -5.27601283939983, -7.288184621030722, -9.40884286829588, -10.666594867168243, -10.31916805568623, -8.403260707676534, -5.491840668411939, -2.2244344978050465, 0.7611444201796, 2.8238168082416477, 3.5157905303828736, 2.8313333461767836, 1.2981994917999262, -0.2900286849094334, -1.3415962115996225, -1.7000285069345487, -1.5750300038902543, -1.3544007561733873, -1.3723699224141632, -1.7352854072887602, -2.2628646905488465
