0.0438405128237773, 0.06408323837775556, 0.11453297770082309, 0.16323532220178114, 0.05167164255113278, 0.17421526376431495, 0.02050976822351376, 0.12029428802413887, 0.0584603828354266, 0.02590313894494274, 0.12300036284701224, 0.0014348371326174001, 0.07336671101463484, 0.02530284994048036, 0.000642939442743378, 0.26363859164433356, 0.08893380270034566, 0.02578282651456799, 0.1444688110712899, 0.22930307910701442, 0.025540610219554272, 0.026521888586870032, 0.059315937895869274, 0.10933917283612683, 0.014956299215104621, 0.13121661966630807, 0.04926157450140364, 0.13527382217950104, 0.16779159850023234, 0.11888268583177904, 0.18393383452903095, 0.060905144152115655, 0.03617170939137188, 0.1603771062632487, 0.026051142331514853, 0.005336397374770038, 0.21973919575278023, 0.0194034031230306, 0.19338090660827165, 0.14226594776276172, 0.13073982596074887, 0.21572623511213246, 0.09523779210775919, 0.0022190959380231842, 0.11890687563259512, 0.021170850016869202, 0.09084225066999382, 0.8142697544735217, 0.04632124055483764, 0.12241312360351643, 0.011625745586952785, 0.04283218007396986, 0.34231464565124675, 0.21408928582795958, 0.132642226480193, 0.534758197477895, 0.4081939767395968, 0.01712701555149563, 0.012930721683610136, 0.12693693464297764, 0.17687582356723172, 0.19634988637159353, 0.11938144133018441, 0.023745790656371148, 0.13671725305714522, 0.19883825298712213, 0.08944369823860056, 0.030830856000662037, 0.10246640482268239, 0.05516675048220458, 0.5410660063275426, 0.1055929365781617, 0.043934725732218904, 0.1534031230306001, 0.49046635389678594, 0.4999980902788829, 0.17541265890471128, 0.07462649037818844, 0.10486342311144496, 0.008681910485005506, 0.22562400137499922, 0.10987198502778645, 0.06496616610754276, 0.1557313913591485, 0.9097787269799034, 0.5521751723523308, 0.11030676486877034, 0.07876835719423773, 0.000987962391225468, 0.07697576563902452, 0.054006913190443755, 0.18149512066254592, 0.6465109395191322, 0.41711237435626486, 0.2784838087477959, 0.03057813623950449, 0.281754842734466, 0.17558708010006938, 0.03989789357760788, 0.055177572235201255
0.5309674010605318, 0.05705196351159519, 0.12352458129364509, 0.08627260632372319, 0.0020542233482503773, 0.07108777714827712, 0.11774003603007174, 0.000712325976663208, 0.10261886422519431, 0.17041046272542668, 0.010742181283459905, 0.3827835458428554, 0.2298909549242159, 0.10040454258996379, 0.1809696290685017, 0.0017900452603904742, 0.3702911051556104, 0.13315753289494625, 0.03954236716298196, 0.159681967776639, 0.22518508380492835, 0.4772736821332858, 0.12567269926348423, 0.09546504892068929, 0.24784424314569262, 0.021558841690485133, 0.17450140364502104, 0.3341467684335831, 0.6368916742525034, 0.18426262484801803, 0.08345990540514733, 0.10283943701421469, 0.5294596762386133, 0.11836260511423315, 0.02212762029651603, 0.06669732830015723, 0.26091596590511235, 0.135700326562311, 0.11142713459077859, 0.2210721810924878, 0.19924343215079157, 0.013743626305771814, 0.4818245475552387, 0.01618488646707959, 0.00042363980113437435, 0.011094206542704547, 0.05837030765607196, 0.14188336696564413, 0.0029893501219038646, 0.4484044280066968, 0.05555569701637904, 0.09087216963416109, 0.05464030402760184, 0.04087344278157246, 0.23016563647821964, 0.38746586373503256, 0.06206625459128785, 0.13965567728259418, 0.03125672380976632, 0.07534550037876135, 0.10246895111750515, 0.42712981647580067, 0.05632372319228982, 0.14398851621034942, 0.4938927118676436, 0.10207395713312666, 0.16397247455296612, 0.016786448618953346, 0.031805132057215246, 0.004955726298769503, 0.0676903832810282, 0.07674309794959609, 0.16067120331527585, 0.035309470307019496, 0.04501435473706323, 0.0771559159977338, 0.051995021993621535, 0.0335795812618164, 0.03679714305720888, 0.03723765206154395, 0.13784016907397623, 0.5972837399978357, 0.12426427993965282, 0.06087554347480123, 0.10797435881113494, 0.13968495967305575, 0.6443656861309687, 0.13009975109968108, 0.22854651125780598, 0.106954886021478, 0.4937434353336601, 0.08310533385107995, 0.019667899497743346, 0.15786486813375686, 0.04747057438045464, 0.07763207312958731, 0.6417127652125202, 0.3101100635937132, 0.08449179138206517, 0.072613007747102
0.2428544601536689, 0.5481004640622315, 0.1797821008205435, 0.08706641373471427, 0.18244934464737, 0.1683078597755441, 0.06065242439095811, 0.058878293473209796, 0.19352509055260964, 0.11944414384019454, 0.3014848081685138, 0.1938678854931218, 0.20421379964479186, 0.051411602192359844, 0.14940798645371153, 0.13915373891566035, 0.17019275451808188, 0.1608055203671757, 0.14515726553398986, 0.08478620672094518, 0.26039843148238917, 0.02867509914635466, 0.08189807181824547, 0.395563081271365, 0.12840519189514357, 0.42729532563927913, 0.41848228097090223, 0.17826864683527383, 0.16666995563081272, 0.390200266087809, 0.017427160053726822, 0.24873385489938954, 0.17510041950207206, 0.005618717813242006, 0.25393275235373125, 0.24650107262669407, 0.3479616909943918, 0.21085421825566072, 0.014121114513243917, 0.22652634460280985, 0.17075771368187867, 0.146771298164758, 0.016110725630367112, 0.10044942103621468, 0.16793705559198172, 0.18018918970533004, 0.19581070844287707, 0.18847610620595706, 0.2046606743861838, 0.08346722600276273, 0.13682483401340625, 0.017165846547542506, 0.24163351178616216, 0.3237652061543946, 0.4834630882736758, 0.5199578588206836, 0.29056788740284295, 0.092799396528127, 0.20868763964835668, 0.10756663335264273, 0.07712790675468359, 0.12234087248792101, 0.022386705794730444, 0.2131194657873462, 0.04292352840073588, 0.03245411895016265, 0.15970074670095677, 0.48403250345341237, 0.06610213188534034, 0.007809167934509297, 0.3964183180449548, 0.1652975027213526, 0.16982545148990075, 0.3194291843581109, 0.2101982290519508, 0.07318210463998574, 0.053603325461038506, 0.09435645581223621, 0.1302897683508285, 0.06373153140536376, 0.3608774531959183, 0.12691624599754284, 0.013133152122018448, 0.4332367863213042, 0.19022286445436085, 0.13645243839557963, 0.16023706004799765, 0.00474724841015717, 0.08369320966828145, 0.21616769897702606, 0.1834471739310336, 0.1756924330483605, 0.1259728437657154, 0.04961773748973525, 0.013088591962620391, 0.07949627922669027, 0.32355131738928394, 0.01663844523238123, 0.52982984384847, 0.15045005760992036
0.2603258620799409, 0.3055817965383122, 0.28961557313913594, 0.20578072582133922, 0.21178679873449147, 0.005001241318726089, 0.0, 0.016746026188642252, 0.0, 0.0, 0.0, 0.0, 0.006099649247888167, 0.0, 0.0, 0.006431622435403683, 0.0, 0.0065547994474540235, 0.002353412989923038, 0.0, 0.0, 0.0, 0.0, 0.0, 0.0, 0.00045355876530164043, 0.0, 0.08829054497074944, 0.22974677097987792, 0.10232413059946145, 0.21357907200285184, 0.2744377462744524, 0.043416554735790085, 0.07615554041924744, 0.12466500308738247, 0.06058112813592122, 0.03359995162039837, 0.12186185077439192, 0.12665461420450566, 0.14482847521500278, 0.00256762004188655, 0.22940111145769013, 0.0, 0.0006139753391346417, 0.0, 0.0, 0.0, 0.09765104302601677, 0.0010252019530081291, 0.1246710505375865, 0.0, 0.0, 0.2670334392167597, 0.27034998822338646, 0.2496667536650731, 0.22032961786480448, 0.16951544009523142, 0.039856197999885414, 0.010179450127633029, 0.02066031790490862, 0.02261109802598494, 0.012646809810873951, 0.04150046788167368, 0.12175045037589677, 0.1433777237397432, 0.1598672107249938, 0.008245539209757402, 0.2335420234131809, 0.0539079259792095, 0.03671629819658669, 0.24521105601212037, 0.015340789733339275, 0.1920539687187681, 0.03301875982710658, 0.21285783399430902, 0.1491530386845841, 0.23011152771323629, 0.23979540521099235, 0.19699982812509947, 0.2527760979304989, 0.03599856134342515, 0.06946069475654239, 0.1983261294408973, 0.05400373032191532, 0.07173421774640176, 0.04713191716902942, 0.06279449491059322, 0.010072505745077695, 0.0, 0.007311685583515287, 0.037424168157310096, 0.17523219025914916, 0.20380289131777124, 0.2961818309132923, 0.15716272733638464, 0.12304428643270461, 0.15695997861112349, 0.27918785926628514, 0.0017120649814438764, 0.2082493586519915
0.0, 0.12902075866854243, 0.006272479008982055, 0.0, 0.0, 0.0, 0.0, 0.0, 0.0, 0.0, 0.0, 0.0, 0.0, 0.0, 0.0, 0.0, 0.0, 0.0, 0.0, 1.7187490053535847e-5, 0.0, 0.0, 0.0, 0.0, 6.14293625987485e-5, 0.0, 0.0, 0.0, 0.0, 0.0, 0.0, 0.0, 0.0, 0.0, 0.0, 0.0, 0.016321431526949346, 0.021139657905290564, 0.02130739507673896, 0.0, 0.008800313194263198, 0.0005480899605960876, 0.0, 0.0, 0.0, 0.0, 0.0, 0.0, 0.0, 0.0, 0.0, 0.0, 0.0, 0.0, 0.0, 0.0004379627095123209, 0.0, 0.0, 0.00036793960188680446, 0.0033006346639845694, 0.004789580561585323, 0.002039263866166744, 0.0004701096816494898, 0.00021866306790331718, 0.0004758388450006684, 0.004618660521608494, 0.0021723077706552255, 0.0, 0.0, 0.0, 0.0, 0.0, 0.0, 0.0, 0.0, 0.0, 0.0, 0.0, 0.0, 0.0, 0.0, 0.0, 0.0, 4.328701198668288e-5, 0.0, 0.0020672731092169507, 0.0, 0.0, 0.0, 0.0, 0.0, 7.734370524091132e-5, 0.0005522276896830499, 0.003501473668128664, 2.4826374521774002e-5, 0.0, 0.03246430412945363, 6.811338650845688e-5, 0.0, 0.0
0.0, 0.0, 0.0, 0.0, 0.0, 0.0, 0.0, 0.0, 0.0, 0.0, 0.0, 0.0, 0.0, 0.0, 0.0, 0.0, 0.0, 0.0, 0.00015373254992329287, 0.000516261275311762, 0.0, 0.0, 0.0, 0.0, 0.0, 0.0, 0.0, 0.013272561763563794, 0.0011996231483662335, 0.0007209197216899759, 0.0, 0.0, 0.0, 0.0, 0.0, 0.0, 0.0, 0.00035998243056572306, 0.00446970227447785, 3.21469721371689e-5, 0.0013250281683864767, 0.0, 0.0, 0.0, 0.0, 0.0, 0.0, 3.6602988076974494e-5, 0.00024667231095352375, 0.0009411742238575094, 5.474533868904011e-5, 0.0, 0.0, 0.0, 0.0, 0.0, 0.0, 0.0, 0.0, 0.001253413626496744, 0.0008221349408941315, 0.00011521984072925884, 9.612262955866345e-5, 0.00024444430298362096, 0.0, 0.000688772749552807, 0.0, 0.0, 0.0, 3.0873824725795876e-5, 0.0, 0.0, 0.0, 0.0, 0.0, 0.0, 0.0, 0.0, 0.0, 0.0, 0.0, 0.0, 0.0, 0.0, 6.365737056865129e-7, 0.0, 0.0, 0.0, 0.0, 0.0, 0.0, 0.0, 0.000949449682031434, 0.0006658560961480925, 6.556709168571083e-5, 1.9097211170595387e-6, 0.00029568848629138526, 0.0, 0.0, 0.0
0.0, 0.0, 0.0, 0.0, 0.0, 0.0, 0.0, 0.0, 0.0, 0.0, 0.0, 0.0, 0.006289666499035591, 0.0, 0.0, 0.0, 0.0, 0.0, 0.0, 0.04856007027773711, 0.0, 0.0, 0.0, 0.0, 0.0, 0.0, 0.0, 0.004266953549216696, 0.005852976936934643, 0.006296987096650985, 0.0, 0.0, 0.0, 0.0, 0.0, 0.0, 0.0, 0.0015163185669452737, 0.0, 0.0, 0.0, 0.0, 0.0, 0.0, 0.001381364941339733, 0.0029409705202716897, 0.0, 0.00012604159372592955, 0.00019415498023438643, 0.009750399450000318, 0.0028324347034521394, 0.0, 0.000752111833268615, 0.0, 0.0, 0.014252248696615337, 0.0007708907575863671, 0.0, 0.0, 0.0, 0.0, 0.0, 0.0, 0.0, 0.0, 0.0, 0.0, 0.0, 3.119211157863913e-5, 2.2916653404714465e-5, 0.0, 0.0, 0.0, 0.0, 0.0, 0.0, 0.0, 0.0, 0.0, 0.0, 0.0, 0.0, 0.0, 0.0, 0.0006123839048704254, 0.0, 0.0, 0.0, 0.0, 0.0, 0.0, 0.0, 0.0002788192830906927, 0.015550540769362981, 0.0006117473311647389, 0.004134864505286745, 0.0, 0.0, 0.0, 0.0
0.01946578734618788, 0.0, 0.00038830996046877286, 0.0025771686474718473, 0.0, 0.000877516853288858, 0.0, 0.0, 0.0, 0.006908416140962882, 0.005064262115589054, 0.005618717813242006, 0.04192378939595521, 0.0, 0.005362496896703184, 0.00042523123539859063, 0.004322017174758579, 0.011120624351490537, 0.015019638298820429, 0.04653672075421253, 0.0, 0.0, 0.0, 0.0, 0.0, 0.0, 0.003880871596717826, 1.3686334672260027e-5, 0.015423226028225679, 0.01962938678854931, 0.001208853467098688, 0.01759521551202806, 0.020288558860787696, 0.0, 0.0017451668141395752, 0.0, 0.0, 0.0, 0.0, 0.0, 0.0, 0.0, 0.0, 2.4508087668930746e-5, 0.0051225086096593694, 0.008429827297553647, 0.0019167234278220904, 0.0, 0.0014450223119083843, 0.01258601702198089, 0.011513390327899116, 0.03452107377252675, 0.023869604242127175, 0.0, 0.00038385394452896727, 0.014419031007505204, 0.00965777797582293, 0.0, 0.0, 0.0, 0.0, 0.00040167800828818967, 0.0, 0.0, 0.0, 0.0002476271715120535, 0.0, 0.0, 0.0, 0.0, 0.0, 0.0, 0.03220808321291481, 0.019201609258327975, 0.00011521984072925884, 0.00223628342807672, 0.0010713535466704012, 0.0, 0.0, 0.0, 0.0, 0.0, 0.0, 0.0, 0.0, 0.0, 0.0, 0.0, 0.0, 0.0, 0.0, 6.42939442743378e-5, 0.03850634345697716, 0.0014612549414033903, 5.028932274923452e-5, 0.046789440515370075, 0.0, 0.0, 0.0, 0.005855204944904545
0.003402168170041568, 0.004186745262300196, 0.0, 0.0, 0.0, 0.01171040988980909, 0.0, 0.0, 0.0, 0.013731849692216613, 0.020355080813031938, 0.07171925826431813, 0.012018511563361364, 0.0, 0.0, 0.0020017060175312397, 0.0015446460968483236, 0.0009612262955866345, 0.017532513002017937, 0.019083206549070284, 0.0, 0.0, 0.0026669255399736458, 0.0, 0.0, 0.0, 0.0, 0.0, 0.0, 0.0, 0.030491562215531124, 0.05930798072454819, 0.0, 0.0005592300004456016, 0.007631882157475603, 0.0, 0.0, 0.0, 0.0, 0.0, 0.0, 0.0, 0.0, 0.0, 0.004435327294370779, 0.03150212297330846, 0.0, 0.0, 0.001063714662202163, 0.01276680395439586, 0.004178788090979114, 0.00014227422322093565, 0.00026131350618431354, 0.0, 0.00821211909020886, 0.05328185573966682, 0.019021140612765847, 0.006078642315600511, 0.0011923025507508387, 0.00045355876530164043, 0.0006980030682852614, 0.024885894163255692, 0.02368627101488946, 1.3686334672260027e-5, 0.0002463540241006805, 0.0, 0.0, 0.0, 0.009667963155113915, 0.0, 1.2731474113730259e-5, 0.0017372096428184937, 0.02216549643200438, 0.006071003431132273, 0.0, 0.019789803362382313, 0.016989833917920187, 0.0007540215543856745, 0.0, 0.0, 0.0, 0.0, 0.0, 0.0, 0.0, 0.0, 0.0, 0.0023712370536822605, 0.0, 0.0, 0.0, 0.012197070487806431, 0.04278411875919053, 0.03529896684087567, 0.029911961856503556, 0.029991215282861527, 0.012489576105569384, 0.0, 0.0, 0.0035294829111788707
0.0, 0.0, 1.686920320069259e-5, 0.01609290156660789, 0.0, 0.0, 0.0, 0.0, 0.0, 0.0014017352999217015, 0.05681802267475539, 0.0, 0.0, 0.0, 0.0, 0.03561470739889618, 0.0, 0.00044846617565614833, 0.01029212367353954, 0.030331463928550968, 0.0, 3.119211157863913e-5, 0.0013418973715871691, 0.007704769846776709, 0.0, 0.0, 0.0, 0.0, 0.0, 0.0, 0.0, 0.01702802834026138, 0.0, 0.0, 0.0, 0.0, 0.0, 0.0, 0.0, 0.0, 0.0, 0.0, 0.005066171836706113, 0.016288966267959337, 0.005144470402505554, 0.006294759088681083, 0.005533416936680013, 0.0, 0.0, 0.021114194957063105, 0.020080080972175365, 0.01067024845471733, 0.01344125379557072, 0.03979508692413951, 0.0074065350656625775, 0.012820276145673527, 0.005393689008281824, 0.06785334614968394, 0.04186204174650362, 0.00024317115557224793, 0.005211310641602638, 0.027838959583935424, 0.024096224481351573, 0.0002651329484184326, 0.0, 0.0, 0.009398374190755676, 0.0051699333507330145, 0.0006388017136564157, 0.00011171868534798301, 0.000778211355201762, 0.00890216498717304, 0.005182346537993902, 0.0, 0.028522958030695583, 0.002736312073893476, 0.05191290398558797, 0.026961124443793723, 0.0, 0.0, 0.0, 0.0, 0.004485934903972856, 0.0, 0.0, 0.0, 0.0, 0.0, 0.0, 0.0, 0.0, 0.051598118288125994, 0.03779560891457817, 0.008724560923286502, 0.03601161110439172, 0.033354552456856215, 0.024333029899866958, 0.009345220286330853, 0.0002492186057762698, 0.0
0.0, 0.0, 0.0, 0.0017687200412499762, 0.0, 0.0, 0.0, 0.0, 0.0, 0.000669038964676525, 0.014725222959940417, 0.0015035870928315435, 0.0, 0.00022089107587321998, 0.010327453514205142, 0.004287642194651508, 0.0, 0.0, 0.03369002679975301, 0.0, 0.0, 0.0, 0.0, 0.008294873671948106, 0.00029505191258569875, 0.00031765027913756993, 0.0, 0.0, 0.019508756071321718, 0.0, 0.0, 0.0, 0.0, 0.0, 0.0, 0.0, 0.0, 0.0, 0.0, 0.0, 0.0, 0.016695418579040174, 0.01208853467098688, 0.0056056680522754325, 0.0, 0.0, 0.0, 0.0, 0.0, 0.00252560617731124, 0.0034931982099547397, 0.0038745058596609608, 0.0068301175751634404, 0.028318936158023056, 0.009861481561642614, 0.022422035635396045, 0.008430782158112177, 0.03495808162148054, 0.0074418649063281795, 0.004775257653207377, 0.00990890630271626, 0.008190157297362674, 0.013763041803795253, 0.00919435231808315, 0.004114812433557619, 0.0002228007969902795, 0.0058093716380951165, 0.019537083601224768, 0.031290143929314854, 2.514466137461726e-5, 0.03274089540457442, 0.0014042815947444475, 0.0003459778090406198, 0.0, 0.0, 0.07935814273255629, 0.04136169481383402, 0.01965962403956942, 0.007532258372535664, 0.0, 0.0, 0.0, 0.031547956280117896, 0.005067763270970329, 0.0, 0.0, 0.0, 0.0, 0.0, 0.0, 0.0, 0.015882195670025655, 0.013089546823178921, 0.013663736305708156, 0.0004717011159137061, 8.020828691650062e-5, 0.005017792235073938, 0.002864263388736465, 0.0, 0.00038926482102730263
0.00018174179297349944, 0.0005971061359339491, 0.0024243909581070843, 0.005412149645746733, 9.230318732454438e-6, 0.0, 0.010934744829430076, 0.007032229726718908, 0.019547905354221438, 0.029891273211068745, 0.033982214130663116, 0.03408120134189737, 0.004657491517655371, 0.00133903278991158, 0.025659331215664806, 0.013186942600148958, 0.0003755784863550426, 0.001846700320196574, 0.018025857623924987, 0.0, 0.0, 0.0, 0.0, 0.0, 0.0, 0.0, 0.0018587952206046178, 0.007390302436167571, 8.307286859208993e-5, 0.0, 0.0, 0.0021602128702471815, 0.0, 0.0, 0.0, 0.0005296293231311787, 0.0, 0.0, 0.0010764461363158933, 0.0, 0.0, 0.0, 0.08291754460790243, 0.012955229771279067, 0.0, 0.0, 0.0, 0.00916411506706304, 0.01254400315740558, 0.007240071041625554, 0.015309915908613478, 0.00878280741735682, 0.0, 3.1828685284325644e-7, 0.009151065306096466, 0.0, 0.030350879426574405, 0.0463893539413461, 0.017388647344532788, 0.0035266183295032815, 2.769095619736331e-5, 0.017452304715101438, 0.019499844039442108, 0.016661361885785944, 0.0001330439044884812, 0.008989057297999248, 0.017628317344723757, 0.025335633486323214, 0.02497183161352337, 0.003115073428776951, 0.03443768261708182, 0.0007326963352451764, 0.013492816265731327, 0.0083588493293696, 0.0, 6.620366539139734e-5, 0.016350077343705242, 0.0020052071729125156, 0.004786397693056891, 0.002397654862468251, 0.0, 0.0, 0.027283230738871102, 0.01490632817920823, 0.0, 0.0, 0.0, 0.0, 0.0, 0.0, 2.0052071729125156e-5, 0.04496342884060831, 0.04090336174573973, 0.0025348364960436943, 0.007264579129294485, 0.0006263885263955287, 0.017821517464399615, 0.01221648598582987, 0.010943656861309686, 0.00015596055789319566
0.0, 0.02802897683508285, 0.001638222431584241, 0.005565882195670026, 0.04711759426065147, 0.0, 0.0, 0.003343603389118409, 0.057216836101368, 0.006990852435849285, 0.0022324639858426008, 0.0002600403587729405, 0.00020274872526115437, 0.019634797665047648, 0.06498017072906787, 0.008751297018925337, 0.021108147506859083, 0.022259709340445983, 0.00013845478098681657, 0.0, 0.0, 0.0, 0.0, 0.0, 0.0, 0.0, 0.0, 0.0, 0.0, 0.0, 0.0, 0.0003692127492981775, 0.01890019160868541, 0.0, 0.0, 0.0, 0.00025335633486323213, 0.0006699938252350548, 0.004594152433939564, 0.0, 0.0, 0.0, 0.04148232553106161, 0.03431705189985423, 0.0, 0.0, 0.0, 0.022429992806717126, 0.016818595591090515, 0.01938971678835834, 0.020498309896811402, 0.0, 0.0, 0.01224290379461586, 0.04683049951938685, 0.005086542195288081, 0.06739851423697092, 0.03647471847527866, 0.00026258665359568656, 0.003409488767656963, 0.02025482045438631, 0.039666817322443676, 0.024452069182830334, 0.04747216581471886, 0.011346289730156407, 0.011570681961410902, 0.044264789198617364, 0.02129339045521386, 0.017773456149620285, 0.015151409055897538, 0.009324849927748884, 0.0020360809976383114, 0.005422971398743403, 0.00834007040505185, 0.0020647268143942047, 0.027002820021516192, 0.04748744358365534, 0.014192092481427962, 0.003345513110235469, 0.006564029766186478, 0.0, 0.009645046501709201, 0.09028206580898969, 0.01660502511283269, 8.307286859208993e-5, 0.00033133661380982995, 0.02475062225079731, 0.0, 0.009169525943561374, 0.01804781941677117, 0.010626643155877804, 0.02647764671432482, 0.008202888771476406, 0.014787288896244852, 0.0043729430712135, 0.00044114557804075344, 0.060993309610353236, 0.026806118746459058, 0.056943745981628484, 0.02328172842492568
0.00034056693254228443, 0.022013991890050988, 0.008868744867624498, 0.009843020924177706, 0.03220426377068069, 0.004645714904100171, 0.0, 0.002406248607495019, 0.007118803750692274, 0.0020383090056082143, 0.003116664863041167, 0.0035934585686003655, 0.0070475074956553845, 0.017512779217141658, 0.025371918187547346, 0.00416478346945401, 0.010279392199425811, 0.0038776887281893936, 0.0023814222329732447, 0.0, 0.0002355322711040098, 0.0, 0.0, 0.012964460090011521, 0.02623352069819404, 0.0, 0.01224290379461586, 0.0, 0.0, 0.0, 0.0, 0.02622269894519737, 0.04866319521805832, 0.0009749126302588945, 0.0013231184472694171, 0.02576532073766161, 0.020078489537911148, 0.003722046457149041, 0.0, 0.007860412117817062, 0.0, 0.0, 0.005039117454214436, 0.058185064707717185, 0.0, 0.0032748534289042657, 0.0, 0.044305211628928455, 0.06294090686290112, 0.03148684520437199, 0.00289895665569638, 0.0015790210769553953, 0.0, 0.010571897817188763, 0.034254667676696944, 0.004110992991323501, 0.039360307083155625, 0.010116429330770064, 0.00948367506731767, 0.025611269900885473, 0.0042163459396146186, 0.003327370759623403, 0.01726101431654264, 0.021559159977337976, 0.02476844631455653, 0.021343043204257405, 0.002092736057444411, 0.0031927354208707054, 0.07189972690988027, 0.10371727215435639, 0.006244469765931848, 0.0071261243483076685, 0.0543045113978522, 0.00855045801478124, 0.01483503192417134, 0.04019803807983907, 0.016374903718227016, 0.029883634326600506, 0.05519985231490028, 0.004792126856408069, 0.0039954548637413986, 0.011869235029377876, 0.013685379811701499, 0.03675067317669376, 2.164350599334144e-5, 0.015100483159442617, 0.06763468308178062, 0.01123234303683852, 0.004009141198413659, 0.0073374668185955914, 0.00010057864549846905, 0.018943478620672093, 0.024824783087509787, 0.08729016939226308, 0.0017992755791229288, 0.0006311628291881775, 0.0029861672533754323, 0.01423792578823739, 0.03388927436963289, 0.012681184790981024
0.03203238887014533, 0.026501836515140906, 0.004655900083391155, 0.00570210896868694, 0.0, 0.010488188374890987, 0.0, 0.0, 0.0025844892450872423, 0.0826384070379589, 0.0027821453807029047, 0.0, 0.0024912311972041684, 0.00496813948603039, 0.0, 0.0, 0.006580580682534328, 0.030486787912738476, 0.004851009924184072, 0.06279990578709156, 0.008875110604681363, 0.00128333259066401, 0.0, 0.0, 0.018758553959170164, 0.0064236652640826016, 0.0033429668154127228, 0.0, 0.009288883513377597, 0.012716832918499468, 0.00018810753003036456, 0.006892820085173562, 0.023085345436721392, 0.0004051791636694655, 0.001846700320196574, 0.09853237932153974, 0.0584037277756205, 0.0005003469326695991, 0.06486431431463292, 0.01511162319929213, 0.0, 2.7372669344520055e-5, 0.016425511327829094, 0.02744619360752685, 0.0016391772921427708, 0.004349389844103099, 0.020942001769674902, 0.007364521201087268, 0.03339051887122751, 0.03429031580421539, 0.04623052880177731, 0.011855230407852774, 0.006817067814196867, 0.032465577276865, 0.031993239587245606, 0.05875798104283504, 0.058303467416974876, 0.010534658255406101, 0.015561999096065338, 0.03723128632448708, 0.03411493974829876, 0.014292352840073588, 0.0043328389277552505, 0.042612243858655176, 0.07076567085319974, 0.002252834344424569, 0.007015042236665372, 0.05637242108077484, 0.0363028435747433, 0.04074294517190673, 0.02925278978426517, 0.03640692337562305, 0.004015825222323367, 0.03786945146443781, 0.049197280557129304, 0.008039925902820658, 0.016616483439535045, 0.009256418254387585, 0.06125366825597902, 0.006835846738514619, 0.0034295408393860884, 0.03947329891591498, 0.03545110795653475, 0.0015309597621760635, 0.007958762755345627, 0.06350459287928653, 0.0556260384108574, 0.005443978331031059, 0.010427395585997925, 0.01285369626522207, 0.012637579492141497, 0.020567059857025546, 0.030847406917009886, 0.014799065509800053, 0.026119892291728997, 0.001279513148429891, 0.045180182187394564, 0.04732861844408655, 0.014663475310488824, 0.06499226562947591
0.05730436498589989, 0.010983761004767938, 0.0, 0.005045164904418458, 0.01913667874034795, 0.014235379493414645, 0.0, 0.0, 0.015678173797353128, 0.0028114277711644843, 0.018778924317752133, 0.02241471503778065, 0.03585565054649853, 0.016039429375330223, 0.022075102965796893, 0.0011105028295701218, 0.0009354450605063308, 0.05523518215556588, 0.01832632041300902, 0.043996155094817656, 0.025329904322972035, 0.0, 0.004322653748464266, 0.008577830684125761, 0.0170009739577697, 0.01306981303830264, 0.023089801452661197, 0.0018473368939022606, 0.0012005780089247634, 0.005092907932344947, 0.01886868121025393, 0.017310030491880502, 0.08610168628374637, 0.016254273000999422, 0.024252821612950455, 0.0054538452234691994, 0.0044980298043809, 0.0032150155005697336, 0.05949767968884277, 0.00865581096307236, 0.00149053733186497, 0.008434283313493452, 0.0, 0.014576264712809773, 0.009046985505216721, 0.052423436097548556, 0.0018186910771463673, 0.03185510309311164, 0.02030956579307535, 0.050603790159843655, 0.022559217268971487, 0.003187006257519527, 0.016933178858114087, 0.06916309654913394, 0.011475832479263611, 0.06618870590931371, 0.036172982538783253, 0.06006232056578671, 0.051338396216205895, 0.056173491797747804, 0.013561884512798314, 0.05721015207745829, 0.07614217237142802, 0.04397546644938284, 0.05926724000738425, 0.01891101336168208, 0.028979699664525658, 0.006433532156520743, 0.056777281957591456, 0.03030122667753086, 0.1273134679898912, 0.010306446581917487, 0.0739132095409667, 0.03578753715999007, 0.09158035788173734, 0.11593662272186185, 0.06873436415835407, 0.05286553653614784, 0.01221362140415428, 0.02117848890133744, 0.0034798301621353227, 0.025337543207440274, 0.07993137735452699, 0.008175834388984728, 0.022987949659751355, 0.04025596628705655, 0.011608558096899249, 0.05954924215900338, 0.002746815540037303, 0.025822612371173396, 0.01069475654238626, 0.012669726464278667, 0.0056540476539076075, 0.07452654830639566, 0.08942587417484134, 0.10986530100387673, 0.02957616922675392, 0.013240096504573782, 0.019383351051301474, 0.0597252547886257
0.05109427020007511, 0.012320884073562457, 0.005089406776963671, 0.0469603605553469, 0.03352037990718756, 0.020562922127938584, 0.0, 0.013643684233979032, 0.010797881482707475, 0.034737508832460164, 0.00045419533900732694, 0.01411856821842117, 0.04598290163026526, 0.08290003883099605, 0.0127200157870279, 0.026025997670140237, 0.006056680522754327, 3.21469721371689e-5, 0.0392740513460351, 0.026411761335786266, 0.0211686220088993, 0.00999102431074982, 0.012419234711091024, 0.06629183084963493, 0.04336785684730506, 0.05142465195332641, 0.020043796270951233, 0.013668192321647963, 0.02801910994264471, 0.007770973512168106, 0.025245558306968573, 0.04015284134673533, 0.08866835146507439, 0.08904583967254649, 0.015079476227154961, 0.026181958228033434, 0.004159690879808518, 0.0016436333080825764, 0.0439633715489748, 0.030755422016538185, 0.056423028690376915, 0.009622129848304486, 0.0, 0.012695189412506127, 0.08703299361516573, 0.13125322265438505, 0.005408648490365457, 0.018959074676461414, 0.014603637382154293, 0.05062575195268984, 0.025087369741105474, 0.028533461496839413, 0.028332304205842474, 0.03592344564615414, 0.04941848991985537, 0.16211686220088992, 0.030259212812955547, 0.016410233558892616, 0.0806857171957655, 0.08220712835235627, 0.030110572852677746, 0.004258041517337085, 0.10649241522429674, 0.019683177266679824, 0.11699588136812421, 0.05727221801376273, 0.07873334564042497, 0.05369531036151021, 0.024789134959991344, 0.0024142057788161, 0.01820409826151721, 0.017322125392288546, 0.04806195135303741, 0.04268131210572216, 0.03355539146100031, 0.06624918041135393, 0.07532035571738674, 0.03561502568574902, 0.011472013037029492, 0.04336340083136526, 0.09913139517859075, 0.008900891839761668, 0.10113723892520896, 0.035033515605604394, 0.14672132712886163, 0.06010433443036202, 0.04140402696526217, 0.0264760552800606, 0.0893262503899014, 0.05760100833274981, 0.02636242687359556, 0.005951009287610366, 0.07257672304587787, 0.055116142872602504, 0.04404994557294816, 0.1374964192729055, 0.05416000916666136, 0.005682375183810658, 0.01715025049175319, 0.04374566334163001
0.04034063058991285, 0.012165878376227792, 0.052100056655059804, 0.16394255558879886, 0.027413728348536837, 0.11025552068546257, 0.05756185904985009, 0.009808964230923478, 0.04575023394083684, 0.012198343635217804, 0.04220197210534022, 0.039399456366055345, 0.055035934585686, 0.029400793170837287, 0.008031968731499577, 0.004444557613103233, 0.0067101234316415325, 0.05568364833122203, 0.04040683425530425, 0.05594082410831938, 0.0005318573311010815, 0.00391842944535333, 0.06170627216072213, 0.054600518170996426, 0.0700148321673425, 0.022245068145215194, 0.008066025424753804, 0.09444366640991528, 0.017947877344978387, 0.02773392492249715, 0.0032493904806768052, 0.0320998656829481, 0.09596316784538898, 0.013690790688199833, 0.06105187439127639, 0.008073664309222043, 0.030763379187859267, 0.023468562807544672, 0.013781184154407319, 0.02262573922121573, 0.006437669885607705, 0.01724414511334195, 0.02215276495789065, 0.019413588302321583, 0.0013915501206307173, 0.09020885983283575, 0.01880725184765518, 0.018902419616655314, 0.040468263617903, 0.22034139447835968, 0.0996085071710028, 0.01862360033356462, 0.02906881998332177, 0.04143903851907493, 0.15226015494203995, 0.059612262955866344, 0.0908670770445156, 0.10540260104016143, 0.055929047494764184, 0.009395509609080087, 0.033267341859177166, 0.0687286349950029, 0.05845942797486807, 0.14884525529788467, 0.09768987402206364, 0.04526516477710372, 0.14156221553112527, 0.03310819843275554, 0.08191748731626891, 0.0879643009465851, 0.03137512651902401, 0.09087312449471963, 0.0817627999057871, 0.03960697939410915, 0.10871755861252395, 0.013967381963320624, 0.01938080475647873, 0.06463928550967274, 0.049933159760902915, 0.058367761361249215, 0.026194689702147163, 0.05275922872729819, 0.0590291614414575, 0.03800026736095639, 0.04891400525809881, 0.02826450910618686, 0.048358594699887326, 0.08449465596374076, 0.004180697812096174, 0.018378201170022472, 0.007359746898294619, 0.03947234405535645, 0.01730971220502766, 0.015076293358626529, 0.01130841359466806, 0.05099719270995792, 0.03809638999051505, 0.06068138849456684, 0.015249759693426103, 0.004990419565729418
0.0227852009344902, 0.08039607615967814, 0.16410742817857166, 0.01660502511283269, 0.05232922318910695, 0.05721015207745829, 0.03112654448695342, 0.013941600728240319, 0.0029161441457499155, 0.02788542946445054, 0.02886734440547199, 0.011744148296210477, 0.04531195294447168, 0.01424270009103004, 0.0559115417178578, 0.02234723822497788, 0.018340643321386966, 0.0244017798600811, 0.014745593318522385, 0.04407540852117563, 0.0025065089661406447, 0.01694336403740507, 0.1445786200355208, 0.028300475520558147, 0.031460427395586, 0.012435149053733186, 0.04080755740303391, 0.051237499283854585, 0.010389519450509577, 0.03334723185924082, 0.014856357143311839, 0.037688982818875685, 0.0034909702019848368, 0.1024804094442075, 0.07814165038098936, 0.04618374063440935, 0.002583852671381556, 0.008953727457333647, 0.020964918423079616, 4.201386457530985e-5, 0.04312118453635154, 0.08360440763633817, 0.11832536555245049, 0.03264254476704585, 0.07489289647401824, 0.049988541673297644, 0.00024539916354215073, 0.06484012451381684, 0.13050111082111643, 0.08285961640068495, 0.30898873901114643, 0.04046285274140466, 0.029005799186458806, 0.030563495044273702, 0.02087229694890223, 0.18492275178081494, 0.212829506464406, 0.08632576022814802, 0.032357678033751135, 0.011724732798187039, 0.036208312379448854, 0.008778669688269857, 0.052570166336709294, 0.10729895410940156, 0.06585004869788849, 0.032048621499640335, 0.1454201704744384, 0.043990107644613634, 0.041464183180449546, 0.11025743040657962, 0.1305959603032637, 0.015593827781349663, 0.2161937984989592, 0.02052058997651043, 0.12078444977751748, 0.06386107415447098, 0.07088184555448752, 0.052375693069622066, 0.030903107116257454, 0.10683330044369187, 0.00027149868547529773, 0.021936329897957234, 0.05385254406681478, 0.14295726680713727, 0.0066903896467652504, 0.03660871724032567, 0.03163612173835548, 0.10561776295268348, 0.10036030071741857, 0.007411945942160913, 0.06041020809594439, 0.06828780770381498, 0.1391967076407942, 0.19841684119395764, 0.005859024387138665, 0.15133234876600188, 0.04810237378334851, 0.019259855752398292, 0.044108828640724164, 0.03377500938946216
0.08008383675703891, 0.09377239943726884, 0.028786817831702644, 0.07814451496266495, 0.011799848495458046, 0.03210304855147653, 0.010848170805456709, 0.07218427535632213, 0.14656027398132293, 0.08543073759795278, 0.022662342209292703, 0.132465577276865, 0.09923642984002903, 0.04929499462095219, 0.08041962938678855, 0.07645282033980304, 0.015267265470332482, 0.025267201812961913, 0.015306414753232203, 0.109093137098879, 0.04106377831957273, 0.11524466710378062, 0.13237518381065752, 0.007537350962181156, 0.03972410895595547, 0.04841143031745931, 0.2333882908632576, 0.17763971201405554, 0.008186019568275712, 0.02048239555416924, 0.03910122158494121, 0.06093378996887155, 0.017576118300857466, 0.07382377093531775, 0.054817271517782686, 0.01385566327797264, 0.016507629335862653, 0.011162319929213004, 0.03832205536918092, 0.03379728946916119, 0.040752175490639184, 0.03452075548567391, 0.033561120624351494, 0.2090711753060328, 0.05748610677887339, 0.00036443844650552865, 0.04427051836196854, 0.0929031580421539, 0.22583629870584565, 0.06012024877300418, 0.07662087579810428, 0.016070303200056018, 0.11632938869827043, 0.09216473254355756, 0.04702433621276839, 0.1549394936692745, 0.06861564316224354, 0.04777326517750858, 0.13646485158284052, 0.227135227352299, 0.07650279137569943, 0.007664347416465616, 0.03617712026787021, 0.047059347766581154, 0.01167889949137761, 0.021982163204766664, 0.04470370676868821, 0.034298591262389315, 0.050650260040358774, 0.08212182747579429, 0.021597036112826325, 0.06868725770413327, 0.029713669147182206, 0.03817437026946165, 0.14460471955745396, 0.19100871469403086, 0.017348224914221694, 0.05558147825145934, 0.06115117988936349, 0.03174306612091081, 0.023974002329859762, 0.05013972792839819, 0.013439344074453661, 0.09321826202646874, 0.027086211176961125, 0.03455131102354686, 0.10216880661527394, 0.06278367315759656, 0.10321151434518845, 0.0547930817169666, 0.06402149072830397, 0.1943115773659853, 0.0011891196822224062, 0.07882055623810402, 0.2120194664239199, 0.30080685717195765, 0.2032624402416434, 0.018968941568899556, 0.1063199037500557, 0.04330165318191367
0.00867649960850717, 0.13405987612275688, 0.007597507177368531, 0.07010490734669714, 0.03953090883627961, 0.03794934146450147, 0.09145590772227562, 0.0020758668542437187, 0.05455373000362847, 0.03323869604242127, 0.07670108408502078, 0.04721626318503288, 0.02530412308789173, 0.09206065274267781, 0.06581503714407573, 0.13725165668306905, 0.044888949717042985, 0.04787320724930136, 0.07529521105601213, 0.020920676550534402, 0.09107841951480353, 0.057576181958228036, 0.07168615643162243, 0.02368818073600652, 0.021771775595037273, 0.056953931160919465, 0.036975701981653945, 0.08458186656141982, 0.01667250192563546, 0.12614217237142802, 0.04761825948017391, 0.06812134367977796, 0.030967401060531793, 0.01399539120637083, 0.0197220082627267, 0.0680185370263096, 0.1636736031981463, 0.19303238250440827, 0.01842021503459778, 0.0844956108242993, 0.0641077464654245, 0.06608430782158112, 0.004221120242407267, 0.2318805660413391, 0.07352680930161498, 0.0628848883768007, 0.15876752964842034, 0.11533028626719545, 0.09411264808295829, 0.01079247060620914, 0.31421055311889284, 0.24812178928137194, 0.11699174363903725, 0.12438363750946903, 0.1713070767898861, 0.12145508017645823, 0.20077439191296764, 0.0016073486068584452, 0.10841518610232286, 0.29909956649330643, 0.02615331241127754, 0.033327816361217386, 0.0012110814750685907, 0.09491345780471191, 0.02423658898345545, 0.023403314002711804, 0.05320101087904463, 0.05230662482255508, 0.10259149155584979, 0.26321622499061054, 0.1554538452234692, 0.0024848654601473032, 0.02327886384325009, 0.17135577467837113, 0.1766208757981043, 0.022909014520246226, 0.31052924737890775, 0.11297846471153662, 0.02050372077330974, 0.01600696411634021, 0.04388634613058673, 0.03262121954790535, 0.16337218554850375, 0.01569504300055382, 0.18575284389303015, 0.08234430998593172, 0.17046043376132305, 0.011410265387577901, 0.047556193543869474, 0.004352254425778689, 0.09898848438166413, 0.07572808117587895, 0.06654041288170551, 0.15148639960277802, 0.0791639877523219, 0.24602427892113488, 0.021296255036889446, 0.21549388570955688, 0.17686118237200094, 0.09787097924133145
0.03829977528948189, 0.1388303594731716, 0.013045941524339395, 0.20631417458670454, 0.07542284408400227, 0.03215015500569733, 0.05580841677753659, 0.012448517101552604, 0.04862659222998135, 0.2629192633569078, 0.06094206542704547, 0.10576926749463687, 0.1043398412385178, 0.1568488964994812, 0.017207542125264975, 0.048948698525058724, 0.015470014195593637, 0.06246474973104761, 0.008228670006556709, 0.1344485043700785, 0.04600072569402448, 0.03516178520730023, 0.03963244234233661, 0.09635593382179755, 0.018742003042822312, 0.10646663398921644, 0.13775582305797276, 0.02063867439891528, 0.016367264833758777, 0.004740564386247462, 0.15649846267450077, 0.019098166031153916, 0.04484789071302621, 0.051411283905507, 0.1527025736674921, 0.05571929645874048, 0.0360548981163784, 0.12762507081882477, 0.0955115188012044, 0.13230707042414905, 0.18213169436823243, 0.04966516223080889, 0.09704820772673164, 0.02607119440324398, 0.040730213697793, 0.029254062931676546, 0.029235602294211634, 0.15110254565824904, 0.0178648044763863, 0.0740898587442947, 0.16176992953129077, 0.10935317745765194, 0.003072422990495955, 0.1459816284828539, 0.05101628992112852, 0.039553188915978636, 0.3091889414415848, 0.19452896728647726, 0.22225652647191754, 0.21823624523365437, 0.011259079132477354, 0.1180700994964702, 0.05859151701879802, 0.015556269932714159, 0.187138028276604, 0.03155750488570319, 0.04108032923592058, 0.22823045241293263, 0.20999866319521807, 0.24988541673297643, 0.19061212927538815, 0.10698130383026398, 0.2785073619749063, 0.07941575265292092, 0.023083435715604332, 0.03319158958820047, 0.05499583044222775, 0.262029333316358, 0.02732938233253337, 0.017981934038232616, 0.030885601339351077, 0.17255094181079755, 0.25126009765040647, 0.10107485470205167, 0.09446944764499557, 0.007289723790669103, 0.050782349084288726, 0.00827768618189457, 0.060579536701657, 0.07357455232954148, 0.02343227810632054, 0.05520462661769293, 0.08951308477252039, 0.40224996976274896, 0.007759833472318592, 0.2297400869559682, 0.1868149671209681, 0.12530666938271448, 0.17815406356825025, 0.05043127868560261
0.08127327472611416, 0.06575933694482816, 0.1557180233113291, 0.2998469040237824, 4.328701198668288e-5, 0.09942962995970489, 0.08126086153885327, 0.0, 0.04272682712567875, 0.394557931390086, 0.16851283650877516, 0.04547809868165586, 0.005303932115780025, 0.0704416548370053, 0.01806532519367755, 0.041567626407623605, 0.08428649636198127, 0.06843963053262123, 0.0672444634001948, 0.0861446550088802, 0.02444697659318484, 0.0008211800803356017, 0.09640272198916551, 0.002944153388800122, 0.050308738247257956, 0.03157883010484369, 0.04736140198992941, 0.10050512123546225, 0.01681541272256208, 0.027685227034012133, 0.18134457098115106, 0.0820483032127875, 0.012226034591415167, 0.029843211896289412, 0.21500627025100102, 0.11063873805628585, 0.02954402225461675, 0.04917818334595871, 0.12757223520125277, 0.042659032026023135, 0.12237270117320534, 0.044172804298145664, 0.10420711562088217, 0.05172734275038035, 0.22886416153694356, 0.013834338058832142, 0.35546307554220163, 0.18737960799791203, 0.2227661037233196, 0.3001900172511474, 0.12128256870221718, 0.09170448975434621, 0.010897186980794572, 0.1928617807512843, 0.08639610162262637, 0.27344691930155135, 0.19002361688448097, 0.03564271664194639, 0.2948507552947018, 0.044731079438032735, 0.378932274923452, 0.14230032274286877, 0.09461172186821651, 0.3064659974155108, 0.2995152491231197, 0.048554022827533086, 0.03285961640068495, 0.12502594037850673, 0.0481876746599105, 0.006152166578607304, 0.022037226830308548, 0.4562088216384134, 0.21457912929448536, 0.15168628374636356, 0.0801926908607113, 0.21023801490855618, 0.22979578715521576, 0.2997144966929996, 0.11109038710047042, 0.06946928850156915, 0.015737056865129127, 0.279718125163122, 0.2369967089139416, 0.3526042230299635, 0.19617100916029562, 0.23160874906901097, 0.009860526701084085, 0.028659184803712497, 0.05341521793100814, 0.04436886899949711, 0.02369932077585603, 0.27619087025991307, 0.05603694673787805, 0.14085211756243196, 0.35608787263433295, 0.18283638146042738, 0.22921077591968986, 0.2278395961576411, 0.18248594763544698, 0.2143696965453145
0.22385050703095657, 0.25085332705247276, 0.15239224398596993, 0.12514020535867745, 0.06859304479569167, 0.08833383198273612, 0.016348167622588183, 0.055480263032255187, 0.2808031650444647, 0.19814788880330508, 0.2619768159856389, 0.021887632009472215, 0.0915345245749279, 0.3921017117466946, 0.12463858527859648, 0.27391002667243824, 0.16411634021045127, 0.34580625242693724, 0.08266959914953753, 0.08887364648515829, 0.06330630016996518, 0.20581319108032925, 0.018310724357219702, 0.005060124386502091, 0.0173078024839106, 0.20461102163714026, 0.29253617330082565, 0.08053071149843084, 0.04157399214468047, 0.3257961945623874, 0.057975950245399165, 0.001563743308018919, 0.0, 0.028581522811618743, 0.07002915507572044, 0.3195622282625994, 0.062085988376164136, 0.04157781158691459, 0.122511474241045, 0.2651937412073257, 0.25862366399093517, 0.18766351987064822, 0.03500518807570135, 0.19246424047208305, 0.13613319668217785, 0.09892005270830283, 0.3172747006512149, 0.40670566741570174, 0.24029002298031077, 0.1274353718545302, 0.1342616699874595, 0.1731229032853569, 0.026228428108548547, 0.17867032484356202, 0.14809441661202744, 0.22720556874677736, 0.390618495012445, 0.14485712103175866, 0.193290831428917, 0.2814979852442215, 0.24773093302608043, 0.08294141612186567, 0.1954577283230739, 0.15030778338669942, 0.03934343787995493, 0.18151835560280347, 0.09708130955942734, 0.17017015615153, 0.09366736477583057, 0.028675735720060345, 0.18964390066903897, 0.15088897517999122, 0.39946018549757784, 0.10512473661762928, 0.10516133960570624, 0.28746872831670817, 0.21967808467703434, 0.20267042669535493, 0.07565678492084206, 0.23853244297891033, 0.2886129695526797, 0.24838373936126196, 0.18871959564838214, 0.3146478792546995, 0.09753773290640456, 0.20490989299196008, 0.3345325320992291, 2.4508087668930746e-5, 0.0030835630303454684, 0.07574144922369837, 0.009987523155368544, 0.03232744078273103, 0.12845293492307006, 0.3126799116435697, 0.07421908320654907, 0.17389888663258876, 0.17608042472197644, 0.044243463979476864, 0.05778243183887046, 0.26981208344208135
0.22475603312729564, 0.3807041778332304, 0.0, 0.3079998217593624, 0.37620996747108365, 0.13907735007097796, 0.01915800395948845, 0.0812595883914419, 0.17016379041447313, 0.4155012063071723, 0.25908231534588233, 0.0, 0.0034161727915666715, 0.07129975619227072, 0.4943319477245673, 0.21688034324054212, 0.0898192767249556, 0.4031911439866065, 0.06823083435715604, 0.38670993245952984, 0.0625595992131949, 0.05447415829041766, 0.013140472719633842, 0.0029470179704757116, 0.010294669968362287, 0.17120076898103648, 0.038371071544518784, 0.21791954981507533, 0.0, 0.24095938023184013, 0.3254486253190826, 0.18485813954968777, 0.25565786709614174, 0.1285598793056254, 0.3683400067476813, 0.4205301385820957, 0.08613542469014775, 0.06211240618495013, 0.3729316128867981, 0.20551845745459638, 0.32361783934152816, 0.030049780063784684, 0.07112406184950125, 0.0401401098726216, 0.2618472732365317, 0.405350720283148, 0.404185153828036, 0.0009809600804629164, 0.07984066560146666, 0.3007100979686933, 0.42495050639438287, 0.0517983207185644, 0.42596934261033415, 0.3162055751125144, 0.1097039295694852, 0.1903285356895048, 0.1378790000700231, 0.29330069832135514, 0.31116041020809593, 0.16610372331960457, 0.3537799746643665, 0.029640463171028256, 0.26026952530698766, 0.00018046864556212641, 0.13248562934859412, 0.2835493440107963, 0.26620812140733713, 0.11246443144419477, 0.1523973365756154, 0.2703219789803362, 0.08211609831244311, 0.15431978916678868, 0.12111578639132732, 0.2977401633448129, 0.021590352088916614, 0.2616687143120866, 0.4405917589168062, 0.4222600276272988, 0.31468448224277645, 0.27359492268812347, 0.16551107319961042, 0.3963011884831085, 0.1873541450496846, 0.0, 0.42651838743148873, 0.34523588238664216, 0.42518635695233975, 0.005049620920358264, 0.006769006499417535, 0.32753372249205875, 0.13538713229911326, 0.36638190602898957, 0.14600963772590408, 0.30606049996498846, 0.04662297649133305, 0.35081831549866, 0.32139110451903674, 0.008835324748075956, 0.008183473273452967, 0.3610967528375273
0.130455277514307, 0.3673622295357468, 0.37675169169462286, 0.12817888994277202, 0.2505783272116162, 0.34709690561521667, 0.07308184428134011, 0.28725388469103896, 0.401608303467417, 0.13933643556919237, 0.06816144782323622, 0.03190793871068362, 0.012081532360224329, 0.0006925921917869261, 0.12403002081596018, 0.16096084435136324, 0.08171983118065325, 0.0, 0.36348199451273466, 0.3880047233768962, 0.2473177966910899, 0.0002651329484184326, 0.0807290042077522, 0.0034244482497405963, 0.0, 0.0, 0.0, 0.32145062416051845, 0.38170900942765656, 0.2878073855281334, 0.22085224487717312, 0.2949510156533474, 0.3724217173485432, 0.3658974734389621, 0.05974976287629463, 0.023664627508896117, 0.30998147570516454, 0.25650451012470477, 0.43971233234240026, 0.2862318656065593, 0.22008517356182086, 0.37299017766772125, 0.3555732027932854, 0.020343940773182422, 0.014025310170538095, 0.020766625713758268, 0.00155896900522627, 0.02145508017645823, 0.18179622002533563, 0.04645651246729603, 0.35537013578117144, 0.011720595069100075, 0.0, 0.3975784736235685, 0.0008714694030848362, 0.30620404733562073, 0.2822049003443864, 0.4317987663201584, 0.399337963346086, 0.10176681032013292, 0.41326874232132965, 0.4513877306783966, 0.2871596717825973, 0.22502594037850673, 0.2674249320457569, 0.25448943605935415, 0.3472054414320362, 0.3002991896416727, 0.26629055770222354, 0.2598812153465189, 0.11681827730423767, 0.34963174211126036, 0.07704515217294435, 0.3002641780878599, 0.1933239332616127, 0.2815826495470778, 0.18554150142274223, 0.1089680503657116, 0.37144744129199, 0.31403549534982905, 0.166133323996919, 0.2701491492192423, 0.38172269576232887, 0.2725165668306905, 0.3093028881349027, 0.2933713580026863, 0.22570102679338727, 0.35606145482554696, 0.401411283905507, 0.3909367818652883, 0.15686576570268188, 0.005075720442291411, 0.01778364132891127, 0.01663717208496986, 0.08723828863524963, 0.3658790128014972, 0.0010118339051887124, 0.0029355596437733544, 0.3542745924336849, 0.21769101985473388
0.06545378156609863, 0.07458383993990744, 0.23641933656288394, 0.19838660394293753, 0.03427281002730901, 0.22679052269066974, 0.4363015704273319, 0.008176789249543258, 0.2915994550929079, 0.17528661731098535, 0.0, 0.3142181920033611, 0.20712039518495648, 0.00016678231088986637, 0.030803165044464672, 0.04798619908206072, 0.17854332838927756, 0.13357703496699366, 0.26914463591166904, 0.4130850908072391, 0.17485279233056, 0.028261007950805585, 0.08423047787588085, 0.1780051053211196, 0.006814203232521278, 0.0, 0.0, 0.07523569141453043, 0.016437287941384292, 0.16715406993398732, 0.04258805405783909, 0.05937068323455831, 0.33608672680166274, 0.037871679472407715, 0.023181149779427212, 0.0, 7.638884468238155e-6, 0.03156259747534868, 0.1636634180188553, 0.0, 0.07013864575309853, 0.03950862875658058, 0.0041870635491530386, 0.008728380365520622, 0.0016028925909186396, 0.007799301042071156, 0.009505636860163855, 0.061793801045254025, 0.1401923089164879, 0.15186611581822002, 0.279188177553138, 0.034302410704623434, 0.029391244565251988, 0.12886989070029473, 0.020720792406948838, 0.2854491982354177, 0.11833077642894882, 0.11677117085001687, 0.14608825457855637, 0.2523951085676455, 0.24939843784812624, 0.20274872526115437, 0.32673514077827503, 0.1664350599334144, 0.04146991234380073, 0.1437787651743257, 0.01410488188374891, 0.11091914877364076, 0.2480008402772915, 0.20800714235697781, 0.1023059882488494, 0.11320031064796837, 0.25334042052058997, 0.2831801312614981, 0.015136767860666747, 0.15139314155489494, 0.225975708347391, 0.03932179437396159, 0.06593725929556754, 0.022312544958017964, 0.07412423372440179, 0.29964511015907974, 0.32003074650998464, 0.3642360160671203, 0.0022738412767122243, 7.129625503688945e-5, 0.0021207453004946177, 0.03422570357308821, 0.3390343813458441, 0.06343647949277807, 0.06024056120337893, 0.030516070303200055, 0.015367525828978108, 0.012781763436479493, 0.010940473992781254, 0.0, 0.013961652799969445, 0.10646281454698232, 0.24388889242540948, 0.14141707672622875
0.11931428280423449, 0.0375206090737216, 0.09898498322628285, 0.29602109605260646, 0.06444544881629119, 0.014441311087204232, 0.052190450121267294, 0.2981552094009205, 0.25478767084046827, 0.006624504268226697, 0.03284561177915985, 0.21929136615082978, 0.30407088884786526, 0.014222648019300914, 0.18686557473057017, 0.16741920288240575, 0.36104487208051383, 0.19216345939614618, 0.219961041689212, 0.2739316701784316, 0.06480797754167966, 0.06834159818194549, 0.006098694387329637, 0.07514147850608882, 0.09105645772195733, 0.13183696074249956, 0.1336995754053383, 0.054794673151230815, 0.13808302194269564, 0.003065420679733403, 0.0, 0.018227969775480454, 0.00840277291506197, 0.26496998554977685, 0.1335795812618164, 0.21979139479664653, 0.06842562591109612, 0.02350548408247449, 0.07827310285121362, 0.13951754078846018, 0.08085249950665538, 0.1440677696367074, 0.29502485820320706, 0.06718080602962614, 0.07183702439987014, 0.05310902597857293, 0.3614188591326047, 0.15343717972385432, 0.16828908085122635, 0.2422379385197115, 0.17129211730780247, 0.2564656791286579, 0.005754626299406077, 0.22083219280544397, 0.10060124386502091, 0.04318356875950882, 0.07445684348562298, 0.016534365431501486, 0.13687353190189125, 0.2402792012273141, 0.17238129491823212, 0.11403867821835752, 0.06755861252395108, 0.1543061028321164, 0.24702242649165135, 0.17622206237149168, 0.22181601746758248, 0.25264941976306726, 0.15832765721779096, 0.15540387418757282, 0.18437434353336601, 0.28208617934827585, 0.10916538821447441, 0.18245061779478136, 0.18730926660343367, 0.4226690262332024, 0.07376138671216047, 0.1675086414880547, 0.2138890833975212, 0.00768535434875327, 0.03462929130249346, 0.018441221966885437, 0.22195733683024488, 0.04689829461904246, 0.04497711517528057, 0.08034069424728342, 0.0011627018734364158, 0.021050855873347294, 0.06668077738380938, 0.02601262962232082, 0.03406974301519501, 0.0961385439013056, 0.011199877777848508, 0.2693432469078432, 0.11108274821600218, 0.025035488984092025, 0.08886505274013151, 0.004559140880126805, 0.16785398272338964, 0.0008310469727737426
0.08079552615999644, 0.23393256138161958, 0.017528693559783818, 0.06107447275782826, 0.07895773787167948, 0.029687569625249058, 0.08249740596214933, 0.0826377704642532, 0.1090387100470428, 0.04987204868515701, 0.015198833796971182, 0.03531042516757803, 0.039860654015825225, 0.03496826680077153, 0.09885735019829271, 0.22457047189208804, 0.04585972461821492, 0.06993207758560326, 0.06697391957527803, 0.23361682082359905, 0.04567448166986014, 0.09795437039677639, 0.020123367984162047, 0.0, 0.07656262930403397, 0.04716438242801943, 0.05798295255616172, 0.01590033802063772, 0.12183829754728151, 0.03911013361682082, 0.015626293040339675, 0.009380868413849297, 0.07416688416268277, 0.10560503147856974, 0.027436326715088707, 0.036602669790121646, 0.038145406165852914, 0.016485667543016468, 0.02413792005907404, 0.04813133788695724, 0.0002215276495789065, 0.06894602491549484, 0.12154992965860552, 0.12386673966045159, 0.049750144820518045, 0.03224213990616904, 0.19764786015748834, 0.06501836515140906, 0.11180494108510354, 0.1363168481962684, 0.01947469937806749, 0.035129001661457375, 0.02094391149079196, 0.06635453335964504, 0.19858266864428897, 0.024845153446091756, 0.039572286127149234, 0.10274936183486005, 0.040788778478716155, 0.27787237970348394, 0.06031249403212151, 0.08546288457008995, 0.2867022935750616, 0.05395726044140021, 0.2984652207955898, 0.02083028308432692, 0.24110229102876676, 0.12286477264770101, 0.2920730659299387, 0.015162867382599894, 0.0045581860195682755, 0.06720053981450243, 0.031909848431800676, 0.04071716393682642, 0.07386992252898002, 0.09062963505229453, 0.29424632856115246, 0.32331387539706286, 0.09022445588862507, 0.07140415428000331, 0.049105295656657603, 0.04340955242502753, 0.2228227587831257, 0.0011786162160785786, 0.028227269544404198, 0.1697764353145629, 0.2537570580109618, 0.12714732225270703, 0.056453584228249865, 0.05031351255005061, 0.10150358709283154, 0.061202742359524095, 0.016554735790083454, 0.010533385107994729, 0.07974549783246654, 0.026056871494866032, 0.009038391760189954, 0.07770591567944694, 0.1344042624975333, 0.035560280347059985
0.02980183460541979, 0.19788753015767932, 0.010778465984684037, 0.11938303276444863, 0.0939987013896404, 0.060021898135475614, 0.09211858094989528, 0.13213264922879095, 0.011401035068845447, 0.08832746624567926, 0.09524479441852175, 0.028471077273682133, 0.017540788460191862, 0.021202360415300686, 0.04790344450032147, 0.1574978833924286, 0.005851385502670427, 0.23457677397177432, 0.07945840309120192, 0.06248257379480683, 0.06871940467627044, 0.06689307471465583, 0.06128772494923325, 0.023534766472936067, 0.06557918658611887, 0.06896321240554838, 0.016103723319604562, 0.02748470631672088, 0.05203862729246106, 0.017919868101928183, 0.018970851290016615, 0.05200616203347105, 0.030905971697933046, 0.06478506088827495, 3.310183269569867e-5, 0.01095575176171773, 0.0, 0.03527095759782546, 0.07328682101457117, 0.010748865307369614, 0.009399010764461363, 0.07789115862780172, 0.08158392269448918, 0.19622320820416192, 0.1921605948144706, 0.2393071531787308, 0.05306414753232203, 0.23126340783367602, 0.0673593649540712, 0.0680185370263096, 0.12712090444392105, 0.018356875950881972, 0.2895003532984067, 0.036893583973620386, 0.03729430712135005, 0.23482917544607904, 0.03721346226072786, 0.0018304676907015679, 0.16673711415676265, 0.002424072671254241, 0.03441540253738279, 0.0517298890452031, 0.09433704031421278, 0.24388443640946966, 0.16432800096759204, 0.10821498367188445, 0.17810982169570505, 0.13018855313162433, 0.10705673781438783, 0.15530488697633857, 0.14266412461566863, 0.028212310062320566, 0.008709919728055713, 0.02740131516127595, 0.01711619379849896, 0.08346467970793998, 0.3755313799008218, 0.1153306045540483, 0.20709079450764206, 0.05426695354921669, 0.11432290837794654, 0.061990184033458316, 0.06354310558848056, 0.012751526185459383, 0.051067534104436284, 0.04863836884353655, 0.1642166005690969, 0.058281187337275844, 0.09981984964129072, 0.05608978235545003, 0.08542182556607317, 0.07863690472401347, 0.06412588881603656, 0.06582172116798543, 0.14534855593254864, 0.03442367799555671, 0.050372077330973763, 0.13927309648547656, 0.03390837158080348, 0.12832784818990267
0.028112367990527784, 0.049011719321921686, 0.04403307636974747, 0.04166788676626923, 0.11316466252044993, 0.19201290971475132, 0.010898141841353102, 0.050920167291569854, 0.037380244571617725, 0.06499385706374013, 0.011826902877949724, 0.03161097707698086, 0.09203678122871457, 0.0705947508132229, 0.009522187776511704, 0.07579651284924024, 0.04915685812681821, 0.05902820658089897, 0.0033070004010414345, 0.008288826221744084, 0.023475565118307222, 0.003584228249867911, 0.03373967954879656, 0.0012390907181187975, 0.01440980068877275, 0.04123915437548937, 0.025226142808945133, 0.06627432507272854, 0.03636045349510793, 0.0684622288991731, 0.020056846031917805, 0.10720219490613721, 0.02525988121534652, 0.015433729494369506, 0.020014832167342497, 0.000698639641990948, 0.030031637713172618, 0.04544276884099025, 0.05630621741538344, 0.06041211781706145, 0.09297381772348512, 0.05364565761246666, 0.01003590275700072, 0.00041568262981329294, 0.11185300239988287, 0.13476297178068763, 0.09122833262249269, 0.06546269359797824, 0.012238129491823211, 0.06404568052912006, 0.001229860399386343, 0.07647478213264923, 0.08606922102475635, 0.0027102125519603286, 0.04950665537809295, 0.010811249530526892, 0.0031020236678103775, 0.006773462515357341, 0.11431367805921408, 0.06612727654671496, 0.11979139479664654, 0.09415147907900516, 0.07574495037907965, 0.021984391212736567, 0.13699129803744325, 0.1829917054446149, 0.23203238887014532, 0.04423868967668421, 0.003070831556231738, 0.10144979661470103, 0.035814909829334586, 0.03715139632442342, 0.027580192372573857, 0.1297525001432291, 0.04918232107504567, 0.045045228561789025, 0.09974823509940098, 0.03192417134017862, 0.03287584903017996, 0.07203881826457276, 0.050977777211934486, 0.027993646994417247, 0.05725152936832791, 0.010195682757128035, 0.1795612097446703, 0.0037350962181156144, 0.0, 0.040232731346798986, 0.0697411054738973, 0.036640227638757156, 0.05527687773328835, 0.030896423092347747, 0.015152363916456068, 0.031278685602612495, 0.014589314473776345, 0.11823338065197879, 0.03791178361586596, 0.06407782750125723, 0.023287139301424016, 0.024917404561687177
0.029149983130796798, 0.011097389411232979, 0.08130287540342859, 0.08367252102284663, 0.02450617794781369, 0.09366418190730214, 0.033619367118421804, 0.05354698868808525, 0.011314461044872081, 0.09853110617412837, 0.0026121802012846057, 0.02108554914030721, 0.006767415065153319, 0.0585994741901191, 0.01277858056795106, 0.00010121521920415556, 0.09500926214741774, 0.024136646911662667, 0.0022445588862506447, 0.008271957018543392, 0.030913928869254127, 0.013710524473076115, 0.04061881329929786, 0.020960780693992653, 0.013555837062594292, 0.03139040428796048, 0.0014166947820053344, 0.04197948959520278, 0.06112539865428319, 0.09061053784112394, 0.0349011082748216, 0.019026869776117027, 0.005472305860934108, 0.006959342037417803, 0.007080609328351083, 0.006590129288119625, 0.03484349835445697, 0.01481052383650241, 0.06460395566900713, 0.03733186496998555, 0.015434684354928035, 0.040914501785589245, 0.023628342807671985, 0.010893367538560452, 0.047447657727049924, 0.09960309629450446, 0.02239116181067025, 0.03444468492784437, 0.018991539935451426, 0.04082506317994029, 0.006600951041116296, 0.052200635300558275, 0.04323608609022796, 0.03879598449306453, 0.11847050435734702, 0.01574501403645021, 0.01692267539197026, 0.034254349389844105, 0.01959214722676665, 0.0015621518737547026, 0.040178622581815635, 0.041559987523155366, 0.13021083321132337, 0.08239173472700537, 0.009543194708799359, 0.03721823656352051, 0.08408565735783717, 0.019880196828589797, 0.010132980247117913, 0.12515484655390824, 0.06371179762048748, 0.10094021936329899, 0.01534429088872055, 0.014632601485763029, 0.1509249415943625, 0.016082716387316905, 0.07300195428127645, 0.035195841900554456, 0.01729443443609118, 0.09217555429655423, 0.031323882335716244, 0.006767733352006162, 0.03558256042675901, 0.09107523664627509, 0.054198203589002555, 0.07211170595387387, 0.048715394261924616, 0.005828787136118556, 0.03756103150403269, 0.03194581484617196, 0.07937405707519846, 0.020838240255648, 0.07070328663004245, 0.013945738457327281, 0.004125315899701447, 0.010395248613860757, 0.04640176712860698, 0.01988815399991088, 0.012498806424301838, 0.059975109968107655
0.00036443844650552865, 0.03708455608532634, 0.001419877650533767, 2.4508087668930746e-5, 0.007455232954147596, 0.035634441183772465, 0.0015815673717781413, 0.05783017486679695, 0.04698073091392887, 0.04707526210922332, 0.016235494076681668, 0.02724408145597138, 0.0075255743486259555, 0.012073575188903247, 0.009261192557180234, 0.02034776021541654, 0.021524784997230904, 0.0002673609563883354, 0.0075230280538032095, 0.024505223087255158, 0.04910434079609908, 0.0, 0.006373057654480524, 0.01672533754320744, 0.01680045324047845, 0.04908524358492848, 0.016615528578976517, 0.0370886938144133, 0.04369696545314499, 0.006167762634396624, 0.022468823802764003, 0.013641137939156285, 0.01487418120707106, 0.06997918403982405, 1.9415498023438644e-5, 0.040494999713541834, 0.03172396890974021, 0.06334640431342344, 0.022890553882781318, 0.06149588455099274, 0.029321539744479316, 0.053037411436683196, 0.008927946222253343, 0.003897104226212832, 0.018316453520570878, 0.13614370014832167, 0.04207020134826311, 0.04464641513517643, 0.10490161753378614, 0.053748464265935034, 0.019796169099439178, 0.06501900172511474, 0.03629170353489379, 0.007569816221171168, 0.03348695978763901, 0.0171238326829672, 0.00863926004672451, 0.021479906550980005, 0.08158010325225507, 0.04495547166928723, 0.041588951626764105, 0.011319235347664729, 0.04072766740297025, 0.021468129937424803, 0.004193747573062747, 0.023338065197878937, 0.01602542475380512, 0.03286407241662476, 0.036408514809887264, 0.08307159544467856, 0.0742340426886327, 0.000371122470415237, 0.04215932166705922, 0.0145301131191475, 0.024929181175242374, 0.009455665824267464, 0.010528292518349237, 0.02402079049722772, 0.06519947037067687, 0.014421259015475106, 0.12237079145208828, 0.09448090597169793, 0.025983983805564926, 0.022185230216880663, 0.04585113087318815, 0.011562088216384134, 0.03498449943026653, 0.015872328777587513, 0.004729742633250791, 0.007282084906200865, 0.001074854702051677, 0.002058997651043026, 0.03346022369200018, 0.026954440419884016, 0.005358677454469066, 0.012655085269047876, 0.053559401875346135, 0.023839685277959908, 0.02224793272689078, 0.030254756797015742
0.001308158965185784, 0.0031293963371548973, 0.0, 0.006808474069170099, 0.011194148614497329, 0.007389029288756199, 0.041510653060964665, 0.016102450172193188, 2.068864543481167e-5, 0.00394962155693197, 0.0009268513154795628, 0.04157367385782763, 0.0, 0.0, 0.0, 0.03904615795939933, 0.05761342152001069, 0.027023826953803846, 0.0, 0.005803642474743938, 0.05013304390448848, 0.0, 0.0, 0.0, 0.02844561432545467, 0.0009179392835999516, 0.010648286661871145, 0.008066025424753804, 0.021715757108936858, 0.05289227263178667, 0.05776142490658281, 0.008266546142045056, 0.0031863696838138403, 0.0026019950219936215, 0.0, 0.036461668714312084, 0.04089667772183002, 0.09839933541705126, 0.04167170620850335, 0.01650731104900981, 0.015699180729640782, 0.0, 0.00236137016124412, 0.004048927055019066, 0.014232514911739056, 0.005015882513956878, 0.12194174077445558, 0.0426911789981603, 0.029335226079151573, 0.004751067852391289, 0.0523384535078394, 0.031299692534900156, 0.004911802713077134, 0.006664608411684947, 0.0, 0.0, 0.028466302970889486, 0.0006486686060945566, 0.03329344138111031, 0.03267660146030008, 0.12440273472063963, 0.028705972971080455, 0.033706259429248014, 0.0047902171352910096, 0.007076153312411277, 0.0, 0.0752964842034235, 0.01962142961722823, 0.0, 0.05595451044299164, 0.021462400774073628, 0.085517629908779, 0.023591103245889325, 0.01701975288208745, 0.04743524453978904, 0.02157030001718749, 0.0001877892431775213, 0.000222164223284593, 0.0, 0.0, 0.020933726311500978, 0.09237384700587557, 0.027696367073861645, 0.034090431660629826, 0.03224373134043325, 0.0004796582872347875, 0.0, 0.0013743626305771815, 0.009817557975950245, 3.787613548834752e-5, 0.000506394382873621, 0.00016837374515408265, 0.0, 0.023146456512467297, 0.000245717450394994, 0.0, 0.0, 0.012972417261332603, 0.0, 0.02339822141306631
0.0, 0.0, 0.0, 0.0, 0.0, 0.011208153236022433, 0.01986873850188744, 0.0, 0.0, 0.009975109968107658, 0.03563412289691962, 0.0, 0.0, 0.0, 0.0, 0.0, 0.02100725057450777, 0.014272619055197305, 0.0, 0.007808531360803611, 0.008143050843141873, 0.00935476889191615, 0.0, 0.0, 0.007492472515930257, 0.0, 0.01728934184644569, 0.0, 0.007336193671184218, 0.014925425390378826, 0.0032175617953924796, 0.01586023387717947, 0.0, 0.0, 0.0, 0.0, 0.008097854110038131, 0.04325677473566277, 0.0019428229497552374, 0.011586914590905908, 0.0543847196847687, 0.0, 0.00018619780891330503, 0.0, 0.001758534861958992, 0.011834860049270805, 0.06746058017327536, 0.021198222686213724, 0.005780407534486381, 0.009168571083002846, 0.02241757961945624, 5.315390442482383e-5, 0.006153439726018677, 0.0, 0.000948176534620061, 0.0, 0.0, 0.0, 0.0, 0.0, 0.0003765333469135724, 0.0971443303562903, 0.07236888173097122, 0.09487176222698945, 0.0, 0.0, 0.006845077057247073, 0.0, 0.0, 0.021578575475361416, 0.02616031472204009, 0.03318108612205664, 0.09761571318535117, 0.01102704801675462, 0.06061836769770388, 0.023284911293454114, 0.0, 0.0, 0.0, 0.0, 0.005653729367054765, 0.04268226696628069, 0.08359231273593012, 0.00735497259550197, 0.06520106180494109, 0.022295039181111587, 0.0, 0.0, 0.0, 0.03073632480536759, 0.07368404300691955, 0.04766854880292315, 0.0, 0.0, 0.0, 0.0, 0.0, 0.0, 0.0, 0.031673997873843826
0.0, 0.0, 0.008425689568466685, 0.0, 0.0, 0.0, 0.0, 0.0, 0.0, 0.002736312073893476, 4.519673310374242e-5, 0.0, 0.0, 0.0, 0.0, 0.0, 0.0, 0.016029880769744924, 0.0, 0.0, 0.008884659210266661, 0.013148111604102081, 0.0, 0.0, 0.0, 0.0, 0.0, 0.0, 0.00017824063759222362, 0.0, 0.006674793590975931, 0.0, 0.0, 0.0, 0.0, 0.0, 0.0, 0.0, 0.0, 0.00394771183581491, 0.0292301914177133, 0.0, 0.0, 0.0, 0.0, 0.005943688689994971, 0.0028082449026360515, 0.019221343043204258, 0.0, 0.0040170983697347395, 0.00535326657797073, 0.0034772838673125766, 0.011206561801758217, 0.0, 0.0, 0.0, 0.0, 0.0, 0.0, 0.0, 0.0, 0.03046259811192239, 0.01372962168424671, 0.00918862315473197, 0.0, 0.0, 0.0, 0.0, 0.0, 0.0, 0.0018836215951263918, 0.0, 0.0, 0.0, 0.0, 0.0, 0.0, 0.0, 0.0, 0.0, 8.211800803356016e-5, 0.059895219968044, 0.006266431558778033, 0.023159824560286712, 0.019070475074956555, 0.01584559268194868, 0.0, 0.0, 0.0, 0.003158678727616477, 0.002400201157290997, 0.0, 0.0, 0.012874703197509723, 0.0, 0.0, 0.0, 0.0, 0.0, 0.0
0.0, 0.0, 0.04713923776664481, 0.0, 0.0, 0.0, 0.0, 0.0, 0.0, 0.0, 0.0, 0.0, 0.0, 0.0, 0.0, 0.0, 0.0, 0.0006263885263955287, 0.0, 0.0, 0.0, 0.0, 0.0, 0.0, 0.0, 0.0, 0.0, 0.0, 0.0, 0.0, 0.0, 0.0, 0.0, 0.0, 0.0, 0.0, 0.0, 0.0, 0.0, 0.0, 0.0, 0.0, 0.0, 0.0, 0.0, 0.0, 0.0, 0.0, 0.0, 0.0, 0.0, 0.0, 0.0, 0.0, 0.0, 0.0, 0.0, 0.0, 0.0, 0.0, 0.0, 0.0, 0.0, 0.0, 0.0, 0.0, 0.0, 0.0, 0.0, 0.0, 0.0, 0.0, 0.0, 0.0, 0.0, 0.0, 0.0, 0.0, 0.0, 0.0, 0.0, 0.0, 0.0, 0.0, 0.053985269684450415, 0.010739316701784317, 0.0, 0.0, 0.0, 0.0, 0.0, 0.0, 0.0, 0.0, 0.0, 0.0, 0.0, 0.0, 0.0, 0.0
0.0, 0.0, 0.0, 0.0, 0.0, 0.0, 0.0, 0.0, 0.0, 0.0, 0.0, 0.0, 0.0, 0.0, 0.0, 0.0, 0.0, 0.0, 0.0, 0.0, 0.0, 0.0, 0.0, 0.0, 0.0, 0.0, 0.0, 0.0, 0.0, 0.0, 0.0, 0.0, 0.0, 0.0, 0.0, 0.0, 0.0, 0.0, 0.0, 0.0, 0.0, 0.0, 0.0, 0.0, 0.0, 0.0, 0.0, 0.0, 0.0, 0.0, 0.0, 0.0, 0.0, 0.0, 0.0, 0.0, 0.0, 0.0, 0.0, 0.0, 0.0, 0.0, 0.0, 0.0, 0.0, 0.0, 0.0, 0.0, 0.0, 0.0, 0.0, 0.0, 0.0, 0.0, 0.0, 0.0, 0.0, 0.0, 0.0, 0.0, 0.0, 0.0, 0.0, 0.0, 0.0, 0.020520271689657588, 0.0, 0.0, 0.0, 0.0, 0.0, 0.0, 0.0, 0.0, 0.0, 0.0, 0.0, 0.0008100400404860877, 0.0, 0.0
0.0, 0.0, 0.0, 0.0, 0.0, 0.0, 0.0, 0.0, 0.0, 0.0, 0.0, 0.0, 0.0, 0.0, 0.0, 0.0, 0.0, 0.0, 0.0, 0.0, 0.0, 0.0, 0.0, 0.0, 0.0, 0.0, 0.0, 0.0, 0.0, 0.0, 0.0, 0.0, 0.0, 0.0, 0.0, 0.0, 0.0, 0.0, 0.0, 0.0, 0.0, 0.0, 0.0, 0.0, 0.0, 0.0, 0.0, 0.0, 0.0, 0.0, 0.0, 0.0, 0.0, 0.0, 0.0, 0.0, 0.0, 0.0, 0.0, 0.0, 0.0, 0.0, 0.0, 0.0, 0.0, 0.0, 0.0, 0.0, 0.0, 0.0, 0.0, 0.0, 0.0, 0.0, 0.0, 0.0, 0.0, 0.0, 0.0, 0.0, 0.0, 0.0, 0.0, 0.0, 0.0, 0.0, 0.0, 0.0, 0.0, 0.0, 0.0, 0.0, 0.0, 0.0, 0.0, 0.0, 0.0, 0.0, 0.0, 0.0
0.0, 0.0, 0.0, 0.0, 0.0, 0.0, 0.0, 0.0, 0.0, 0.0, 0.0, 0.0, 0.0, 0.0, 0.0, 0.0, 0.0, 0.0, 0.0, 0.0, 0.0, 0.0, 0.0, 0.0, 0.0, 0.0, 0.0, 0.0, 0.0, 0.0, 0.0, 0.0, 0.0, 0.0, 0.0, 0.0, 0.0, 0.0, 0.0, 0.0, 0.0, 0.0, 0.0, 0.0, 0.0, 0.0, 0.0, 0.0, 0.0, 0.0, 0.0, 0.0, 0.0, 0.0, 0.0, 0.0, 0.0, 0.0, 0.0, 0.0, 0.0, 0.0, 0.0, 0.0, 0.0, 0.0, 0.0, 0.0, 0.0, 0.0, 0.0, 0.0, 0.0, 0.0, 0.0, 0.0, 0.0, 0.0, 0.0, 0.0, 0.0, 0.0, 0.0, 0.0, 0.0, 0.0, 0.0, 0.0, 0.0, 0.0, 0.0, 0.0, 0.0, 0.0, 0.0, 0.0, 0.0, 0.0, 0.0, 0.0
0.0, 0.0, 0.0, 0.0, 0.0, 0.0, 0.0, 0.0, 0.0, 0.0, 0.0, 0.0, 0.0, 0.0, 0.0, 0.0, 0.0, 0.0, 0.0, 0.0, 0.0, 0.0, 0.0, 0.0, 0.0, 0.0, 0.0, 0.0, 0.0, 0.0, 0.0, 0.0, 0.0, 0.0, 0.0, 0.0, 0.0, 0.0, 0.0, 0.0, 0.0, 0.0, 0.0, 0.0, 0.0, 0.0, 0.0, 0.0, 0.0, 0.0, 0.0, 0.0, 0.0, 0.0, 0.0, 0.0, 0.0, 0.0, 0.0, 0.0, 0.0, 0.0, 0.0, 0.0, 0.0, 0.0, 0.0, 0.0, 0.0, 0.0, 0.0, 0.0, 0.0, 0.0, 0.0, 0.0, 0.0, 0.0, 0.0, 0.0, 0.0, 0.0, 0.0, 0.0, 0.0, 0.0, 0.0, 0.0, 0.0, 0.0, 0.0, 0.0, 0.0, 0.0, 0.0, 0.0, 0.0, 0.0, 0.0, 0.0
0.0, 0.0, 0.0, 0.0, 0.0, 0.0, 0.0, 0.0, 0.0, 0.0, 0.0, 0.0, 0.0, 0.0, 0.0, 0.0, 0.0, 0.0, 0.0, 0.0, 0.0, 0.0, 0.0, 0.0, 0.0, 0.0, 0.0, 0.0, 0.0, 0.0, 0.0, 0.0, 0.0, 0.0, 0.0, 0.0, 0.0, 0.0, 0.0, 0.0, 0.0, 0.0, 0.0, 0.0, 0.0, 0.0, 0.0, 0.0, 0.0, 0.0, 0.0, 0.0, 0.0, 0.0, 0.0, 0.0, 0.0, 0.0, 0.0, 0.0, 0.0, 0.0, 0.0, 0.0, 0.0, 0.0, 0.0, 0.0, 0.0, 0.0, 0.0, 0.0, 0.0, 0.0, 0.0, 0.0, 0.0, 0.0, 0.0, 0.0, 0.0, 0.0, 0.0, 0.0, 0.0, 0.0, 0.0, 0.0, 0.0, 0.0, 0.0, 0.0, 0.0, 0.0, 0.0, 0.0, 0.0, 0.0, 0.0, 0.0
0.0, 0.0, 0.0, 0.0, 0.0, 0.0, 0.0, 0.0, 0.0, 0.0, 0.0, 0.0, 0.0, 0.0, 0.0, 0.0, 0.0, 0.0, 0.0, 0.0, 0.0, 0.0, 0.0, 0.0, 0.0, 0.0, 0.0, 0.0, 0.0, 0.0, 0.0, 0.0, 0.0, 0.0, 0.0, 0.0, 0.0, 0.0, 0.0, 0.0, 0.0, 0.0, 0.0, 0.0, 0.0, 0.0, 0.0, 0.0, 0.0, 0.0, 0.0, 0.0, 0.0, 0.0, 0.0, 0.0, 0.0, 0.0, 0.0, 0.0, 0.0, 0.0, 0.0, 0.0, 0.0, 0.0, 0.0, 0.0, 0.0, 0.0, 0.0, 0.0, 0.0, 0.0, 0.0, 0.0, 0.0, 0.0, 0.0, 0.0, 0.0, 0.0, 0.0, 0.0, 0.0, 0.0, 0.0, 0.0, 0.0, 0.0, 0.0, 0.0, 0.0, 0.0, 0.0, 0.0, 0.0, 0.0, 0.0, 0.0
0.0, 0.0, 0.0, 0.0, 0.0, 0.0, 0.0, 0.0, 0.0, 0.0, 0.0, 0.0, 0.0, 0.0, 0.0, 0.0, 0.0, 0.0, 0.0, 0.0, 0.0, 0.0, 0.0006524880483286757, 0.0, 0.0, 0.0, 0.0, 0.0, 0.0, 0.0, 0.0, 0.0, 0.0, 0.0, 0.0, 0.0, 0.0, 0.0, 0.0, 0.0, 0.0, 0.0, 0.0, 0.0, 0.0, 0.0, 0.0, 0.0, 0.0, 0.0, 0.0, 0.0, 0.0, 0.0, 0.0, 0.0, 0.0, 0.0, 0.0, 0.0, 0.0, 0.0, 0.0, 0.0, 0.0, 0.0, 0.0, 0.0, 0.0, 0.0, 0.0, 0.0, 0.0, 0.0, 0.0, 0.0, 0.0, 0.0, 0.0, 0.0, 0.0, 0.0, 0.0, 0.0, 0.0, 0.0, 0.0, 0.0, 0.0, 0.0, 0.0, 0.0, 0.0, 0.0, 0.0, 0.0, 0.0, 0.0, 0.0, 0.0
0.0, 0.0, 0.0, 0.0, 0.0, 0.0, 0.0, 0.0, 0.0, 0.0, 0.0, 0.0, 0.0, 0.0, 0.0, 0.0, 0.0, 0.0, 0.0, 0.0, 0.0, 0.0, 0.0, 0.0, 0.0, 0.0, 0.0, 0.0, 0.0, 0.0, 0.0, 0.0, 0.0, 0.0, 0.0, 0.0, 0.0, 0.0, 0.0, 0.0, 0.0, 0.0, 0.0, 0.0, 0.0, 0.0, 0.0, 0.0, 0.0, 0.0, 0.0, 0.0, 0.0, 0.0, 0.0, 0.0, 0.0, 0.0, 0.0, 0.0, 0.0, 0.0, 0.0, 0.0, 0.0, 0.0, 0.0, 0.0, 0.0, 0.0, 0.0, 0.0, 0.0, 0.0, 0.0, 0.0, 0.0, 0.0, 0.0, 0.0, 0.0, 0.0, 0.0, 0.0, 0.0, 0.0, 0.0, 0.0, 0.0, 0.0, 0.0, 0.0, 0.0, 0.0, 0.0, 0.0, 0.0, 0.0, 0.0, 0.0
0.0, 0.0, 0.0, 0.0, 0.0, 0.0, 0.0, 0.0, 0.0, 0.0, 0.0, 0.0, 0.0, 0.0, 0.0, 0.0, 0.0, 0.0, 0.0, 0.0, 0.0, 0.0, 0.0, 0.0, 0.0, 0.0, 0.0, 0.0, 0.0, 0.0, 0.0, 0.0, 0.0, 0.0, 0.0, 0.0, 0.0, 0.0, 0.0, 0.0, 0.0, 0.0, 0.0, 0.0, 0.0, 0.0, 0.0, 0.0, 0.0, 0.0, 0.0, 0.0, 0.0, 0.0, 0.0, 0.0, 0.0, 0.0, 0.0, 0.0, 0.0, 0.0, 0.0, 0.0, 0.0, 0.0, 0.0, 3.883099604687729e-5, 0.0, 0.0, 0.0, 0.0, 0.0, 0.0, 0.0, 0.0, 0.0, 0.0, 0.0, 0.0, 0.0, 0.0, 0.0, 0.0, 0.0, 0.0, 0.0, 0.0, 0.0, 0.0, 0.0, 0.0, 0.0, 0.0, 0.0, 0.0, 0.0, 0.0, 0.0, 0.0
0.0, 0.0, 0.0, 0.0, 0.0, 0.0, 0.0, 0.0, 0.0, 0.0, 0.0, 0.0, 0.0, 0.0, 0.0, 0.0, 0.0, 0.0, 0.0, 0.0, 0.0, 0.0, 4.583330680942893e-5, 0.0, 0.0, 0.0, 0.0, 0.0, 0.0, 0.0, 0.00019829270932134876, 0.0, 0.0, 0.0, 0.0, 0.0, 0.0, 0.0, 0.0, 0.0, 0.0, 0.0, 0.0, 0.0, 0.0, 0.0, 0.0, 0.0, 0.0, 0.0, 0.0, 0.0, 0.0, 0.0, 0.0, 0.0, 0.0, 0.0, 1.623262949500608e-5, 3.151039843148239e-5, 0.0, 0.0, 0.0, 0.0, 0.0, 0.0, 0.0, 0.0, 0.0, 0.0, 0.0, 0.0, 0.0, 0.0, 0.0, 0.0, 0.0, 0.0, 0.0, 9.994207179278253e-5, 1.9415498023438644e-5, 0.0, 0.0, 0.0, 0.0, 0.0, 0.0, 0.0, 0.0, 0.0, 0.0, 0.0, 0.0, 0.0, 0.0, 0.0, 0.0, 0.0, 0.0, 0.0
0.11118173542723644, 0.08503447046616293, 0.15329745179545615, 0.06718589861927163, 0.00920517407107982, 0.0, 0.0, 0.0, 0.10644626363063447, 0.0248925781871654, 0.04832485629348594, 0.10407152542157094, 0.05285407820944548, 0.09029416070939773, 0.05704241490600989, 0.03183632416879388, 0.03767211361567499, 0.008125226779382651, 0.02843638400672222, 0.07972926520297152, 0.09714560350370167, 0.01835464794291207, 0.011357111483153076, 0.0, 0.027191564125252244, 0.0, 0.04852792330559994, 0.06435028104729106, 0.026236066993016786, 0.10970743072486648, 0.09476354469702275, 0.03393733568441222, 0.10158284051918952, 0.031054293371358004, 0.05913133152122019, 0.10813859482720206, 0.07847266870794635, 0.035542456283300765, 0.00056591402435531, 6.843167336130013e-5, 1.7824063759222363e-5, 0.0034632792457874734, 0.010040358772940525, 0.001984200240624861, 0.0024431698824248366, 0.03952326995181137, 0.00768917379098739, 0.07927316014284715, 0.006457085383631144, 0.043758076528890896, 0.024206670019288182, 0.12731060340821562, 6.779509965561362e-5, 0.044858394179170036, 0.08420151377227213, 0.09933255246958769, 0.005652456219643391, 0.20464253203557173, 0.08329280480740463, 0.22058329248652056, 0.013273516624122324, 0.0029320584883920785, 0.003070513269378895, 0.05222864454360848, 0.08107243572197007, 0.028682101457117214, 0.03432851022655658, 0.1319989687505968, 0.037811204970367496, 0.07553074332711612, 0.020820416191888777, 0.12196879515694725, 0.006990852435849285, 0.06773144228504498, 0.1668590180214016, 0.26236990024890033, 0.18028244775321312, 0.044447804139002234, 0.03904074708290099, 0.07292110942065427, 0.10084823446282729, 0.15634441183772463, 0.0660076006900459, 0.024714337549573178, 0.034014997676505974, 0.005665824267462808, 0.0, 0.005335442514211508, 0.14209470943593203, 0.0660715763474674, 0.003731913349587182, 0.041215601148378966, 0.14138715776206148, 0.012185930447956917, 0.009330897377952906, 0.010857401124189165, 0.2576185141096562, 0.04610098605267011, 0.09058252859807372, 0.16336486495088834
0.1500235532271104, 0.030281811179507418, 0.023312283962798632, 0.1347508768802796, 0.01662539547141466, 0.04239740023298598, 0.0015147271326810575, 0.045675436530418674, 0.1466777218300221, 0.2948440712707921, 0.15388946534174458, 0.32843733886728077, 0.0700972684622289, 0.020589021649871732, 0.03494885130274809, 0.08461019409132287, 0.08195027086211178, 0.045127346569822584, 0.1792486520551782, 0.01025679383287394, 0.19573463788504752, 0.13073186878942777, 0.08476774608348027, 0.01306981303830264, 0.12027964682890809, 0.37336830244889907, 0.0902887498328994, 0.14957636019886564, 0.060701122279443125, 0.082102093690918, 0.12310921695068464, 0.11284764881501805, 0.044332902585125816, 0.03250918257570453, 0.23737706170308928, 0.14510729449809345, 0.19429789103131306, 0.3031761845045229, 0.05196414816889573, 0.03545715540673877, 0.0500919849004717, 0.05846674857248346, 0.214332138696679, 0.12467741627464336, 0.0735385859151702, 0.05266788040053218, 0.10986307299590684, 0.029611180780566678, 0.11867102507463827, 0.09127161963447938, 0.027875880858865245, 0.039448472541393206, 0.10075593127550274, 0.01288711638477061, 0.10016869203200693, 0.07460962117498775, 0.02417802420253229, 0.03621786098503415, 0.02837622779153484, 0.09709626904151097, 0.04837801019791076, 0.12774220038067108, 0.04099311863824153, 0.15074574609621175, 0.14395732409877077, 0.2287136118555487, 0.07427191882412106, 0.0443761895971125, 0.06616006009255782, 0.18887714764053956, 0.12444379372465642, 0.019233756230465145, 0.004037468728316708, 0.0010926787658108994, 0.15261122534072608, 0.36815635523359075, 0.29992392944217044, 0.0961083066502855, 0.06646402403702313, 0.4140103506884545, 0.012431966185204753, 0.16127212889344392, 0.09116944955471669, 0.02286827380308229, 0.2640883309674011, 0.015060060729131523, 0.10092239529953975, 0.031041880184097117, 0.041338141586723616, 0.13049888281314653, 0.3605397508450516, 0.24961041689211985, 0.03538808715967178, 0.47027073479702847, 0.1351417331355711, 0.0029848941059640592, 0.11331584877555048, 0.03769853142446098, 0.037735770986243644, 0.3876020905080495
0.030052644645460275, 0.053771380919339744, 0.10014163764951525, 0.1001750577690638, 0.29494910593223034, 0.21895621009478583, 0.34965656848578214, 0.17999503472509565, 0.05503243343030473, 0.0046348931511035005, 0.02114029447899625, 0.154302919963588, 0.01010815387259614, 0.13823611791891324, 0.1782097637674978, 0.09967120968101291, 0.14932268557714956, 0.17986612854969414, 0.0009080723911618106, 0.0111718685347983, 0.18468785608341662, 0.2145059233183314, 0.24531927354208707, 0.029969571776868185, 0.17933236149747597, 0.10529279207593051, 0.04477118358149098, 0.03732900038830996, 0.06747012877886066, 0.10257112119726783, 0.09196580326053053, 0.06551648407610876, 0.25356099330961035, 0.07632709703292996, 0.12373815177190291, 0.12444761316689053, 0.0013091138257443138, 0.15805679510602136, 0.0327488525758955, 0.009307344150842506, 0.0628686557473057, 0.021412429738177235, 0.11151211718048774, 0.10743963689835828, 0.08217880082245323, 0.17281257360383473, 0.20433347550146094, 0.1800631481116041, 0.043586519915208385, 0.14083047405643861, 0.2898075001114004, 0.02628412830779612, 0.21302748088687448, 0.002076503427949405, 0.027469746834637248, 0.08786372230108663, 0.052208274185026514, 0.024655136194944333, 0.19756033127295644, 0.05172479645555761, 0.12356182085542775, 0.07266106906188133, 0.14216091310132345, 0.13694387329636962, 0.13185733110108153, 0.06255673463151931, 0.03609882170207077, 0.055298839526134534, 0.09052746497253185, 0.22142420635173243, 0.18229147436835974, 0.15190621996167827, 0.012522041364559396, 0.22838227524173887, 0.09802884952034172, 0.11405968515064517, 0.12140574571426753, 0.15077598334723186, 0.22972735548185447, 0.05310234195466322, 0.05283848215365616, 0.013791051046845458, 0.052350548408247446, 0.08347231859240822, 0.0912474298336633, 0.053023725102010935, 0.0785862971144114, 0.1575096600059838, 0.11777823045241294, 0.24679325995760418, 0.04756192270722066, 0.16695068463502047, 0.04616623485750298, 0.10904634893151104, 0.0350923986733804, 0.4128406465042555, 0.008688912795768057, 0.14779013438070926, 0.16546714961391804, 0.03203302544385102
