-7.09, -7.516, -7.89, -8.29, -8.64, -8.94, -9.164, -9.34, -9.51, -9.39, -8.89, -8.06, -7.363, -6.992, -7.008, -7.3, -7.73, -8.15, -8.414, -8.46, -8.45, -8.35, -8.2, -8.07, -8.016, -8.01, -8.23, -8.64, -8.87, -8.73, -8.17, -7.438, -6.89, -6.613, -6.586, -6.63, -6.72, -6.863, -7.086, -7.434, -7.73, -8.0, -8.3, -8.74, -9.336, -9.83, -10.18, -10.234, -9.91, -9.34, -8.586, -8.11, -8.25, -8.98, -10.08, -11.26, -12.21, -12.96, -13.09, -12.58, -11.445, -10.31, -9.08, -8.266, -7.82, -7.594, -7.535, -7.62, -7.715, -7.91, -8.086, -8.34, -8.555, -8.78, -8.89, -9.01, -9.12, -9.27, -9.516, -9.65, -9.8, -9.74, -9.68, -9.51, -9.305, -9.17, -9.016, -8.945, -8.98, -8.96, -8.86, -8.63, -8.33, -8.055, -7.83, -7.44, -6.844, -6.344, -6.223, -6.547
-2.66, -3.984, -5.066, -6.23, -7.35, -8.29, -9.0, -9.56, -9.9, -9.57, -8.15, -5.812, -3.586, -2.236, -2.055, -2.695, -3.844, -5.098, -6.188, -6.797, -6.934, -6.63, -6.094, -5.535, -5.23, -5.418, -6.28, -7.547, -8.375, -7.85, -5.87, -3.383, -1.508, -0.6978, -0.572, -0.736, -1.15, -1.829, -2.809, -3.959, -5.086, -6.082, -7.21, -8.6, -10.086, -11.4, -12.305, -12.35, -11.37, -9.49, -7.375, -6.1, -6.582, -8.76, -11.79, -15.08, -17.72, -19.55, -19.9, -18.88, -16.1, -12.27, -8.266, -5.227, -3.367, -2.3, -1.845, -1.789, -2.295, -3.137, -4.105, -5.09, -5.84, -6.402, -6.707, -6.99, -7.305, -7.72, -8.17, -8.51, -8.64, -8.5, -8.24, -7.816, -7.348, -6.863, -6.496, -6.285, -6.254, -6.176, -5.86, -5.195, -4.277, -3.43, -2.709, -1.822, -0.6763, 0.2957, 0.3071, -0.9414
2.611, 0.3364, -1.86, -4.117, -6.133, -7.617, -8.66, -9.52, -10.22, -9.96, -7.88, -4.01, 0.1885, 3.078, 4.016, 3.232, 1.293, -1.115, -3.418, -5.04, -5.617, -5.195, -4.105, -2.912, -2.176, -2.494, -4.09, -6.445, -8.08, -7.355, -3.922, 0.802, 4.613, 6.555, 7.156, 6.973, 6.152, 4.63, 2.447, -0.04163, -2.463, -4.72, -6.992, -9.35, -11.66, -13.52, -14.52, -14.14, -12.07, -8.52, -4.86, -3.008, -4.02, -7.61, -12.22, -16.88, -20.72, -23.56, -24.78, -24.14, -20.72, -15.07, -8.28, -2.357, 1.763, 4.29, 5.406, 5.56, 4.57, 2.877, 0.8555, -1.035, -2.541, -3.61, -4.246, -4.688, -5.12, -5.72, -6.266, -6.68, -6.75, -6.47, -5.992, -5.28, -4.58, -4.0, -3.764, -3.764, -3.896, -3.902, -3.377, -2.135, -0.4998, 1.022, 2.22, 3.365, 4.844, 6.203, 6.465, 4.973
7.445, 4.445, 1.13, -2.203, -4.86, -6.516, -7.477, -8.45, -9.53, -9.75, -7.72, -2.977, 2.951, 7.75, 10.016, 9.61, 7.207, 3.662, -0.04117, -2.941, -4.3, -3.95, -2.406, -0.508, 0.858, 0.7217, -1.272, -4.44, -6.99, -6.586, -2.338, 4.176, 9.99, 13.52, 14.92, 14.86, 13.555, 10.95, 7.387, 3.393, -0.5483, -4.18, -7.543, -10.66, -13.445, -15.34, -15.94, -14.625, -11.16, -6.082, -1.49, 0.29, -1.491, -6.07, -11.55, -16.88, -21.19, -24.4, -26.16, -26.12, -23.31, -17.33, -8.914, -0.3892, 6.242, 10.57, 12.695, 13.016, 11.766, 9.22, 6.297, 3.344, 0.9116, -0.779, -1.87, -2.48, -2.918, -3.438, -3.957, -4.32, -4.336, -3.96, -3.281, -2.469, -1.782, -1.459, -1.586, -2.057, -2.555, -2.65, -1.888, -0.11584, 2.209, 4.383, 5.953, 7.168, 8.62, 10.18, 10.91, 9.85
11.22, 8.03, 3.908, -0.2264, -3.328, -4.965, -5.723, -6.594, -7.94, -8.8, -7.316, -2.436, 4.633, 11.35, 15.375, 15.98, 13.74, 9.414, 4.42, 0.1409, -2.252, -2.36, -0.6387, 1.812, 3.84, 4.12, 2.176, -1.342, -4.555, -4.8, -0.707, 6.58, 14.04, 19.06, 21.44, 21.58, 19.66, 16.0, 11.11, 5.79, 0.5645, -4.16, -8.4, -12.08, -14.96, -16.58, -16.42, -13.97, -9.25, -3.4, 1.319, 2.521, -0.1611, -5.305, -10.95, -16.28, -20.61, -23.72, -25.48, -25.81, -23.8, -18.52, -9.914, 0.2268, 9.234, 15.68, 19.22, 20.2, 18.94, 15.96, 12.2, 8.195, 4.793, 2.229, 0.58, -0.2476, -0.7183, -1.046, -1.393, -1.574, -1.517, -1.155, -0.5005, 0.1605, 0.5747, 0.4326, -0.1829, -1.094, -1.948, -2.191, -1.34, 0.7, 3.451, 6.113, 7.992, 9.24, 10.52, 12.1, 13.32, 13.08
13.46, 10.67, 6.31, 1.724, -1.71, -3.398, -3.965, -4.637, -6.023, -7.348, -6.6, -2.158, 5.438, 13.664, 19.64, 21.77, 20.22, 15.71, 9.82, 4.336, 0.8066, -0.1464, 1.262, 3.852, 6.246, 7.074, 5.613, 2.393, -0.9604, -1.941, 1.26, 8.234, 16.23, 22.38, 25.62, 25.78, 23.44, 18.81, 12.87, 6.58, 0.5674, -4.82, -9.53, -13.47, -16.3, -17.62, -16.81, -13.55, -8.13, -2.049, 2.23, 2.932, 0.10693, -4.805, -10.35, -15.68, -20.03, -23.0, -24.5, -24.8, -23.31, -18.98, -11.055, -0.5083, 10.195, 18.75, 24.1, 26.22, 25.48, 22.56, 18.22, 13.445, 9.125, 5.723, 3.354, 2.098, 1.61, 1.434, 1.372, 1.41, 1.496, 1.756, 2.148, 2.383, 2.328, 1.7, 0.615, -0.653, -1.81, -2.326, -1.632, 0.3174, 3.088, 5.855, 7.97, 9.37, 10.59, 12.08, 13.66, 14.35
14.01, 12.055, 8.02, 3.328, -0.299, -2.08, -2.508, -2.912, -4.105, -5.63, -5.594, -2.05, 5.316, 14.38, 21.94, 25.86, 25.5, 21.44, 15.29, 8.98, 4.37, 2.404, 3.006, 5.2, 7.598, 8.805, 8.11, 5.805, 2.977, 1.596, 3.607, 9.27, 16.73, 23.03, 26.52, 26.72, 23.88, 18.83, 12.43, 5.715, -0.5903, -6.2, -11.02, -14.98, -17.77, -18.94, -17.9, -14.38, -8.836, -2.95, 1.098, 1.879, -0.4524, -4.664, -9.875, -15.13, -19.58, -22.6, -23.88, -23.94, -22.53, -18.98, -12.195, -2.29, 8.92, 19.14, 26.27, 30.03, 30.39, 27.97, 23.73, 18.64, 13.7, 9.516, 6.57, 4.742, 4.055, 3.895, 4.098, 4.316, 4.473, 4.477, 4.45, 4.14, 3.55, 2.432, 0.957, -0.635, -2.062, -2.846, -2.523, -0.942, 1.578, 4.258, 6.453, 7.96, 9.14, 10.484, 12.23, 13.73
13.21, 12.29, 8.86, 4.39, 0.7554, -1.06, -1.426, -1.513, -2.291, -3.7, -4.2, -1.774, 4.527, 13.36, 21.86, 27.14, 28.3, 25.3, 19.69, 13.234, 7.875, 4.785, 4.312, 5.684, 7.637, 8.94, 8.96, 7.832, 6.16, 5.074, 6.195, 10.17, 16.11, 21.58, 24.66, 24.6, 21.67, 16.58, 10.31, 3.758, -2.473, -8.02, -12.78, -16.61, -19.34, -20.5, -19.69, -16.42, -11.21, -5.445, -1.18, 0.3276, -1.039, -4.492, -9.41, -14.625, -19.22, -22.22, -23.58, -23.42, -22.02, -18.94, -13.49, -4.92, 5.695, 16.53, 25.27, 30.86, 32.72, 31.55, 27.94, 23.2, 18.2, 13.586, 9.92, 7.562, 6.535, 6.28, 6.562, 6.836, 6.97, 6.727, 6.26, 5.49, 4.363, 2.809, 0.9375, -0.9204, -2.533, -3.496, -3.445, -2.178, 0.03287, 2.508, 4.63, 6.094, 7.1, 8.2, 9.89, 11.95
11.73, 11.64, 8.914, 4.887, 1.386, -0.4644, -0.7964, -0.5786, -0.7793, -1.693, -2.39, -1.108, 3.61, 11.195, 19.42, 25.55, 28.0, 26.4, 21.98, 16.11, 10.63, 6.773, 5.168, 5.496, 6.684, 7.7, 8.086, 7.93, 7.59, 7.5, 8.516, 11.2, 15.33, 19.27, 21.52, 21.14, 18.3, 13.47, 7.625, 1.455, -4.49, -9.87, -14.51, -18.22, -20.88, -22.11, -21.44, -18.5, -13.49, -7.832, -3.201, -0.9014, -1.411, -4.31, -9.03, -14.055, -18.61, -21.62, -23.2, -23.05, -21.77, -18.98, -14.65, -7.703, 1.564, 11.9, 21.36, 28.27, 32.03, 32.38, 30.3, 26.47, 21.95, 17.36, 13.44, 10.61, 9.09, 8.66, 8.71, 8.88, 8.875, 8.44, 7.582, 6.4, 4.84, 2.922, 0.767, -1.278, -3.021, -4.062, -4.05, -2.809, -0.6685, 1.707, 3.691, 4.92, 5.57, 6.223, 7.605, 9.8
10.2, 10.57, 8.45, 4.914, 1.646, -0.23, -0.6353, -0.2255, 0.1921, 0.01785, -0.38, 0.2076, 3.162, 8.805, 15.9, 21.89, 25.16, 24.98, 21.97, 17.19, 12.14, 8.055, 5.727, 5.043, 5.344, 5.777, 6.0, 6.24, 6.88, 7.97, 9.68, 12.016, 14.914, 17.56, 18.89, 18.14, 15.28, 10.734, 5.234, -0.689, -6.46, -11.67, -16.19, -19.75, -22.16, -23.22, -22.44, -19.44, -14.44, -8.65, -3.646, -0.8457, -1.047, -3.896, -8.625, -13.56, -17.98, -21.11, -23.05, -23.22, -22.12, -19.45, -15.7, -10.125, -2.62, 6.434, 15.61, 23.31, 28.55, 30.77, 30.42, 28.1, 24.61, 20.56, 16.69, 13.63, 11.72, 10.8, 10.58, 10.49, 10.25, 9.62, 8.53, 6.965, 5.09, 2.887, 0.5713, -1.601, -3.44, -4.496, -4.36, -2.914, -0.5503, 1.957, 3.896, 4.855, 5.004, 5.082, 5.99, 8.05
8.82, 9.37, 7.684, 4.6, 1.645, -0.2708, -0.871, -0.4834, 0.3782, 1.079, 1.413, 1.891, 3.66, 7.402, 12.625, 17.7, 21.05, 21.75, 20.1, 16.52, 12.27, 8.47, 5.914, 4.62, 4.1, 3.76, 3.38, 3.422, 4.39, 6.36, 9.04, 11.83, 14.48, 16.53, 17.36, 16.36, 13.42, 8.914, 3.36, -2.549, -8.37, -13.61, -17.95, -21.36, -23.39, -23.88, -22.4, -18.84, -13.484, -7.53, -2.521, 0.0973, -0.4624, -3.627, -8.35, -13.05, -17.31, -20.56, -22.86, -23.56, -22.81, -20.33, -16.78, -11.97, -5.84, 1.6045, 9.77, 17.53, 23.66, 27.48, 29.05, 28.33, 26.23, 22.9, 19.52, 16.38, 14.11, 12.78, 12.18, 11.8, 11.35, 10.44, 9.13, 7.33, 5.184, 2.82, 0.3247, -2.008, -3.914, -4.934, -4.613, -2.805, 0.00843, 2.855, 4.83, 5.53, 5.21, 4.727, 5.105, 6.797
7.527, 8.086, 6.72, 4.062, 1.357, -0.576, -1.42, -1.211, -0.1227, 1.283, 2.53, 3.508, 4.78, 7.156, 10.625, 14.32, 17.14, 18.19, 17.27, 14.71, 11.34, 8.1, 5.727, 4.15, 3.016, 1.915, 0.849, 0.3494, 1.073, 3.254, 6.52, 10.07, 13.21, 15.46, 16.3, 15.33, 12.4, 7.867, 2.213, -3.924, -10.0, -15.43, -19.84, -23.02, -24.58, -24.27, -21.78, -17.22, -11.26, -5.223, -0.6367, 1.201, -0.1328, -3.69, -8.24, -12.65, -16.61, -20.03, -22.8, -24.08, -23.77, -21.56, -18.1, -13.586, -8.26, -1.96, 5.188, 12.375, 18.92, 23.83, 26.73, 27.73, 26.94, 24.72, 21.84, 18.86, 16.39, 14.65, 13.55, 12.86, 12.17, 11.12, 9.57, 7.61, 5.266, 2.75, 0.10504, -2.43, -4.453, -5.438, -4.85, -2.598, 0.702, 3.912, 5.99, 6.47, 5.723, 4.723, 4.586, 5.83
6.207, 6.734, 5.652, 3.404, 0.936, -1.022, -2.082, -2.115, -1.06, 0.727, 2.666, 4.383, 5.89, 7.645, 9.84, 12.28, 14.16, 15.01, 14.37, 12.48, 9.89, 7.324, 5.258, 3.615, 2.033, 0.3186, -1.329, -2.34, -2.059, -0.1995, 3.014, 6.902, 10.625, 13.47, 14.77, 14.17, 11.51, 7.066, 1.333, -4.965, -11.336, -17.1, -21.62, -24.69, -25.72, -24.42, -20.78, -15.14, -8.58, -2.658, 1.096, 1.857, -0.2407, -4.03, -8.26, -12.234, -15.96, -19.42, -22.5, -24.33, -24.64, -22.86, -19.55, -15.1, -10.016, -4.27, 2.021, 8.484, 15.02, 20.47, 24.52, 26.81, 27.22, 26.0, 23.7, 20.98, 18.5, 16.39, 14.91, 13.75, 12.766, 11.555, 9.945, 7.945, 5.535, 2.793, -0.06616, -2.826, -5.01, -5.945, -5.07, -2.357, 1.393, 4.9, 6.992, 7.242, 6.1, 4.65, 4.08, 4.867
4.918, 5.414, 4.547, 2.635, 0.4343, -1.4795, -2.684, -2.93, -2.06, -0.2822, 1.987, 4.227, 6.19, 7.93, 9.56, 11.08, 12.164, 12.51, 11.875, 10.4, 8.47, 6.508, 4.715, 2.936, 0.989, -1.074, -2.951, -4.164, -4.23, -2.96, -0.3557, 3.19, 6.996, 10.32, 12.266, 12.27, 10.125, 6.027, 0.4368, -5.98, -12.49, -18.45, -23.12, -26.0, -26.47, -24.34, -19.58, -13.01, -6.12, -0.531, 2.328, 2.172, -0.3547, -4.11, -7.95, -11.55, -15.11, -18.62, -21.98, -24.42, -25.33, -24.17, -21.19, -16.86, -11.76, -6.17, -0.1672, 5.996, 12.38, 18.03, 22.83, 25.88, 27.36, 26.98, 25.31, 22.8, 20.28, 17.88, 15.984, 14.41, 13.09, 11.766, 10.2, 8.29, 5.895, 2.945, -0.262, -3.314, -5.67, -6.49, -5.227, -2.062, 2.047, 5.727, 7.727, 7.71, 6.203, 4.383, 3.43, 3.852
3.818, 4.273, 3.58, 1.878, -0.1409, -1.949, -3.146, -3.492, -2.852, -1.318, 0.873, 3.334, 5.633, 7.582, 9.08, 10.14, 10.69, 10.62, 9.93, 8.73, 7.273, 5.766, 4.125, 2.17, 0.014694, -2.12, -3.908, -5.027, -5.28, -4.566, -2.834, -0.1554, 3.209, 6.6, 9.016, 9.68, 8.22, 4.65, -0.5537, -6.87, -13.49, -19.58, -24.34, -26.88, -26.75, -23.73, -18.06, -10.9, -4.035, 0.947, 3.047, 2.293, -0.3894, -3.883, -7.28, -10.6, -14.01, -17.61, -21.25, -24.19, -25.78, -25.36, -23.03, -18.9, -13.78, -8.01, -1.874, 4.344, 10.66, 16.5, 21.61, 25.25, 27.44, 27.73, 26.66, 24.47, 21.9, 19.12, 16.75, 14.78, 13.164, 11.695, 10.21, 8.41, 6.06, 3.027, -0.461, -3.89, -6.336, -6.965, -5.277, -1.656, 2.77, 6.492, 8.266, 7.9, 6.062, 3.973, 2.79, 2.94
3.076, 3.445, 2.787, 1.1875, -0.769, -2.453, -3.46, -3.734, -3.266, -2.053, -0.1998, 2.133, 4.54, 6.727, 8.32, 9.3, 9.55, 9.234, 8.445, 7.453, 6.324, 5.07, 3.45, 1.346, -0.889, -2.867, -4.3, -5.08, -5.3, -5.043, -4.184, -2.48, 0.176, 3.242, 5.832, 6.965, 6.09, 3.13, -1.61, -7.742, -14.375, -20.58, -25.2, -27.34, -26.53, -22.64, -16.3, -8.92, -2.264, 2.129, 3.549, 2.377, -0.2534, -3.36, -6.35, -9.45, -12.83, -16.56, -20.5, -23.83, -26.08, -26.39, -24.83, -21.19, -16.14, -10.17, -3.729, 2.84, 9.38, 15.39, 20.77, 24.86, 27.44, 28.39, 27.69, 25.77, 23.19, 20.22, 17.42, 14.945, 13.1, 11.53, 10.06, 8.336, 6.023, 2.848, -0.854, -4.484, -6.934, -7.316, -5.16, -1.048, 3.63, 7.32, 8.82, 7.996, 5.812, 3.559, 2.314, 2.348
2.65, 2.9, 2.172, 0.581, -1.341, -2.879, -3.652, -3.738, -3.324, -2.379, -0.9287, 1.046, 3.367, 5.703, 7.49, 8.53, 8.695, 8.26, 7.414, 6.516, 5.535, 4.355, 2.66, 0.509, -1.622, -3.295, -4.22, -4.535, -4.66, -4.707, -4.547, -3.736, -1.967, 0.509, 2.959, 4.406, 4.04, 1.699, -2.676, -8.62, -15.25, -21.52, -26.05, -27.78, -26.23, -21.45, -14.54, -7.043, -0.715, 2.994, 3.89, 2.592, 0.1567, -2.557, -5.242, -8.22, -11.555, -15.48, -19.72, -23.48, -26.38, -27.39, -26.48, -23.47, -18.69, -12.7, -5.93, 1.084, 8.01, 14.23, 19.83, 24.22, 27.36, 28.72, 28.55, 26.8, 24.25, 21.06, 17.81, 15.16, 13.01, 11.336, 9.93, 8.18, 5.81, 2.55, -1.346, -5.12, -7.43, -7.44, -4.773, -0.1613, 4.78, 8.38, 9.47, 8.15, 5.555, 3.195, 1.967, 2.008
2.348, 2.498, 1.697, 0.07275, -1.779, -3.129, -3.61, -3.441, -2.998, -2.33, -1.34, 0.2167, 2.326, 4.7, 6.664, 7.848, 8.06, 7.61, 6.75, 5.875, 4.96, 3.719, 1.908, -0.2223, -2.193, -3.473, -3.87, -3.773, -3.775, -4.098, -4.523, -4.445, -3.479, -1.601, 0.581, 2.18, 2.277, 0.3547, -3.76, -9.516, -16.19, -22.48, -26.9, -28.17, -25.83, -20.22, -12.74, -5.164, 0.746, 3.867, 4.277, 2.832, 0.599, -1.746, -4.1, -6.777, -10.04, -14.06, -18.5, -22.78, -26.3, -28.11, -28.02, -25.72, -21.52, -15.69, -8.836, -1.521, 5.78, 12.46, 18.44, 23.31, 26.81, 28.73, 28.92, 27.48, 24.94, 21.55, 18.19, 15.195, 12.87, 11.13, 9.805, 8.04, 5.543, 2.143, -1.857, -5.61, -7.77, -7.332, -4.12, 0.9707, 6.152, 9.586, 10.21, 8.38, 5.39, 2.854, 1.655, 1.739
2.08, 2.18, 1.305, -0.3274, -2.04, -3.09, -3.2, -2.742, -2.273, -1.927, -1.469, -0.404, 1.426, 3.713, 5.844, 7.2, 7.617, 7.22, 6.375, 5.43, 4.41, 3.0, 1.13, -0.9375, -2.664, -3.455, -3.326, -2.91, -2.918, -3.572, -4.453, -5.008, -4.684, -3.371, -1.451, 0.1788, 0.556, -1.038, -4.84, -10.52, -17.08, -23.3, -27.48, -28.25, -25.1, -18.69, -10.73, -3.18, 2.303, 4.88, 4.836, 3.254, 1.208, -0.7915, -2.838, -5.266, -8.46, -12.484, -17.11, -21.8, -25.81, -28.33, -29.06, -27.62, -24.19, -18.92, -12.21, -4.816, 2.805, 9.9, 16.36, 21.78, 25.88, 28.31, 28.84, 27.77, 25.25, 21.86, 18.3, 15.02, 12.61, 10.9, 9.54, 7.84, 5.33, 1.785, -2.37, -6.113, -8.06, -7.13, -3.354, 2.219, 7.625, 10.91, 11.11, 8.73, 5.312, 2.535, 1.275, 1.436
1.833, 1.999, 1.095, -0.545, -2.062, -2.72, -2.42, -1.7, -1.282, -1.336, -1.44, -0.934, 0.5464, 2.715, 4.97, 6.6, 7.293, 7.094, 6.26, 5.156, 3.867, 2.262, 0.326, -1.614, -2.957, -3.22, -2.643, -1.972, -2.025, -3.043, -4.445, -5.598, -5.848, -4.996, -3.326, -1.755, -1.221, -2.508, -5.984, -11.38, -17.78, -23.83, -27.58, -27.83, -23.94, -16.8, -8.45, -1.034, 3.889, 5.902, 5.46, 3.723, 1.834, 0.1586, -1.514, -3.623, -6.56, -10.59, -15.33, -20.33, -24.75, -28.03, -29.62, -29.16, -26.7, -22.14, -15.92, -8.65, -0.8394, 6.66, 13.75, 19.73, 24.47, 27.31, 28.5, 27.61, 25.33, 21.8, 18.14, 14.71, 12.234, 10.51, 9.25, 7.656, 5.113, 1.46, -2.809, -6.56, -8.33, -7.008, -2.693, 3.393, 9.07, 12.27, 12.1, 9.195, 5.285, 2.184, 0.7974, 1.044
1.623, 1.942, 1.046, -0.549, -1.838, -2.11, -1.421, -0.514, -0.2306, -0.681, -1.292, -1.327, -0.2666, 1.752, 4.08, 5.996, 7.04, 7.074, 6.293, 5.02, 3.43, 1.565, -0.4568, -2.22, -3.1, -2.814, -1.785, -0.8994, -1.038, -2.424, -4.363, -6.043, -6.8, -6.387, -5.082, -3.713, -3.176, -4.176, -7.246, -12.32, -18.45, -24.1, -27.42, -27.02, -22.39, -14.7, -6.168, 1.032, 5.39, 6.76, 5.965, 4.24, 2.56, 1.144, -0.2344, -2.055, -4.734, -8.58, -13.36, -18.5, -23.36, -27.38, -29.72, -30.2, -28.72, -24.98, -19.38, -12.5, -4.76, 2.977, 10.52, 17.06, 22.3, 25.81, 27.39, 26.98, 24.92, 21.52, 17.73, 14.24, 11.78, 10.07, 8.84, 7.285, 4.7, 0.9717, -3.37, -7.074, -8.59, -6.9, -2.047, 4.527, 10.43, 13.56, 13.01, 9.6, 5.19, 1.682, 0.1909, 0.584
1.401, 1.915, 1.064, -0.4429, -1.456, -1.307, -0.2546, 0.7456, 0.836, 0.00973, -1.037, -1.512, -0.8525, 0.925, 3.246, 5.402, 6.77, 7.047, 6.305, 4.844, 2.979, 0.8984, -1.16, -2.73, -3.156, -2.293, -0.785, 0.283, -0.0143, -1.734, -4.098, -6.21, -7.453, -7.535, -6.7, -5.61, -5.137, -6.016, -8.74, -13.35, -19.11, -24.4, -27.33, -26.22, -20.88, -12.75, -4.086, 2.746, 6.54, 7.383, 6.375, 4.74, 3.25, 2.139, 1.111, -0.4336, -2.94, -6.566, -11.24, -16.5, -21.69, -26.17, -29.33, -30.78, -30.17, -27.42, -22.6, -16.23, -8.72, -0.883, 6.844, 13.77, 19.53, 23.61, 25.72, 25.88, 24.11, 20.97, 17.22, 13.805, 11.26, 9.54, 8.32, 6.645, 3.91, 0.06305, -4.215, -7.727, -8.945, -6.77, -1.293, 5.758, 11.805, 14.734, 13.734, 9.82, 4.938, 1.096, -0.4775, 0.07837
1.083, 1.851, 1.133, -0.218, -0.931, -0.366, 0.9985, 2.05, 1.99, 0.847, -0.598, -1.472, -1.207, 0.2637, 2.48, 4.797, 6.414, 6.9, 6.195, 4.586, 2.484, 0.2484, -1.793, -3.145, -3.14, -1.729, 0.1959, 1.429, 1.042, -0.868, -3.555, -6.09, -7.863, -8.51, -8.18, -7.46, -7.176, -7.992, -10.44, -14.68, -20.05, -24.97, -27.3, -25.56, -19.53, -10.94, -2.357, 4.06, 7.293, 7.746, 6.633, 5.21, 4.082, 3.307, 2.445, 1.089, -1.277, -4.67, -9.18, -14.5, -19.89, -24.72, -28.55, -30.78, -31.11, -29.28, -25.3, -19.62, -12.6, -4.92, 2.889, 10.08, 16.22, 20.86, 23.6, 24.38, 22.95, 20.17, 16.64, 13.25, 10.72, 9.0, 7.625, 5.73, 2.791, -1.092, -5.316, -8.63, -9.375, -6.516, -0.4182, 7.016, 13.05, 15.625, 14.164, 9.805, 4.504, 0.3633, -1.255, -0.5464
0.5557, 1.579, 1.101, -0.01538, -0.3652, 0.6084, 2.293, 3.484, 3.352, 1.991, 0.1613, -1.189, -1.405, -0.3264, 1.725, 4.074, 5.867, 6.5, 5.863, 4.176, 1.908, -0.479, -2.467, -3.484, -3.023, -1.153, 1.121, 2.484, 2.098, 0.07227, -2.828, -5.766, -8.03, -9.27, -9.555, -9.32, -9.305, -10.19, -12.43, -16.31, -21.28, -25.69, -27.28, -24.69, -18.0, -9.01, -0.6353, 5.23, 7.863, 7.938, 6.86, 5.695, 4.93, 4.457, 3.78, 2.602, 0.4277, -2.838, -7.13, -12.305, -17.77, -22.94, -27.33, -30.3, -31.47, -30.6, -27.52, -22.6, -16.25, -8.914, -1.208, 6.223, 12.66, 17.81, 21.06, 22.4, 21.6, 19.22, 15.945, 12.7, 10.21, 8.31, 6.676, 4.477, 1.375, -2.54, -6.656, -9.62, -9.84, -6.355, 0.2686, 7.953, 13.92, 16.11, 14.195, 9.36, 3.803, -0.4666, -2.14, -1.308
-0.121, 1.199, 0.996, 0.1611, 0.159, 1.495, 3.531, 4.953, 4.883, 3.38, 1.223, -0.6294, -1.424, -0.8433, 0.9277, 3.166, 5.0, 5.777, 5.258, 3.611, 1.262, -1.221, -3.133, -3.828, -2.906, -0.6035, 1.939, 3.428, 3.092, 1.077, -1.935, -5.223, -7.98, -9.89, -10.875, -11.2, -11.45, -12.39, -14.48, -17.97, -22.4, -26.05, -26.77, -23.23, -15.83, -6.715, 1.336, 6.53, 8.5, 8.3, 7.29, 6.426, 5.992, 5.77, 5.223, 4.07, 2.012, -1.065, -5.094, -10.06, -15.45, -20.95, -25.72, -29.38, -31.36, -31.4, -29.3, -25.17, -19.42, -12.58, -5.055, 2.34, 9.12, 14.73, 18.52, 20.47, 20.16, 18.19, 15.17, 12.06, 9.51, 7.47, 5.52, 3.02, -0.2247, -4.223, -8.15, -10.7, -10.36, -6.355, 0.662, 8.4, 14.16, 16.0, 13.69, 8.53, 2.805, -1.539, -3.219, -2.246
-0.913, 0.7744, 0.9116, 0.3848, 0.6436, 2.256, 4.562, 6.242, 6.316, 4.812, 2.453, 0.1835, -1.171, -1.16, 0.1602, 2.166, 3.938, 4.816, 4.418, 2.857, 0.518, -1.972, -3.76, -4.117, -2.744, -0.097, 2.615, 4.2, 3.936, 1.977, -1.074, -4.54, -7.727, -10.23, -11.87, -12.82, -13.43, -14.484, -16.47, -19.64, -23.39, -26.23, -25.89, -21.23, -13.164, -3.945, 3.67, 8.086, 9.44, 8.984, 8.086, 7.523, 7.348, 7.2, 6.65, 5.418, 3.459, 0.5854, -3.121, -7.746, -12.98, -18.56, -23.61, -27.92, -30.58, -31.47, -30.3, -27.02, -22.06, -15.67, -8.46, -1.153, 5.785, 11.68, 15.93, 18.39, 18.6, 17.08, 14.375, 11.48, 8.82, 6.54, 4.246, 1.443, -2.018, -6.047, -9.67, -11.73, -10.88, -6.445, 0.7705, 8.44, 13.9, 15.305, 12.57, 7.184, 1.323, -2.992, -4.58, -3.38
-1.879, 0.258, 0.7607, 0.5522, 1.04, 2.844, 5.37, 7.26, 7.54, 6.13, 3.723, 1.197, -0.6177, -1.169, -0.426, 1.139, 2.742, 3.66, 3.4, 1.982, -0.2534, -2.654, -4.258, -4.31, -2.588, 0.2273, 2.977, 4.566, 4.363, 2.566, -0.321, -3.752, -7.2, -10.22, -12.555, -14.11, -15.2, -16.45, -18.38, -21.22, -24.36, -26.16, -24.55, -18.83, -10.055, -0.881, 6.15, 9.86, 10.74, 10.164, 9.375, 8.97, 8.836, 8.586, 7.906, 6.54, 4.656, 2.05, -1.345, -5.582, -10.46, -15.95, -21.17, -25.94, -29.27, -30.92, -30.56, -28.16, -24.0, -18.27, -11.46, -4.355, 2.7, 8.86, 13.48, 16.4, 17.02, 15.94, 13.625, 10.836, 8.1, 5.598, 2.885, -0.293, -3.99, -7.9, -11.24, -12.82, -11.37, -6.473, 0.872, 8.34, 13.375, 14.23, 10.98, 5.28, -0.651, -4.86, -6.21, -4.71
-2.9, -0.4077, 0.4253, 0.5327, 1.24, 3.2, 5.86, 7.918, 8.43, 7.227, 4.918, 2.326, 0.2183, -0.8647, -0.747, 0.2444, 1.516, 2.355, 2.201, 0.9565, -1.097, -3.29, -4.652, -4.438, -2.535, 0.3179, 2.96, 4.45, 4.355, 2.799, 0.1776, -3.113, -6.69, -10.086, -12.99, -15.15, -16.77, -18.31, -20.23, -22.8, -25.25, -25.94, -23.02, -16.03, -6.695, 2.38, 8.9, 11.98, 12.59, 12.07, 11.38, 10.836, 10.45, 9.84, 8.88, 7.395, 5.473, 3.111, 0.1409, -3.58, -8.06, -13.26, -18.52, -23.44, -27.3, -29.64, -30.02, -28.6, -25.12, -20.2, -13.9, -7.043, -0.10675, 6.2, 11.055, 14.3, 15.39, 14.805, 12.83, 10.28, 7.547, 4.746, 1.648, -1.898, -5.855, -9.71, -12.74, -13.73, -11.64, -6.31, 1.114, 8.305, 12.734, 12.89, 9.05, 3.018, -2.945, -6.93, -7.973, -6.11
-3.936, -1.142, -0.0389, 0.3125, 1.194, 3.256, 5.97, 8.16, 8.89, 7.965, 5.92, 3.463, 1.216, -0.31, -0.812, -0.4492, 0.3606, 0.991, 0.8677, -0.224, -2.045, -3.943, -4.99, -4.527, -2.545, 0.2203, 2.69, 4.082, 4.06, 2.799, 0.539, -2.541, -6.156, -9.82, -13.2, -15.96, -18.16, -20.1, -22.14, -24.33, -25.94, -25.23, -20.92, -12.83, -2.984, 5.875, 11.79, 14.46, 14.93, 14.4, 13.63, 12.77, 11.84, 10.81, 9.55, 7.973, 6.125, 3.945, 1.334, -1.9, -5.89, -10.695, -15.79, -20.81, -25.1, -27.95, -29.0, -28.33, -25.66, -21.45, -15.76, -9.37, -2.6, 3.658, 8.766, 12.266, 13.86, 13.74, 12.16, 9.875, 7.188, 4.152, 0.6426, -3.25, -7.42, -11.3, -13.99, -14.44, -11.75, -5.99, 1.565, 8.38, 12.04, 11.36, 6.84, 0.4858, -5.426, -9.11, -9.72, -7.45
-4.883, -1.911, -0.573, -0.04987, 0.9526, 3.057, 5.76, 8.016, 8.93, 8.34, 6.637, 4.42, 2.137, 0.247, -0.831, -1.047, -0.695, -0.3452, -0.5186, -1.488, -3.043, -4.56, -5.234, -4.547, -2.58, 0.0383, 2.363, 3.645, 3.71, 2.686, 0.6943, -2.229, -5.793, -9.59, -13.32, -16.61, -19.34, -21.77, -23.89, -25.64, -26.22, -24.17, -18.27, -9.01, 1.258, 9.766, 15.05, 17.45, 17.78, 17.17, 16.0, 14.625, 13.086, 11.445, 9.83, 8.2, 6.477, 4.56, 2.305, -0.4673, -3.885, -8.21, -13.0, -17.97, -22.42, -25.78, -27.5, -27.48, -25.55, -22.11, -17.1, -11.24, -4.78, 1.369, 6.605, 10.38, 12.445, 12.75, 11.59, 9.586, 6.87, 3.63, -0.2233, -4.434, -8.86, -12.69, -15.125, -15.055, -11.79, -5.52, 2.133, 8.53, 11.4, 9.77, 4.547, -2.137, -7.887, -11.13, -11.23, -8.61
-5.703, -2.68, -1.148, -0.3994, 0.6953, 2.746, 5.36, 7.6, 8.65, 8.39, 7.07, 5.105, 2.87, 0.749, -0.8027, -1.584, -1.691, -1.626, -1.905, -2.725, -3.94, -5.07, -5.406, -4.54, -2.605, -0.1621, 1.968, 3.162, 3.305, 2.47, 0.756, -1.95, -5.383, -9.27, -13.29, -17.02, -20.34, -23.11, -25.4, -26.7, -26.17, -22.4, -14.82, -4.434, 6.03, 14.12, 18.86, 20.89, 20.98, 20.1, 18.36, 16.2, 13.97, 11.81, 9.914, 8.25, 6.66, 4.953, 3.053, 0.6636, -2.24, -5.918, -10.35, -15.11, -19.62, -23.25, -25.5, -26.05, -24.84, -22.14, -17.78, -12.53, -6.473, -0.561, 4.715, 8.71, 11.1, 11.734, 10.98, 9.15, 6.426, 2.969, -1.155, -5.613, -10.13, -13.84, -15.94, -15.32, -11.4, -4.66, 3.12, 9.055, 10.97, 8.31, 2.35, -4.523, -10.086, -12.86, -12.45, -9.555
-6.387, -3.361, -1.716, -0.7686, 0.4636, 2.47, 4.98, 7.105, 8.22, 8.14, 7.16, 5.496, 3.385, 1.153, -0.7397, -1.961, -2.506, -2.748, -3.14, -3.834, -4.734, -5.49, -5.52, -4.51, -2.6, -0.322, 1.574, 2.695, 2.959, 2.31, 0.77, -1.733, -5.05, -8.98, -13.19, -17.39, -21.17, -24.34, -26.55, -27.23, -25.52, -20.14, -10.93, 0.3489, 10.85, 18.6, 22.94, 24.64, 24.48, 22.98, 20.6, 17.69, 14.766, 12.125, 9.99, 8.23, 6.773, 5.31, 3.693, 1.752, -0.651, -3.795, -7.71, -12.22, -16.72, -20.58, -23.27, -24.25, -23.69, -21.58, -17.92, -13.24, -7.72, -2.18, 2.945, 7.074, 9.7, 10.7, 10.22, 8.47, 5.613, 1.939, -2.445, -7.094, -11.54, -15.0, -16.61, -15.29, -10.62, -3.21, 4.652, 10.07, 11.016, 7.363, 0.704, -6.434, -11.87, -14.2, -13.37, -10.22
-6.953, -3.979, -2.283, -1.189, 0.1819, 2.217, 4.594, 6.58, 7.703, 7.79, 7.03, 5.64, 3.709, 1.498, -0.5996, -2.166, -3.123, -3.69, -4.188, -4.74, -5.336, -5.71, -5.508, -4.47, -2.666, -0.599, 1.124, 2.22, 2.523, 2.02, 0.685, -1.576, -4.66, -8.51, -12.93, -17.45, -21.73, -25.16, -27.16, -27.16, -24.08, -17.12, -6.51, 5.406, 15.81, 23.03, 26.92, 28.23, 27.67, 25.6, 22.55, 19.06, 15.734, 12.695, 10.29, 8.41, 6.938, 5.637, 4.285, 2.717, 0.844, -1.778, -5.16, -9.27, -13.734, -17.78, -20.77, -22.22, -22.08, -20.42, -17.4, -13.32, -8.484, -3.412, 1.556, 5.637, 8.36, 9.586, 9.195, 7.414, 4.37, 0.4407, -4.13, -8.81, -13.09, -16.08, -16.94, -14.79, -9.26, -1.2295, 6.785, 11.71, 11.74, 7.188, -0.09406, -7.57, -13.01, -15.164, -14.08, -10.76
-7.484, -4.605, -2.904, -1.664, -0.1293, 1.974, 4.258, 6.094, 7.164, 7.387, 6.848, 5.723, 4.008, 1.865, -0.3452, -2.217, -3.572, -4.445, -5.016, -5.43, -5.73, -5.82, -5.477, -4.484, -2.863, -0.9443, 0.729, 1.819, 2.176, 1.704, 0.428, -1.655, -4.543, -8.195, -12.63, -17.5, -22.08, -25.69, -27.45, -26.52, -22.02, -13.47, -1.81, 10.414, 20.55, 27.08, 30.47, 31.33, 30.27, 27.7, 24.34, 20.58, 16.92, 13.586, 10.914, 8.875, 7.375, 6.145, 5.0, 3.719, 2.195, 0.03033, -2.861, -6.54, -10.73, -14.81, -18.05, -19.92, -20.17, -18.98, -16.48, -13.04, -8.73, -4.105, 0.5166, 4.395, 7.105, 8.33, 7.844, 5.902, 2.59, -1.539, -6.2, -10.9, -14.87, -17.31, -17.38, -14.1, -7.43, 1.362, 9.45, 13.95, 13.21, 7.953, 0.1012, -7.793, -13.53, -15.76, -14.56, -11.24
-7.89, -5.145, -3.506, -2.17, -0.4539, 1.725, 3.967, 5.703, 6.715, 6.973, 6.594, 5.645, 4.152, 2.156, -0.05432, -2.172, -3.908, -5.1, -5.785, -6.06, -6.06, -5.875, -5.4, -4.43, -2.959, -1.125, 0.5444, 1.605, 1.826, 1.154, -0.2817, -2.363, -4.973, -8.29, -12.41, -17.25, -22.19, -25.89, -27.3, -25.4, -19.53, -9.586, 2.996, 15.195, 24.75, 30.58, 33.1, 33.16, 31.64, 28.88, 25.67, 22.03, 18.47, 14.92, 11.93, 9.625, 7.96, 6.7, 5.633, 4.516, 3.307, 1.55, -0.8276, -4.082, -7.92, -11.85, -15.25, -17.48, -18.05, -17.3, -15.266, -12.2, -8.39, -4.203, -0.03534, 3.55, 6.066, 7.07, 6.37, 4.17, 0.644, -3.598, -8.27, -12.94, -16.62, -18.5, -17.5, -13.016, -5.184, 4.39, 12.64, 16.81, 15.484, 9.72, 1.258, -7.277, -13.62, -16.16, -14.95, -11.59
-8.24, -5.527, -3.93, -2.607, -0.7695, 1.495, 3.719, 5.406, 6.332, 6.523, 6.133, 5.24, 3.93, 2.193, 0.1328, -2.078, -4.105, -5.613, -6.457, -6.68, -6.473, -6.04, -5.363, -4.355, -2.87, -0.996, 0.6816, 1.618, 1.509, 0.3135, -1.589, -3.84, -6.227, -8.96, -12.43, -16.97, -21.95, -25.75, -26.83, -23.97, -16.78, -5.645, 7.504, 19.53, 28.4, 33.28, 34.8, 34.03, 31.8, 28.98, 26.14, 23.12, 19.97, 16.5, 13.32, 10.69, 8.76, 7.31, 6.188, 5.07, 4.01, 2.594, 0.6807, -1.982, -5.44, -9.11, -12.555, -14.945, -15.93, -15.516, -13.77, -11.1, -7.71, -3.89, -0.1348, 3.104, 5.234, 5.973, 5.023, 2.64, -0.829, -5.023, -9.664, -14.34, -18.03, -19.53, -17.55, -11.7, -2.484, 7.91, 16.27, 20.06, 18.27, 11.98, 2.871, -6.523, -13.586, -16.58, -15.46, -11.95
-8.43, -5.85, -4.336, -2.996, -1.087, 1.321, 3.652, 5.31, 6.055, 5.97, 5.297, 4.324, 3.191, 1.86, 0.161, -1.977, -4.254, -6.074, -7.164, -7.445, -7.09, -6.387, -5.426, -4.18, -2.525, -0.516, 1.224, 1.933, 1.211, -0.8906, -3.62, -6.2, -8.3, -10.19, -12.65, -16.52, -21.22, -25.02, -25.84, -22.2, -13.88, -1.784, 11.6, 23.25, 31.3, 35.12, 35.56, 33.7, 30.72, 27.94, 25.67, 23.58, 21.2, 18.23, 15.0, 11.984, 9.65, 7.953, 6.67, 5.51, 4.59, 3.508, 1.964, -0.1743, -3.143, -6.477, -9.78, -12.375, -13.76, -13.74, -12.39, -9.95, -6.785, -3.223, 0.1708, 3.014, 4.82, 5.3, 4.227, 1.924, -1.357, -5.383, -9.95, -14.695, -18.56, -19.89, -17.03, -9.74, 0.834, 12.01, 20.4, 23.66, 21.27, 14.35, 4.703, -5.383, -13.12, -16.61, -15.71, -12.17
-8.46, -6.04, -4.688, -3.35, -1.291, 1.36, 3.877, 5.49, 5.883, 5.23, 3.99, 2.7, 1.712, 0.914, -0.169, -1.936, -4.254, -6.42, -7.844, -8.27, -7.84, -6.863, -5.57, -3.947, -1.916, 0.4253, 2.31, 2.691, 1.124, -2.195, -6.164, -9.45, -11.41, -12.37, -13.55, -16.25, -20.42, -24.0, -24.44, -19.97, -10.7, 1.997, 15.34, 26.56, 33.66, 36.38, 35.47, 32.4, 28.78, 25.83, 24.23, 23.16, 21.97, 19.7, 16.72, 13.6, 10.89, 8.7, 7.18, 5.973, 5.1, 4.254, 3.13, 1.481, -0.931, -3.91, -7.035, -9.79, -11.55, -11.99, -11.055, -8.85, -5.863, -2.492, 0.658, 3.219, 4.773, 5.105, 4.133, 2.05, -1.006, -4.844, -9.35, -14.125, -18.16, -19.38, -15.945, -7.406, 4.375, 16.12, 24.4, 27.02, 23.9, 16.47, 6.555, -3.727, -11.99, -16.11, -15.5, -12.12
-8.414, -6.297, -5.15, -3.746, -1.364, 1.742, 4.582, 6.1, 5.984, 4.453, 2.252, 0.3115, -0.7334, -0.928, -1.014, -1.945, -3.943, -6.355, -8.25, -9.016, -8.63, -7.457, -5.742, -3.535, -0.7705, 2.158, 4.25, 4.223, 1.525, -3.365, -8.836, -13.25, -15.3, -15.29, -14.77, -15.94, -19.27, -22.42, -22.53, -17.47, -7.543, 5.477, 18.64, 29.0, 35.0, 36.5, 34.38, 30.23, 25.9, 22.86, 21.9, 21.89, 21.88, 20.67, 18.39, 15.29, 12.29, 9.73, 7.793, 6.418, 5.586, 4.914, 4.16, 2.895, 1.005, -1.466, -4.324, -7.113, -9.18, -10.16, -9.72, -7.938, -5.17, -1.977, 1.105, 3.55, 5.082, 5.457, 4.56, 2.465, -0.636, -4.53, -8.99, -13.58, -17.3, -18.3, -14.23, -4.62, 8.17, 20.27, 28.08, 29.92, 25.98, 18.28, 8.56, -1.459, -9.914, -14.48, -14.45, -11.6
-8.195, -6.656, -5.71, -4.1, -1.163, 2.635, 5.9, 7.37, 6.668, 4.09, 0.6006, -2.45, -3.988, -3.705, -2.574, -2.125, -3.295, -5.645, -7.996, -9.375, -9.39, -8.15, -5.875, -2.771, 1.01, 4.78, 7.195, 6.75, 2.883, -3.7, -11.14, -17.14, -19.67, -18.84, -16.75, -16.19, -18.28, -20.94, -20.56, -15.0, -4.52, 8.66, 21.39, 31.0, 35.94, 36.12, 32.75, 27.62, 22.81, 19.73, 19.1, 19.95, 21.05, 20.98, 19.61, 17.0, 14.0, 11.07, 8.71, 7.004, 6.043, 5.387, 4.797, 3.912, 2.459, 0.527, -1.88, -4.453, -6.69, -8.16, -8.305, -7.1, -4.766, -1.765, 1.244, 3.705, 5.3, 5.625, 4.668, 2.338, -1.024, -5.08, -9.47, -13.66, -16.64, -16.83, -12.086, -1.844, 11.47, 23.67, 30.86, 31.72, 27.08, 19.33, 10.36, 1.018, -7.117, -12.07, -12.81, -10.73
-8.13, -7.16, -6.27, -4.22, -0.4185, 4.285, 8.125, 9.65, 8.41, 4.816, -0.1447, -4.754, -7.383, -7.09, -4.867, -2.74, -2.44, -4.2, -6.906, -9.11, -9.85, -8.71, -5.777, -1.521, 3.527, 8.31, 11.086, 10.23, 5.277, -2.992, -12.48, -20.16, -23.66, -22.48, -18.92, -16.66, -17.48, -19.31, -18.6, -12.6, -1.96, 11.02, 23.3, 32.06, 35.94, 35.06, 30.72, 24.9, 19.7, 16.61, 16.11, 17.48, 19.36, 20.4, 19.97, 18.23, 15.54, 12.52, 9.93, 7.836, 6.566, 5.777, 5.156, 4.438, 3.367, 1.959, 0.0978, -2.076, -4.223, -5.95, -6.656, -6.105, -4.395, -1.837, 0.904, 3.254, 4.79, 4.99, 3.896, 1.355, -2.215, -6.49, -10.93, -14.695, -16.66, -15.66, -9.92, 0.9346, 14.55, 26.61, 33.1, 32.97, 27.69, 19.98, 11.85, 3.621, -3.99, -9.22, -10.836, -9.78
-8.06, -7.54, -6.547, -3.822, 1.081, 6.848, 11.305, 12.93, 11.3, 6.895, 0.569, -5.88, -10.25, -10.75, -7.83, -3.951, -1.72, -2.23, -4.836, -7.9, -9.71, -8.95, -5.4, 0.1881, 6.703, 12.516, 15.516, 14.164, 8.29, -1.151, -12.23, -21.69, -26.27, -25.22, -20.67, -16.92, -16.44, -17.62, -16.56, -10.484, 0.2373, 13.016, 24.62, 32.6, 35.62, 33.88, 28.94, 22.81, 17.45, 14.23, 13.664, 14.93, 17.14, 18.84, 19.39, 18.61, 16.67, 14.1, 11.414, 9.04, 7.363, 6.19, 5.332, 4.63, 3.803, 2.783, 1.412, -0.3035, -2.145, -3.816, -4.848, -4.82, -3.768, -1.872, 0.3083, 2.232, 3.45, 3.482, 2.44, 0.293, -2.793, -6.883, -11.516, -15.41, -16.86, -14.72, -7.98, 3.305, 16.98, 28.53, 34.34, 33.34, 27.4, 19.88, 12.695, 5.79, -1.089, -6.523, -8.98, -8.88
-7.926, -7.64, -6.355, -2.69, 3.432, 10.19, 15.12, 16.8, 14.914, 9.84, 2.355, -5.86, -12.266, -14.27, -11.36, -5.95, -1.461, -0.1388, -2.094, -5.78, -8.66, -8.41, -4.36, 2.451, 10.16, 16.67, 19.69, 17.9, 11.5, 1.505, -10.33, -20.98, -26.84, -26.39, -21.55, -16.86, -15.28, -15.77, -14.55, -8.625, 1.734, 14.1, 25.17, 32.44, 34.78, 32.56, 27.25, 20.98, 15.57, 12.336, 11.45, 12.38, 14.516, 16.5, 17.81, 18.03, 17.12, 15.31, 13.0, 10.586, 8.586, 6.96, 5.67, 4.723, 3.84, 2.97, 1.916, 0.556, -0.9604, -2.387, -3.373, -3.572, -2.988, -1.704, -0.2151, 1.041, 1.7705, 1.843, 1.432, 0.4988, -1.384, -4.96, -9.96, -14.75, -16.69, -14.06, -6.47, 5.375, 18.92, 29.97, 34.97, 33.25, 26.88, 19.5, 13.1, 7.46, 1.478, -4.062, -7.34, -8.12
-7.555, -7.152, -5.402, -0.872, 6.25, 13.77, 18.94, 20.44, 18.1, 12.46, 4.39, -4.91, -13.14, -17.1, -15.07, -8.766, -2.113, 1.472, 0.7725, -3.018, -6.73, -7.11, -2.814, 4.918, 13.516, 20.31, 23.0, 20.72, 14.18, 4.477, -7.05, -18.05, -24.89, -25.38, -21.02, -16.08, -13.88, -13.81, -12.47, -6.96, 2.812, 14.57, 24.98, 31.86, 33.75, 31.4, 25.97, 19.62, 14.16, 10.77, 9.6, 10.14, 11.76, 13.6, 15.28, 16.31, 16.45, 15.72, 14.164, 12.18, 10.19, 8.266, 6.57, 5.242, 4.117, 3.041, 1.905, 0.596, -0.7637, -1.997, -2.82, -2.953, -2.418, -1.389, -0.3108, 0.4622, 0.905, 1.26, 1.787, 2.287, 1.563, -1.528, -6.89, -12.61, -15.57, -13.305, -5.4, 6.77, 19.98, 30.42, 34.75, 32.44, 25.7, 18.27, 12.62, 8.234, 3.35, -1.924, -5.836, -7.406
-7.11, -6.324, -3.867, 1.438, 9.164, 16.89, 21.92, 22.88, 19.95, 14.06, 6.113, -3.334, -12.75, -18.62, -18.11, -11.914, -3.844, 1.779, 2.592, -0.6553, -4.53, -5.188, -0.815, 7.363, 16.28, 22.86, 25.0, 22.22, 15.84, 7.188, -3.053, -13.45, -20.88, -22.69, -19.52, -15.01, -12.445, -11.91, -10.55, -5.566, 3.379, 14.34, 24.11, 30.52, 32.2, 29.83, 24.25, 17.89, 12.44, 9.14, 7.87, 8.016, 9.03, 10.516, 12.14, 13.62, 14.6, 14.914, 14.445, 13.24, 11.62, 9.805, 8.02, 6.438, 4.953, 3.59, 2.16, 0.6187, -0.9614, -2.342, -3.258, -3.367, -2.729, -1.6045, -0.3855, 0.52, 1.184, 2.041, 3.225, 4.1, 3.25, -0.1293, -5.742, -11.52, -14.68, -12.625, -4.637, 7.55, 20.6, 30.44, 34.25, 31.45, 24.33, 16.7, 11.48, 8.25, 4.72, -0.02675, -4.375, -6.703
-6.676, -5.402, -2.117, 3.693, 11.516, 18.97, 23.38, 23.48, 19.84, 14.016, 6.918, -1.502, -10.8, -17.98, -19.45, -14.54, -6.336, 0.4277, 2.533, 0.2615, -3.057, -3.434, 1.038, 9.164, 17.73, 23.78, 25.19, 22.02, 15.87, 8.555, 0.5146, -8.11, -15.31, -18.38, -16.95, -13.63, -11.336, -10.46, -9.05, -4.566, 3.432, 13.36, 22.4, 28.38, 30.06, 27.52, 21.83, 15.34, 10.05, 7.04, 5.883, 5.92, 6.5, 7.473, 8.766, 10.3, 11.73, 12.86, 13.3, 13.086, 12.266, 10.99, 9.45, 7.89, 6.32, 4.773, 3.092, 1.241, -0.727, -2.598, -4.055, -4.625, -4.176, -2.814, -1.094, 0.4363, 1.708, 2.863, 3.64, 3.207, 0.5073, -4.36, -9.9, -14.17, -15.62, -12.62, -4.305, 7.88, 20.4, 29.67, 32.78, 29.42, 21.86, 14.2, 9.46, 7.266, 5.15, 1.389, -2.996, -5.996
-6.1, -4.516, -0.5845, 5.438, 12.82, 19.36, 22.6, 21.7, 17.56, 12.12, 6.457, 0.1216, -7.66, -14.984, -18.16, -15.38, -8.74, -2.447, 0.2264, -0.8516, -2.865, -2.334, 2.318, 9.94, 17.67, 22.69, 23.28, 19.69, 13.984, 8.234, 2.67, -3.512, -9.56, -13.29, -13.67, -12.09, -10.64, -9.74, -8.14, -4.008, 3.041, 11.836, 19.88, 25.2, 26.44, 23.64, 17.95, 11.7, 6.973, 4.492, 3.715, 3.832, 4.21, 4.78, 5.637, 6.76, 8.12, 9.51, 10.47, 11.11, 11.14, 10.65, 9.734, 8.625, 7.316, 5.906, 4.285, 2.375, 0.2103, -2.113, -4.22, -5.6, -5.8, -4.754, -2.908, -0.8486, 0.8896, 1.807, 1.326, -1.405, -6.797, -13.49, -18.81, -20.7, -18.95, -13.49, -4.22, 7.816, 19.62, 27.83, 30.03, 26.05, 18.25, 10.96, 6.81, 5.555, 4.72, 2.123, -1.824, -5.11
-5.023, -3.43, 0.544, 6.086, 12.164, 16.97, 18.67, 16.81, 12.77, 8.33, 4.58, 0.7534, -4.4, -10.28, -14.055, -13.58, -9.6, -5.047, -2.62, -2.668, -3.217, -1.751, 2.75, 9.234, 15.37, 18.83, 18.34, 14.63, 9.836, 5.863, 2.729, -0.777, -4.863, -8.24, -9.8, -9.79, -9.336, -8.74, -7.25, -3.598, 2.342, 9.48, 15.98, 20.02, 20.38, 17.3, 12.11, 6.92, 3.316, 1.783, 1.477, 1.702, 1.955, 2.174, 2.594, 3.24, 4.22, 5.4, 6.434, 7.348, 7.863, 7.99, 7.79, 7.24, 6.5, 5.54, 4.336, 2.814, 0.9346, -1.287, -3.54, -5.41, -6.348, -6.05, -4.66, -2.775, -1.222, -0.7876, -2.316, -6.62, -13.48, -20.9, -25.75, -25.77, -21.47, -14.05, -4.07, 7.125, 17.28, 23.62, 24.27, 19.62, 12.53, 6.547, 3.547, 3.16, 3.24, 1.877, -0.9736, -3.902
-3.484, -2.309, 0.6196, 4.418, 8.14, 10.57, 10.79, 8.93, 5.992, 3.314, 1.494, -0.0679, -2.486, -5.777, -8.5, -9.07, -7.54, -5.36, -3.902, -3.463, -3.098, -1.48, 1.849, 6.08, 9.62, 11.03, 9.97, 7.12, 4.1, 2.002, 0.8086, -0.497, -2.443, -4.484, -5.85, -6.4, -6.6, -6.44, -5.402, -2.914, 1.065, 5.645, 9.56, 11.59, 11.05, 8.45, 4.863, 1.769, -0.1207, -0.768, -0.768, -0.599, -0.504, -0.4543, -0.2769, 0.004276, 0.505, 1.203, 1.922, 2.6, 3.09, 3.416, 3.564, 3.441, 3.15, 2.719, 2.098, 1.27, 0.1641, -1.272, -2.812, -4.277, -5.277, -5.46, -4.82, -3.71, -2.762, -2.76, -4.33, -8.01, -13.555, -19.4, -22.9, -22.4, -18.16, -11.414, -3.303, 5.082, 11.86, 15.26, 14.41, 10.53, 5.66, 2.094, 0.528, 0.557, 0.947, 0.506, -0.954, -2.732
-2.518, -2.045, -0.9907, 0.2168, 1.254, 1.732, 1.485, 0.7266, -0.2031, -1.007, -1.49, -1.84, -2.395, -3.314, -4.19, -4.53, -4.336, -3.809, -3.365, -3.135, -2.854, -2.133, -0.9507, 0.4175, 1.447, 1.547, 0.918, -0.1576, -1.076, -1.615, -1.839, -2.094, -2.627, -3.213, -3.625, -3.836, -4.016, -4.035, -3.66, -2.81, -1.502, -0.04703, 1.01, 1.274, 0.7935, -0.258, -1.393, -2.213, -2.602, -2.672, -2.674, -2.66, -2.672, -2.662, -2.615, -2.506, -2.357, -2.127, -1.885, -1.625, -1.392, -1.242, -1.123, -1.165, -1.194, -1.28, -1.523, -1.768, -2.094, -2.564, -3.05, -3.531, -3.889, -3.988, -3.805, -3.445, -3.164, -3.29, -3.967, -5.4, -7.383, -9.53, -10.766, -10.34, -8.36, -5.49, -2.312, 0.6875, 2.81, 3.57, 2.855, 1.277, -0.385, -1.365, -1.705, -1.526, -1.326, -1.362, -1.725, -2.305
