0.026670494591676683, 0.11798178383002994, 0.05777981198182967, 0.11985521786070767, 0.0046017854596565565, 0.007297035098083151, 0.2059968986168544, 0.44797798985557435, 0.010400964535250861, 0.011243787048542503, 0.19150086064655436, 0.35421398525187914, 0.29860615998859263, 0.17452091523904587, 0.026433052901753885, 0.06608645169175613, 0.023329123464586175, 0.0765326129025687, 0.02340169277464301, 0.16690941313071642, 0.18200828563280438, 0.020411709885722433, 0.0679337862337292, 0.02718293577234116, 0.02477541708256096, 0.64198376484488, 0.1489574209121835, 0.033193457049153614, 0.017223752826383654, 0.05659705954248233, 0.22900073333197532, 0.06178258234706973, 0.40383484243547696, 0.11598803752215274, 0.016724679676519118, 0.18783802020736998, 0.04742149783055957, 0.29371664358028965, 0.015189265853211382, 0.020115703489437982, 0.043663171457089894, 0.15344589639648815, 0.3689188191318164, 0.23949272779124484, 0.08491882422439959, 0.048510674054307305, 0.05176801755922674, 0.32973266484691693, 0.20088903770548572, 0.16420588804465178, 0.5860582897068709, 0.5464462681550589, 0.07127961337108635, 0.11414579556334155, 0.06025353425271435, 0.019087638263632845, 0.06876706015359231, 0.11013793261493961, 0.5708932136236785, 0.23737675948748244, 0.1858748293984641, 0.04772450652869161, 0.09546747367134505, 0.1166691705200546, 0.3853869599315557, 0.5398863844696584, 0.07745118759039335, 0.17478827585504472, 0.12982967855615082, 0.30487385671508016, 0.07134645352508606, 0.04700581572997087, 0.2466567191542238, 0.04956356562302663, 0.024864537287893913, 0.030911979792630013, 0.02790226314395714, 0.17940024648102504, 0.08161883033549938, 0.03766410849239168, 0.11641581450775092, 0.12973610234055122, 0.1983013688863539, 0.01972866716913487, 0.013377579393371494, 0.08250175694119084, 0.2185864007659245, 0.05327478560224889, 0.03725097268338392, 0.03621017599967408, 0.04731455358416003, 0.4283327137357153, 0.06419646676580229, 0.049469352834531785, 0.04065918396447414, 0.004300686480210222, 0.12665381638182152, 0.44919639037705483, 0.03346718339410482, 0.14602218329225317
0.0806404177955226, 0.3824580880405777, 0.3303794229084761, 0.18471053757307856, 0.07345987553726753, 0.09215984090770202, 0.023245095842415107, 0.09140995803711474, 0.13475866248395837, 0.33341078303558697, 0.601449349167872, 0.23937050579535965, 0.23448608197021859, 0.06087737569004502, 0.3685457874152085, 0.6595971002831477, 0.045047080931331605, 0.14040570063759142, 0.5561832871605793, 0.2873840164184881, 0.1516997769448575, 0.07076144303436475, 0.09711174145973804, 0.1506475219490334, 0.05311118636817339, 0.15024457130634944, 0.49761348821576257, 0.0741161821922552, 0.14813687845022508, 0.26962681550589723, 0.18044167973763012, 0.1353296683709845, 0.28618153021938847, 0.25322296856857673, 0.016018083762807847, 0.22893262003218512, 0.29951645922877923, 0.05752390967794504, 0.3244255566193396, 0.11918045059175816, 0.16536572385977064, 0.1513560275814304, 0.14501639811778128, 0.09336932940864924, 0.2729624574769306, 0.1955284573547086, 0.014905990914831638, 0.47375282638365485, 0.04101057220264407, 0.27658201095923896, 0.09252077773930048, 0.4925508239799556, 0.0905652258051374, 0.1902334440121407, 0.024464132936790856, 0.23925846896579822, 0.2758314915157565, 0.14572935976044488, 0.2688049998981483, 0.19994118066448024, 0.12806191562608218, 0.18860700026481433, 0.29488539141594183, 0.522411821922552, 0.02836505163879326, 0.060211520441628814, 0.01536877940966776, 0.13415073536900857, 0.00011712941272330978, 0.06635572202644069, 0.08348080605406286, 0.46750613656271006, 0.13429714713491273, 0.05437732985679656, 0.05633797437412153, 0.021272993012975902, 0.029104112770161537, 0.2239087867429875, 0.035713012568495246, 0.21397952272310608, 0.02934473732456051, 0.03964639648815465, 0.020725540323073475, 0.0011044539732333828, 0.1590426452913976, 0.008743328716057933, 0.010798186021877737, 0.3832213389419649, 0.3460951345460471, 0.14548809863315068, 0.10227880365036361, 0.3182196074636899, 0.0949932268643947, 0.07201167220060703, 0.2269656097859078, 0.13319714917194597, 0.18449410278869854, 0.1675408934427899, 0.16158384428917724, 0.07063667474689862
0.15302894115010898, 0.30759138640484, 0.028193813529974944, 0.0555403485363916, 0.031875114583121145, 0.07369604408139985, 0.10347046811024424, 0.1370102208144059, 0.23612716689413538, 0.26067469088020206, 0.19034038825854027, 0.016261891181682996, 0.1272617434967713, 0.1643593021124035, 0.07071115377564116, 0.056775299953148235, 0.1455963160253407, 0.05538184188547799, 0.1529550986942617, 0.35250987961133406, 0.3236489376871524, 0.3789938583447068, 0.07265906683506142, 0.0030631887718726445, 0.444150277036524, 0.2094407579800778, 0.27175233240308816, 0.40674716343117884, 0.413000218981076, 0.10487538449002873, 0.09062951966755617, 0.2501126734024567, 0.12698610743313438, 0.1679164714509788, 0.2924110325721619, 0.17312618402558513, 0.10673290419832555, 0.42916980709294983, 0.19058101281293924, 0.023847930374203012, 0.07114847935466787, 0.31877915503860177, 0.14030766841172515, 0.06944755657859893, 0.05503045364730806, 0.3507720356073415, 0.14511824978101892, 0.25680178138559, 0.12285029333279013, 0.07270044407325171, 0.17521223340327147, 0.023646136766413396, 0.24259029149946018, 0.1786707339430853, 0.11617009737019006, 0.04844192418162189, 0.06202893605752582, 0.1008535169379316, 0.09723841946588987, 0.174994525473101, 0.1969009085168361, 0.1833253549530464, 0.22244721537552709, 0.3925496781487442, 0.03705236194007048, 0.15859322482736143, 0.38579436658450633, 0.2944334246603247, 0.26451195229268093, 0.09208154244158807, 0.46877673606159986, 0.1942992350940091, 0.244677614022937, 0.27100244953250086, 0.041151254812491087, 0.31428049438797334, 0.35862034283269845, 0.12398021022183292, 0.02301592960013037, 0.11288283493919456, 0.21249630787720764, 0.34324710741276404, 0.0913246572691532, 0.43958604937768636, 0.04630876840968813, 0.013118494225010694, 0.07264951824163289, 0.28924535556415637, 0.15050365647471023, 0.04564291316127193, 0.13819106353506752, 0.24961614654417308, 0.3213400877961337, 0.019879534945305657, 0.09646625654396937, 0.08054174899676111, 0.20907218227373653, 0.016592909087205395, 0.1188481595404453, 0.3980846794728158
0.1253418396447414, 0.12439398260373592, 0.010563927196431117, 0.412683842252144, 0.12356643783992993, 0.03882012487013913, 0.17641217331079018, 0.114006386099285, 0.15530086981320404, 0.14457016051822127, 0.12608726650506202, 0.11220806767024505, 0.13732086838728078, 0.12758957853781752, 0.2374194098714632, 0.32729395408527023, 0.05289984416695525, 0.057937045486952804, 0.3336615927563097, 0.02816389460389888, 0.25723783381882626, 0.11360407202949624, 0.17256345358619707, 0.2055939479741704, 0.24088873215049603, 0.19042505245360658, 0.09162193681122813, 0.12068085290582795, 0.3081833991974089, 0.17312109144242324, 0.23351403515919414, 0.0265304485547249, 0.2493519687926504, 0.2629498024077733, 0.10603903974251899, 0.08069834592898902, 0.16725125277545783, 0.3244389246501395, 0.01592641726589395, 0.3763858191929274, 0.05620684035770304, 0.04095391721496812, 0.24482657208042208, 0.04309534843453994, 0.36272496486117617, 0.0057654407121468295, 0.09920924914953862, 0.01565141777515227, 0.09292245523619401, 0.07331155405267768, 0.010696334358640076, 0.05645955979711149, 0.1473704446843617, 0.19862602106292396, 0.26489707889429837, 0.008384938176040415, 0.27407136746043065, 0.24494688435762155, 0.1246798038336966, 0.10419616121081257, 0.0074332616976635225, 0.034327829948463055, 0.03979853741011591, 0.3045905817767004, 0.036225453749159725, 0.32423267503208325, 0.2689520482369477, 0.1512210741276405, 0.05814584139659001, 0.20142757837485487, 0.04829614898861299, 0.12393819641074738, 0.06615647471023202, 0.07558921187182986, 0.4809454635269194, 0.0001744209732944939, 0.13216144507139801, 0.18178293882789107, 0.16479344482695402, 0.2913091248905095, 0.15183918640891406, 0.2416475270416166, 0.35716259090260943, 0.13794343667882097, 0.024373739585667433, 0.11012392801124442, 0.03357349106760914, 0.2148147063616549, 0.014330529017538856, 0.0010859933592715569, 0.1014977287079098, 0.035133731233831046, 0.13233522947179727, 0.018055753600456297, 0.30595284777250414, 0.16612706504247216, 0.036062491087979466, 0.1080919873296531, 0.11930585545211954, 0.24798524678658002
0.04562699883889104, 0.11097184310769795, 0.03128819437371412, 0.16623146299729075, 0.12550480230592165, 0.16086833635493267, 0.11636425210323685, 0.03727961846366951, 0.1729205709804241, 0.13632208551465647, 0.09264872889124279, 0.15147570328573465, 0.03792764967101913, 0.15034960583406326, 0.05366564135992341, 0.044094767880059484, 0.0387997545374916, 0.08558531604571103, 0.12446273247642134, 0.0363222128292355, 0.15760971970422277, 0.2086864190992239, 0.09498877085412805, 0.23719724593102606, 0.094228702817217, 0.04655257582856328, 0.07942901957588967, 0.04284708500539814, 0.21363004420362183, 0.0684952435273268, 0.1855158022855513, 0.18521343016031452, 0.2562307754985639, 0.03382939337149376, 0.03753170133018272, 0.0677377217819967, 0.08915967285245768, 0.06231666700617221, 0.2008323827178098, 0.04880349758611558, 0.12648894400195554, 0.11529353649345093, 0.20214117659041372, 0.0007543388808539243, 0.0013527174023751807, 7.702532032348088e-5, 0.07631936098266484, 0.04851576663746919, 0.017309690167240432, 0.11454938277892078, 0.118044167973763, 0.10231572487828726, 0.07688973029679574, 0.05120210425536249, 0.024212050070277647, 0.13688226966246358, 0.21875318286447618, 0.16933220956998227, 0.0649183404289992, 0.10376711107942392, 0.11183503595363713, 0.28781242997698153, 0.03659784889287242, 0.2558373734493084, 0.006771225886618729, 0.15847545884174288, 0.14261588172984865, 0.12474346112322014, 0.2687540740665295, 0.009982736143081216, 0.06831063738770854, 0.41890697887596506, 0.01859365769693019, 0.2785299240186592, 0.16596664867287284, 0.060770431443645474, 0.08765990711128313, 0.15738309975351897, 0.03917533254568047, 0.04722543337882708, 0.2362786712432014, 0.16485773868937278, 0.25272962457476933, 0.2540218675520971, 0.05965197286671691, 0.06995617832189199, 0.01983752113422012, 0.14709799148520095, 0.19320051027683283, 0.17968097512782383, 0.08611430812165162, 0.0022833869752093053, 0.0280346703061661, 0.10190768165244138, 0.09636949746389359, 0.0003450225092175755, 0.0011872084496139823, 0.07953596382228922, 0.04346647043246216, 0.00015150434906602026
0.0008861094701676478, 0.0009873245605100732, 0.0, 0.0, 0.0005945590841498441, 0.007827300319814223, 0.056568413762196734, 0.005974236621784034, 7.575217453301013e-5, 0.0008300910553869344, 0.004943625104397955, 0.00038639974740787517, 0.0, 0.00874523843474364, 0.0, 0.0, 0.0004551496200932961, 0.0, 0.0, 0.00034756880079851705, 0.0009083895215008861, 0.0, 0.0, 0.06431805218879225, 0.07801964718583855, 0.08183908455725082, 0.0745407763133772, 0.0641391752052311, 0.08474376667820986, 0.11104059298038337, 0.06360890998350004, 0.031024653195086675, 5.792813346641951e-5, 0.0006620358110447943, 0.0003233790307795726, 0.0011044539732333828, 5.665498767594875e-5, 4.456010266647654e-6, 0.0, 0.0, 0.0, 0.0, 0.0, 0.00011076368377095598, 0.0, 2.8645780285592064e-5, 0.0, 0.004264401825181805, 0.02668067975800045, 0.02315915850155833, 0.027286060581369294, 0.02036269377278931, 0.00028263836548450837, 0.002303120734961602, 0.0005359943777881893, 0.0013960043592511865, 0.0004137723819029965, 0.0, 0.0, 0.0, 0.0, 0.000171238108818317, 0.003637377523374957, 0.1046500376851154, 0.0027977378745594915, 0.0, 0.0, 0.0, 0.0003768511539793445, 0.0, 0.0, 0.0, 0.0, 0.0, 0.0, 0.009780305962396365, 0.05938779511519423, 0.029843810474425046, 0.0036838473447271393, 5.474526899024261e-5, 0.0, 0.0, 0.0, 2.546291580941517e-6, 0.01792843902140922, 0.0061944908435354745, 0.002355319712370903, 0.0007944429732537532, 0.0, 0.0, 0.008518618484039845, 0.00169583019290705, 0.0005092583161883034, 0.002714346825283657, 0.0010719887555763787, 0.0027054348047503615, 0.023009563871178015, 0.051976813468863944, 0.0003494785194842232, 4.3286956876005784e-5
0.020407253875455788, 0.05713878307632764, 0.0004016774968935243, 0.0, 0.0008918386262247662, 0.00040867979874111346, 2.7372634495121304e-5, 0.0, 0.0, 0.0005258092114644232, 0.017090072518384226, 0.002382055773970789, 5.601841478071337e-5, 4.456010266647654e-6, 0.0, 0.0, 0.0004099529445315842, 2.6099488704650548e-5, 0.0, 8.721048664724695e-5, 0.007637601597034079, 0.00014895805748507874, 0.0, 0.0, 0.00047806624432176977, 0.0005913762196736673, 0.0, 2.6099488704650548e-5, 0.006331990588906317, 0.004983092623902548, 0.004606241469923204, 0.0003692122792365199, 0.0007135982155588601, 0.00022725652359903038, 0.0008173595974822269, 0.0005334480862072478, 2.2280051333238272e-5, 0.0, 0.0, 0.0, 0.0, 0.0, 0.0, 3.182864476176896e-6, 0.0, 0.02405036055488786, 0.0003482053736937524, 0.027981834755861565, 0.07273227271801348, 0.049809919333482715, 0.05384642806217026, 0.013563458678780225, 0.0032942647328430873, 0.004366890061314702, 0.003565444786213359, 0.014741118534965675, 0.004771113849789167, 0.0011407386282617994, 0.00021070562832291052, 4.9016112933124196e-5, 0.0, 3.883094660935813e-5, 0.0044095404452954715, 0.01183643641400664, 0.012619421075146157, 0.0026214071825792916, 0.0010299749444908435, 0.0013877289116131267, 2.9282353180827444e-5, 0.0001865158583039661, 6.365728952353792e-6, 3.182864476176896e-6, 0.0005086217432930679, 2.4826342914179788e-5, 0.0, 0.0, 0.0, 0.0, 0.0, 0.0, 0.0, 0.0, 0.0, 0.0, 0.0, 0.00039340204925546434, 0.0012731457904707583, 0.0, 0.0, 0.0, 0.00021452506569432278, 0.03706827626245136, 0.00538095068342466, 0.029992768531910127, 0.026849371575237823, 0.07859892852050274, 0.07838313030901795, 0.03719813713307938, 0.06665936729746796, 0.002198722780143
0.007826027174023751, 0.018295741581960033, 0.03232835448452873, 0.0003647562689698723, 0.0001776038377706708, 1.591432238088448e-5, 0.006084363732659755, 0.0049538102707217205, 0.008020181907070543, 0.06397875883563178, 0.035595246582876695, 0.01195929498278707, 0.0027474486158358966, 0.024318357743781955, 5.792813346641951e-5, 0.0, 0.0011840255851378054, 3.182864476176896e-5, 0.00019988388910390908, 0.00039085575767452285, 0.005452883420586258, 0.0002177079301704997, 0.00011140025666619136, 0.005051205923692734, 0.0010363406734431974, 0.0, 8.530076796154081e-5, 0.005795996211118128, 0.054740176407080725, 0.006030255036564747, 0.013418956631561793, 0.035025513841641036, 0.0020102972031533274, 0.01828937585300768, 0.0005499989814833677, 0.018621666904320548, 0.0, 0.033895596952598236, 0.03390960155629341, 0.030589237334745677, 0.0025240115296082783, 0.006298888798354077, 0.04617190523721253, 0.0, 0.0010999979629667353, 0.03277777494856491, 0.012467280153184901, 0.025471827829948463, 0.015014208307021654, 0.008213063494326862, 0.03884622435884378, 0.08833340123444215, 0.0853294137418264, 0.002722622272921717, 0.020668885335397527, 0.006284247621763664, 0.04060252897679819, 0.027022519402741845, 0.014057439245482879, 3.182864476176896e-6, 0.000300462406551099, 0.03566781589293353, 0.050177858466928765, 0.07574007964800065, 0.04609360677109857, 0.003762145810841091, 0.02149897639078446, 0.007698076022081441, 0.0001502312032755495, 9.421278849483613e-5, 0.0, 1.4641176590413722e-5, 0.028953881566885987, 0.007643330753091198, 0.00020561304516102748, 0.0, 0.0, 0.0, 0.0, 0.0, 1.2731457904707585e-6, 0.0, 0.0, 0.0, 0.0, 0.0018155058972113014, 0.0007976258377299302, 0.0, 0.0, 0.0, 0.00048825141064553584, 0.005303288790205944, 0.009692458902853883, 0.0010872665050620277, 0.0996714010714795, 0.03581104479436149, 0.023758173595974822, 0.07919667046912876, 0.043438461225071806, 0.010766993950011204
0.046043317512374976, 0.0023470442647328432, 0.04470778757817115, 0.02099481065775804, 0.01371432645495101, 0.016249796296673526, 0.021175597360004888, 0.03452389440019556, 0.028235190768165244, 0.02299110325721619, 0.027657819152186756, 0.006695473712085718, 0.00019415473304679065, 0.0020994174084862805, 0.05670209407019616, 0.024028080503554622, 0.0049709977388930765, 0.007531293923529771, 0.00260230999572223, 0.006691654274714306, 0.017254944898250187, 0.027965283860585444, 0.018908761280071705, 0.020611593774826343, 0.009761208775539305, 0.02684555213786641, 0.0018766168951538978, 0.014214672750606018, 0.05184886231692164, 0.04532971929681612, 0.045274974027825876, 0.03118125012731458, 0.052230169481167626, 0.049655232119940516, 0.00029155038601780367, 0.036550742498625, 0.0036405603878511337, 0.03851456988042615, 0.041008025911063124, 0.06269415473304679, 0.02733316697561671, 0.04977872726161618, 0.08085303314253121, 0.004481473182457069, 0.0580611772015237, 0.0222679564482288, 0.036220997738893077, 0.075213633863641, 0.10091526450876943, 0.008789798537410116, 0.07453695687600578, 0.018164607565541547, 0.055160951090831314, 0.004622155792304088, 0.09308860076185044, 0.0029791611497015746, 0.03899008983316698, 0.033064869324316064, 0.1068398484447251, 0.03246840052148051, 0.04306924894583528, 0.0258467692652421, 0.017628613187753356, 0.02973177364486362, 0.033589405389990015, 0.0029205964433399196, 0.009930537165671915, 0.011929376056711006, 0.028985710211647756, 0.004470014870342833, 0.03571746857876189, 0.0, 0.011921100609072945, 0.006997845837322524, 0.01282567069320242, 0.04528133975677823, 0.023267375893748346, 0.0, 0.016505698600558148, 0.029703764437473263, 0.01277474486158359, 0.013836548450836202, 0.008228341243812512, 0.0, 0.0024514422195514455, 0.008505250453239901, 0.0, 0.0, 0.0, 0.0, 0.010283198549632316, 0.020931153368234503, 0.03626237497708337, 0.027158746002322216, 0.054193996862968774, 0.01771200423702919, 0.03715866961357479, 0.0009478570410054796, 0.04173499215742193, 0.0638565368397466
0.012201192682976513, 0.010849111853496568, 0.01855546332321607, 0.026660945998248153, 0.016137759467112097, 0.013667856633598827, 0.07767144181214479, 0.013609291927237172, 0.013319651259905075, 0.013964499602778513, 0.018468889409464055, 0.027566789228168097, 0.012630242814365158, 0.024207594060011, 0.0053268419873296535, 0.0067387606689617244, 8.211790348536392e-5, 0.034786799005927765, 0.011705302397588152, 0.04751316432747347, 0.040720294962416734, 0.04546912876087267, 0.02518027744393066, 0.010405420545517508, 0.006585983174105233, 0.0006270243018068485, 0.01508232160681184, 0.017573231345867878, 0.016247886577987817, 0.024926284858731742, 0.04936495487971319, 0.06118038438817706, 0.058996939357519707, 0.02007177995966674, 0.0, 0.09499831944755657, 0.027604347028986984, 0.08558149660833961, 0.018564375343749363, 0.0372847110468314, 0.13540987655578415, 0.07402196940376037, 0.07954232955124158, 0.0021108757206005175, 0.028944969546352693, 0.07513469882463181, 0.017456101933144567, 0.006009884703917215, 0.03276568006355544, 0.0006633089568352651, 0.10685385304842028, 0.0352514972194496, 0.0682323389215946, 0.06365792609643316, 0.023980974109307204, 0.0205262930068648, 0.024336181784848546, 0.041551022590698906, 0.037177766800431854, 0.05092010246277322, 0.01506577071153572, 0.0064809486463913955, 0.010403510826831802, 0.01963700067222098, 0.02871962274143937, 0.00951803792955939, 0.028794101770181907, 0.05350331527163839, 0.028237737059746186, 0.07987780346703062, 0.06761295349453056, 0.005543913344604918, 0.04795749220834776, 0.03897162921920515, 0.027451569534130492, 0.06381197673708011, 0.03398471715793119, 0.12843367419689963, 0.09793101077590598, 0.007497555560082296, 0.007602590087796133, 0.041037308264243955, 0.012478738465299139, 0.027809960074148012, 0.024276980505591655, 0.015549566111914607, 0.000869558574891528, 2.4189770018944408e-5, 0.01926842496587969, 0.0, 0.0342368000244444, 0.09852047727689393, 0.06142100894257603, 0.06867921309404983, 0.06128223605141472, 0.020771373571530423, 0.07408944613065531, 0.003704854250269907, 0.044549917500152775, 0.016745686582061884
0.13666583487808356, 0.1062981249108798, 0.01671449451019535, 0.022046429080686887, 0.010156520543480475, 0.03633176142266403, 0.04103858141003443, 0.01917230245869915, 0.010486901876107638, 0.03964766963394512, 0.016228789391130757, 0.015614496547228617, 0.03606121794218899, 0.0020758642113625717, 0.02097698661669145, 0.016182319569778576, 0.04915552239718075, 0.044390774276343935, 0.01677815179971889, 0.08457316514228677, 0.005116136359006742, 0.03997741439367705, 0.04413232568087837, 0.061584608176651526, 0.033711627385875215, 0.03896908292762421, 0.0543365891915015, 0.019539605019249964, 0.03934911694607973, 0.0489747356949339, 0.004625975229675501, 0.018843830844757693, 0.10649418936261229, 0.021301638793261492, 0.0106103970177833, 0.008626835876229859, 0.017232028274021715, 0.009856694709824611, 0.020615413212197755, 0.057566560061925814, 0.19623441669552463, 0.04638706687580208, 0.03483454197307042, 0.12265741174553381, 0.00672284634658084, 0.030395719174594122, 0.0715667077468375, 0.03718476910227944, 0.02322090607239616, 0.052683409382575215, 0.055647929355686375, 0.09908511743496771, 0.004164459880629851, 0.029565628119207186, 0.02010106231284757, 0.019032892994642604, 0.03416995987044468, 0.042791066590617426, 0.07083401234442159, 0.1017873693752419, 0.006952649161760811, 0.005799179075594304, 0.043628796520747186, 0.03685056833228086, 0.013080936424191806, 0.028246012507384247, 0.0235850257684708, 0.07212943818622558, 0.022717376912264976, 0.011311263775437452, 0.06267569411908497, 0.03150972174125603, 0.027714474139862704, 0.003008443502882402, 0.07734169705241287, 0.0762232384754843, 0.06432696420932554, 0.035491485200953334, 0.09242911124238659, 0.07028719622741439, 0.018017559226742173, 0.031803181845959545, 0.008201605182212626, 0.08566934366788209, 0.023021658756187488, 0.017680175592267422, 0.06604125501619441, 0.05383496975005602, 0.01599516713857937, 0.0, 0.06288767289319834, 0.04132312949420464, 0.002058040170295981, 0.07416965431545497, 0.18112790531869385, 0.06978239392149274, 0.14413410808498503, 0.07927433236234747, 0.03902573791530016, 0.07365657656189525
0.04398336762339329, 0.10421589497056487, 0.057175067731356055, 0.029513429141797887, 0.052839369741907886, 0.006299525371249313, 0.0385514911083498, 0.06334091279460594, 0.012395983988918538, 0.06903633048827687, 0.0028410248314354974, 0.06009630074759121, 0.017421090423906622, 0.006881989570389684, 0.014257323134586788, 0.036488358354891934, 0.05310736693080198, 0.0011439214927379765, 0.06176603145179361, 0.037656469617648854, 0.028627956244525472, 0.022257771281905033, 0.04167069829500316, 0.018987696319080892, 0.0323493613900715, 0.021921660793220752, 0.06598205373693752, 0.03771185145953433, 0.021367205801470737, 0.0032777138375669674, 0.08698577641522887, 0.009448014911083498, 0.056938262614328494, 0.043500208795909635, 0.007187544560102666, 0.01067787374467825, 0.06963980159296002, 0.01088603308142022, 0.027090632702532032, 0.07616658348780836, 0.10574048705465361, 0.01756877533560123, 0.004165733026420321, 0.04943052188792243, 0.005260001833329938, 0.025832128088651686, 0.018489896315006825, 0.06186724654213603, 0.0006499409260353222, 0.08150806665172843, 0.08433572345236398, 0.036113416919598296, 0.02659092297977226, 0.037569259131001606, 0.042799342038255486, 0.03222586624839584, 0.0024870903016846265, 0.01404216149599723, 0.017420453851011385, 0.03183182762624514, 0.06519461306553136, 0.043354433602900734, 0.03561434376973376, 0.07979441241775478, 0.038216653765455987, 0.009889159927481616, 0.002521465238027337, 0.009180017722189404, 0.14702032959198225, 0.027463027846244728, 0.054856032674013566, 0.15431163553400826, 0.04019193945937137, 0.013274454584343362, 0.003562898494632417, 0.13956606098877594, 0.16238847242875476, 0.013650032592532236, 0.006116192377421523, 0.03993858344706769, 0.01949058890631684, 0.011621911348312319, 0.005489168075614675, 0.0428770039314742, 0.03106794015196268, 0.034012726365321544, 0.1565937493634271, 0.15343189179279298, 0.087153831659571, 0.03873737039375853, 0.052581557719337556, 0.0424415880711332, 0.014531049479538, 0.050755230082907256, 0.16215357703041292, 0.12232257440264, 0.05072085514656454, 0.03844263714326455, 0.0477926198284818, 0.03967822513291642
0.10558579984111141, 0.10497341671589497, 0.029310998961113034, 0.03383766881913182, 0.09813025809211465, 0.043698819539223076, 0.005351031757348598, 0.038229385223360696, 0.06722973661159887, 0.09960519749037501, 0.009906347395652972, 0.025334328084577622, 0.0068100568332280864, 0.027076628098836854, 0.01997438430669573, 0.06631943737141227, 0.05194753111568312, 0.041517284227251434, 0.01605054898046485, 0.0260536554561936, 0.016179136705302397, 0.04800841803996659, 0.07931125359027114, 0.017564955898229817, 0.09074919537186042, 0.07761733311604979, 0.05685168870057648, 0.02058485771322646, 0.022049611945163066, 0.01269199038520299, 0.06146938848261392, 0.023913497382412253, 0.04827641522886069, 0.027156199710741277, 0.02341124136807154, 0.019005520360147483, 0.020360147481208367, 0.14750921757552302, 0.07283794381862256, 0.04002006477765782, 0.012849223890326129, 0.023236820394777046, 0.18200828563280438, 0.040873709030168466, 0.031600115092379456, 0.03166186266321729, 0.011730128740502332, 0.03379183557067487, 0.0691553696196859, 0.01801819579963741, 0.007648423336253081, 0.05547159866370618, 0.05835527387912245, 0.032025345786396694, 0.08031385590026685, 0.026688318632743274, 0.05987031736978265, 0.11856106516469414, 0.03848528752724532, 0.030016958301929072, 0.04363197938522336, 0.014416466358395632, 0.027946186673728383, 0.01030038601780367, 0.08175378378928928, 0.0687021297182783, 0.07763834002159255, 0.08424342038255485, 0.18054989712982014, 0.18665526776802266, 0.09050538795298527, 0.15807505449063983, 0.011382559939703815, 0.0583616396080748, 0.06604125501619441, 0.020691801959626, 0.08176969811167016, 0.07245154407121468, 0.10020293943900103, 0.009454380640035853, 0.058307530911979794, 0.01439354973416716, 0.02815434601047035, 0.057113956733413455, 0.096787089283168, 0.10245004175918193, 0.049746262043959176, 0.05583699150557129, 0.07007585402619625, 0.053478488928724206, 0.06586365117842374, 0.12959669287649467, 0.025256666191358905, 0.060093754456010263, 0.092825059583223, 0.027503131938644558, 0.009568327188282984, 0.07118858344706769, 0.06994217371819682, 0.07053036707339431
0.16382712717198672, 0.02961846366951172, 0.0694093622048848, 0.03887232384754843, 0.051246664358028965, 0.021815353119716444, 0.027151107127579392, 0.02358757206005174, 0.1004505662952476, 0.019364547473060236, 0.0816786681876515, 0.06680195962600069, 0.04407630726609765, 0.06213078772076348, 0.0038703632030311053, 0.022994922694587604, 0.07061757756004156, 0.005831644293251309, 0.003655838137336783, 0.10652347171579311, 0.016184865861359515, 0.041322492921309406, 0.10066572793383716, 0.013910390906683506, 0.03938985761137479, 0.13227666476543562, 0.01261496506487951, 0.03432082764661547, 0.011949746389358537, 0.04308198040373999, 0.08447004033325864, 4.2650383980770404e-5, 0.033239926870505795, 0.08947923244586584, 0.01812704976472266, 0.030372165977470413, 0.0248301623515512, 0.025245844452139902, 0.01720210934794565, 0.05852778513373123, 0.14407108736835672, 0.06402331893829827, 0.06529964759324519, 0.1443492697235746, 0.03234681509849056, 0.03975143101586849, 0.0070837831781793, 0.033448722780143, 0.044238633354382675, 0.039674405695545006, 0.06766324275325417, 0.04067573485975026, 0.0013909117760893036, 0.028249195371860422, 0.004342700291295757, 0.051578955409341834, 0.06191117007190727, 0.007827300319814223, 0.04925864720620888, 0.0927442148255281, 0.024961932940864923, 0.025699084353547494, 0.06077934346417877, 0.1852509879611334, 0.0370491790755943, 0.03591098673891344, 0.023522005051842498, 0.06615774785602249, 0.15463310484610213, 0.11669017742559736, 0.07728504206473692, 0.15205116518302744, 0.10407521236071784, 0.07823862826179952, 0.13793961724144954, 0.1264520227740319, 0.02093178994112974, 0.09805004990731499, 0.025413899696482042, 0.08863259049520279, 0.05195453341753071, 0.020202277403189993, 0.1404088835020676, 0.034066835061416556, 0.017674446436210304, 0.10571375099305372, 0.20013406225173658, 0.11513884927990874, 0.12253009716648673, 0.11224562547106394, 0.021538443910289053, 0.06951439673259864, 0.057953596382228925, 0.0874434723269031, 0.036932049662870996, 0.12254155547860096, 0.10152828420688109, 0.007011213868122467, 0.14172340653072865, 0.13018233994011122
0.29478099346112324, 0.11002334949379723, 0.04155420545517508, 0.04124801389256687, 0.11387015949970462, 0.11603005133323827, 0.03718795196675562, 0.01872033570308203, 0.03243529873092828, 0.00653123790511499, 0.0018880752072681346, 0.012159178871890977, 0.023966969505612026, 0.03693586910024241, 0.021560723961622293, 0.01655917072375792, 0.011433485771322647, 0.08734798639261779, 0.015338860483591697, 0.06303153836752154, 0.013938400114073863, 0.11855469943574179, 0.062443981585219285, 0.12544178158929337, 0.03167077468375058, 0.15024775417082561, 0.02060650119166446, 0.09651399951111202, 0.024012166181173737, 0.10570038296225377, 0.04655257582856328, 0.05165534415677008, 0.1076406571469312, 0.004158094151677497, 0.0385623128475688, 0.03780606424802917, 0.04012446273247642, 0.06814640158073781, 0.013585102157218228, 0.06886509237945855, 0.12844513250901388, 0.04371027785133731, 0.05934896416858487, 0.014994474547269357, 0.10809898963150068, 0.0896943940844554, 0.13551554765639323, 0.018849560000814815, 0.017033417530708278, 0.054202908883502064, 0.02590215110712758, 0.006046169358945632, 0.013450148703428326, 0.09864333584567436, 0.08600545415656638, 0.07220200749628242, 0.02018890937239005, 0.07581137581226702, 0.07905216842191033, 0.01929070501721293, 0.095056247581023, 0.04693706585728545, 0.06106134525676804, 0.08502831476238007, 0.08372970605609989, 0.012737187060764703, 0.04837253773604123, 0.07777838605854434, 0.08925643193253346, 0.20553029068464687, 0.15600046342506774, 0.10608041698070929, 0.10221641950663055, 0.11303561243405105, 0.07292642745106027, 0.12086291275386526, 0.13437162616365525, 0.005175337638263633, 0.15688848261392108, 0.24338664419139966, 0.10338962335254935, 0.03398471715793119, 0.023462803772585607, 0.007722902364995621, 0.015573119309038317, 0.13542388115947934, 0.1124499653704345, 0.19609437065857285, 0.014482033366604877, 0.070359128964576, 0.020724267177283005, 0.016424853842863255, 0.11341691959829704, 0.008199058890631683, 0.29093800289258726, 0.19556728830131795, 0.0384362714143122, 0.03416423071438757, 0.035127365504878695, 0.04712994744454177
0.21857175958933409, 0.008254440732517162, 0.024629641889552058, 0.06862701411664053, 0.11951656108044244, 0.012660798313336457, 0.007268389317797559, 0.2114593306308692, 0.07657717300523517, 0.06145411073312827, 0.06151649487686134, 0.02631656006192581, 0.03107748874539121, 0.02040534415677008, 0.0650641156220081, 0.026177787170764497, 0.05743669919129779, 0.04141288627243283, 0.09519056446191766, 0.10971715793118901, 0.014194938990853721, 0.07128725224582917, 0.004566137377523375, 0.08045262879142816, 0.012945346397506672, 0.1513757613411827, 0.03558506141655293, 0.03474796805931841, 0.13379552769346723, 0.15284815444786212, 0.027687101505367583, 0.09313188771872645, 0.08736772015237008, 0.13000600924813102, 0.029181774663380254, 0.07750465971359312, 0.008266535617526634, 0.11756801144812695, 0.19996155099712778, 0.1982599916481636, 0.03495230795868896, 0.04010982155588601, 0.052547819355890084, 0.01152387912244607, 0.0008816534599010001, 0.23171508015725897, 0.0628093744270844, 0.03804605222953291, 0.010796912876087266, 0.09641915014972194, 0.12085209101464627, 0.14033758733780122, 0.0706309455908415, 0.06890519647185839, 0.1621249312501273, 0.052545909637204374, 0.017160095536860116, 0.10197070236906969, 0.012846677598745188, 0.06702985272249495, 0.11345256768043022, 0.007190090851683608, 0.0054210547758244895, 0.11526361756737488, 0.055649839074372084, 0.01394158297855004, 0.004921345053064716, 0.05321494775009676, 0.10211074840602147, 0.04857878735409749, 0.014191119553482309, 0.0012362245625471063, 0.19821033896233525, 0.048603613697011674, 0.10027168931168647, 0.10659094844268807, 0.06108044244362511, 0.08942894318714224, 0.04992768531910126, 0.13657034894379824, 0.15439693630196982, 0.2132818388299281, 0.1236109979425964, 0.11674364954879714, 0.021658756187488543, 0.019398922409402945, 0.04295148296021674, 0.0358454197307042, 0.05158341141960848, 0.002760180073740604, 0.09425098286855024, 0.036762721272738386, 0.12171592043348067, 0.041399518241632884, 0.05778172170051537, 0.08852437310301277, 0.05646910839054002, 0.003725224582917439, 0.005854560917479782, 0.07983324336436413
0.19444055427675133, 0.06971364404880731, 0.1046213919048298, 0.009581695219082928, 0.10224188242243996, 0.11695371860422481, 0.05196217229227353, 0.12393055753600456, 0.13057192255199526, 0.06118993298160559, 0.17985539610111834, 0.14474076205414435, 0.008311095720193111, 0.11835035953637123, 0.03642597421115887, 0.09468830844757695, 0.04076294534639751, 0.0341648672872828, 0.07414737426412173, 0.07338412336273452, 0.05377194903342772, 0.16328413049235094, 0.1628499877778004, 0.13194755657859894, 0.06733158827483653, 0.21422333014198122, 0.013147776578191522, 0.06822215375527083, 0.13128424762176366, 0.07476548654539529, 0.06282974475973192, 0.10606322951253794, 0.07746009961092665, 0.0416643325660508, 0.14425187407060358, 0.04739412519606445, 0.07551982542624922, 0.11423427919577926, 0.07188117475708378, 0.04628075920229777, 0.007596860931739015, 0.00690872563198957, 0.0711402039070298, 0.24986759283779103, 0.029718405614063678, 0.10441386914098308, 0.07831056099896111, 0.0057635309934611235, 0.280955266749506, 0.1023558289706871, 0.13737625022916625, 0.003977944022325885, 0.04725662545069361, 0.03662140208999613, 0.006549061946181581, 0.15047819355890082, 0.17246032877716894, 0.09386649283982808, 0.11870365749322687, 0.04337225764396733, 0.0024686296877228005, 0.11516367562282293, 0.11571431117720152, 0.07813741317145709, 0.15028976798191115, 0.0498869446538062, 0.018198982501884255, 0.020810841091035016, 0.15961683404289992, 0.06770271027275876, 0.03300821433664012, 0.08399643009920352, 0.08013688863539141, 0.11030917072375791, 0.12292031635126602, 0.03814981361145627, 0.024977210690350575, 0.07184807296653155, 0.18915954553787864, 0.08136802061477665, 0.006845704915361268, 0.17911442525106436, 0.14812032755494897, 0.05370701859811371, 0.0017639434926972357, 0.0436956366747469, 0.0004888879835407712, 0.15381447210282945, 0.13165027703652402, 0.20103353975270416, 0.05949664908027948, 0.1786204446843617, 0.021973223197734818, 0.14805348740094926, 0.048694643621030334, 0.034590097981300034, 0.0477206870913202, 0.010177527449023243, 0.021797529078649854, 0.20883856002118514
0.0016219877370597462, 0.013125496526858283, 0.13963481086146137, 0.10802323745696767, 0.29515593489641684, 0.21978570410054796, 0.2919195982970402, 0.08988727567171172, 0.09212100996109267, 0.014773583752622681, 0.07918775844859546, 0.012810392943716772, 0.031646584913731644, 0.16165641359923408, 0.04766530524943472, 0.04623556252673606, 0.06006065266545803, 0.08592078996150007, 0.10008453688048725, 0.11989595852600272, 0.11661060581369294, 0.04843173901529812, 0.0692852304903139, 0.015038398077040598, 0.004780025870322463, 0.001322798476299118, 0.09945814915157565, 0.01599516713857937, 0.08460690350573424, 0.05097039172149681, 0.21446522784217067, 0.03176880690961684, 0.16916479089853537, 0.12247153246012507, 0.0003093744270843943, 0.12443726956061192, 0.07812149884907621, 0.19654888370577092, 0.022487574097085006, 0.1189130899757593, 0.09484172251532867, 0.05738768307836467, 0.10031306654987676, 0.01970256768043022, 0.08232542624921065, 0.09124826852172496, 0.004920071907274246, 0.1752682518180522, 0.3805744688435762, 0.06102951661200627, 0.013080936424191806, 0.07392202745920841, 0.24138271271719866, 0.07623278706891283, 0.08160355258601373, 0.017288683261697663, 0.14412710578313745, 0.054682884846509544, 0.08881465034324011, 0.20150587684096882, 0.06622904402028885, 0.04412723309771648, 0.054646600191481126, 0.19648140697887598, 0.0021618015522193476, 0.1077756106007211, 0.14746656719154225, 0.11584799148520096, 0.12693136216414413, 0.0830046495284268, 0.19073060744331954, 0.0444442463995437, 0.12440353119716445, 0.05175592267421727, 0.19348187549652685, 0.05878241429182539, 0.048828960501925, 0.00017824041066590618, 0.07844360473406531, 0.0717105732211607, 0.08172641115479416, 0.14064059603593326, 0.10533499012038866, 0.13883081929477908, 0.023994342140107146, 0.038089339186408916, 0.032759314334603086, 0.008146223340327148, 0.03329594528528651, 0.039689046872135425, 0.014844879916889042, 0.02899207594060011, 0.0037997036116599785, 0.09023229818092929, 0.07611183821881812, 0.12313611456275081, 0.22327030412906643, 0.023327850318795706, 0.07400860137296042, 0.06538749465278768
0.0644771954126011, 0.03790664276547636, 0.04863862520624962, 0.06850542869365056, 0.19825744535658268, 0.08031512904605732, 0.04050067731356053, 0.09769993481493552, 0.1698828451243609, 0.041593672974679675, 0.16735055814711455, 0.10057533458271374, 0.19964581084109104, 0.09900108981279665, 0.02046454543602697, 0.10953064207288506, 0.15601637774744861, 0.15018918946446397, 0.036123602085922066, 0.058366732191236684, 0.036975336619747, 0.07826791061498034, 0.23920690656128415, 0.13470646350654905, 0.15442112607198877, 0.08295372369680797, 0.038394257603226664, 0.04329714204232955, 0.09459282251329164, 0.04023840928072355, 0.12846932227903282, 0.011688114929416798, 0.08189446639913629, 0.028452262125440508, 0.028344044733250494, 0.01159963129697908, 0.16054814018862928, 0.012491469923203847, 0.08364058585076695, 0.051230113462752844, 0.001802774439306594, 0.23744041677700597, 0.06091557006375914, 0.1535776669858019, 0.13611010674054308, 0.13235878266892098, 0.12237795624452548, 0.011637189097797967, 0.2048701645922878, 0.11135442341773441, 0.03770548573058198, 0.006240960664887657, 0.20760424517732373, 0.002821927644578436, 0.1092849249353242, 0.08361512293495753, 0.07344905379804852, 0.014197485282434662, 0.08687437615856267, 0.08605510684239473, 0.019325079953555643, 0.09289762889327982, 0.05594266260618036, 0.2211524261066183, 0.11022386995579637, 0.0871302784624473, 0.1315923489030576, 0.302539543908252, 0.15829849157686746, 0.013597833615122935, 0.08120569452649162, 0.09016927746430099, 0.042616009044427694, 0.013637301134627529, 0.040522957364893766, 0.04412659652482125, 0.14535059888777985, 0.09699206575543379, 0.1426260668961724, 0.334130110407203, 0.2732992045385101, 0.06579744759731926, 0.009202934346417876, 0.05801025136990487, 0.10033407345541953, 0.11336344747509727, 0.004048603613697012, 0.08276975413008494, 0.04608915076083193, 0.13108818317003115, 0.07493799780000407, 0.13719864639139556, 0.11360789146686766, 0.05616164368214133, 0.13165791591126683, 0.07063603817400338, 0.08303393188160763, 0.012136262247662505, 0.08764844879916889, 0.03194832046607321
0.059728998187040395, 0.1759646625654397, 0.1536247733800493, 0.010383777067079505, 0.12955085962803772, 0.05525261758774521, 0.0291034761972663, 0.0041555478600965555, 0.037190498258336556, 0.0686983102809069, 0.0799783819844778, 0.08356101423886252, 0.13961507710170906, 0.29021612922939033, 0.06685734146788617, 0.10621282414291826, 0.024824433195494083, 0.07325489906500172, 0.07352098653521012, 0.0581114664602473, 0.055990405573323014, 0.19754321056812857, 0.2740058004522214, 0.10220878063188772, 0.08295881627996986, 0.03746804404065918, 0.08364949787130024, 0.0917708948687132, 0.015447077875781711, 0.08558977205597768, 0.10270021490700944, 0.01587294514269418, 0.08173277688374651, 0.11170390193721863, 0.10591236173636716, 0.15670196675561712, 0.07994909963129698, 0.1166819019779593, 0.15073409586278544, 0.007274118473854678, 0.05681158460817665, 0.0565263999511112, 0.020186363080809108, 0.1225797498523151, 0.015344589639648815, 0.045613630808091096, 0.19726566478580596, 0.05346703061660997, 0.14835013037012895, 0.21789508260169888, 0.040980653276568, 0.011848531299016113, 0.08175696665376546, 0.21110985211138497, 0.03419987879652075, 0.03375300462406551, 0.021094752602309995, 0.006254965268582836, 0.016190595017416633, 0.22347464402843698, 0.10714094742417143, 0.009897435375119676, 0.07504175918192744, 0.05926429997351857, 0.11616755107860911, 0.10838226456988043, 0.11450991525941619, 0.20525592776680043, 0.12169682324662362, 0.13950049398056671, 0.022582423458475078, 0.055328369762278215, 0.31146111303497587, 0.03810398036299933, 0.06655496934264936, 0.05728455826933654, 0.08659810352203051, 0.15941758672669123, 0.24036928866798396, 0.11010928683465401, 0.051978723187549654, 0.06303090179462631, 0.10290264508769428, 0.05674729074575788, 0.01176068423947363, 0.01552855920637184, 0.07042851541015664, 0.021215701452404718, 0.14566060988775947, 0.021640932146421953, 0.05177056385080769, 0.10237428958464892, 0.15123062272106905, 0.10578250086573913, 0.07899360371554867, 0.07592022977735226, 0.05317802652217311, 0.03883794891120572, 0.0322971624126622, 0.06838066040618443
0.11619683343178994, 0.07110200953331568, 0.06027390458536188, 0.050144120103481286, 0.025870959035261046, 0.06585537573078569, 0.0547828267910615, 0.01850835692896865, 0.01079500315740156, 0.08870643295105009, 0.08507542115662749, 0.12691162840439185, 0.014410737202338514, 0.15396215701452404, 0.14714000529628649, 0.016645108064614694, 0.06247517365708582, 0.11128376382636329, 0.060508163410808495, 0.07392330060499888, 0.07787832800309628, 0.09189884602065551, 0.05943999409260353, 0.08991146544173066, 0.23522896253895825, 0.11673282780957812, 0.10955037583263735, 0.03902510134240492, 0.037820705424619586, 0.01025646248803243, 0.04939232751420831, 0.08297855003972215, 0.0990380110407203, 0.05357970401906663, 0.029649655741378258, 0.032891084923916805, 0.15078247540282333, 0.08897315699415372, 0.018866110896090933, 0.002133792344828991, 0.07627925689026502, 0.052037924466806544, 0.11690151962681551, 0.1989201177405227, 0.02065360758591188, 0.02003040272147644, 0.0417992860198407, 0.0040651545089731315, 0.06467962559328594, 0.014156744617139599, 0.0011127294208714427, 0.02759670815424416, 0.06420728850502129, 0.04485738220855147, 0.16505125684952435, 0.056751746756024526, 0.061356078507262025, 0.010153974251899534, 0.040379091890570575, 0.2881746399543705, 0.0892392444643621, 0.07896241164368215, 0.06893320567924874, 0.01662664745065287, 0.022666451080646147, 0.033965619971074126, 0.3929424436251044, 0.20076872542828625, 0.06723100975738934, 0.0365921197368153, 0.1688541433256605, 0.16735374101159073, 0.011972663013587011, 0.05623612271088387, 0.17364053492493534, 0.06482349106760914, 0.15233571326719766, 0.0836794167973763, 0.19474801898515004, 0.19813522336069747, 0.0033992992605569247, 0.07627607402578884, 0.023031843922511255, 0.09283524474954676, 0.0320075217453301, 0.01838740807887393, 0.05567339227149579, 0.06828390132610866, 0.022046429080686887, 0.015836023914770528, 0.0415293791122609, 0.01653561752663421, 0.02583467438023263, 0.05027461754700454, 0.11058417021449961, 0.055268531910126095, 0.060861461367664134, 0.12920265425434396, 0.08596407691837608, 0.026522809679982075
0.08269973111160905, 0.08456425312175347, 0.07730859526186062, 0.12299415880711333, 0.07818579271149498, 0.04288082336884561, 0.040260689332056794, 0.013652578884113177, 0.15248403475178748, 0.030932986698172783, 0.0627807286467988, 0.026970956998227782, 0.12938025809211465, 0.03163449002872217, 0.10772532134199751, 0.044449975555600825, 0.02991510663869141, 0.10466722515328675, 0.06898540465665805, 0.011019076816524413, 0.21042426310321646, 0.09631475219490335, 0.1355441934366788, 0.07918903159438594, 0.13584338269743945, 0.04142116172007089, 0.10576340367888208, 0.14902808050355462, 0.16576803792955938, 0.26293579780407816, 0.3157853527123098, 0.1468796469821352, 0.07514615713674604, 0.03951844533621234, 0.08143358762298589, 0.07163227475504674, 0.07647786763357846, 0.07625506712024607, 0.018094584547065654, 0.008414220529221242, 0.1586123220142185, 0.0809230561610071, 0.1390179717259783, 0.0027461754700454258, 0.023175072823939213, 0.03195659591371127, 0.04428001059257298, 0.04514320343851215, 0.24437078588743355, 0.05366436821413294, 0.2433840978998187, 0.09125272453199161, 0.030206657024709215, 0.09428472123199771, 0.012786203173697826, 0.08156408506650914, 0.03850693100568332, 0.04492167607097024, 0.0034018455521378664, 0.12514768491169462, 0.3527027611985904, 0.0811891436312155, 0.059938430669572836, 0.027065806359617854, 0.00610282434662158, 0.15791909413130717, 0.2469126214581084, 0.10725489397241857, 0.03651191155201564, 0.021609740074555416, 0.18382824754028232, 0.07148268012466644, 0.1771359566926728, 0.09468894502047219, 0.040497494449084355, 0.06661480719480149, 0.0031835010490721314, 0.15534224705139435, 0.007935517712004236, 0.23564464463954696, 0.10525541850848424, 0.0649558982298181, 0.3599545996211118, 0.07794835102157219, 0.36483202114440527, 0.034361568311910534, 0.2388459697296857, 0.10956629015501823, 0.17740713674604305, 0.009978916705709804, 0.11954138742335663, 0.1224161506182396, 0.07998856715080158, 0.06321741765293028, 0.023994978713002383, 0.035476207451467685, 0.10081022998105559, 0.16311034609195169, 0.07264315251268053, 0.039128862724328285
0.05307808457762115, 0.12792314273492086, 0.11500707869059502, 0.23203845918803853, 0.03128437493634271, 0.06602215782933735, 0.0019479130594202603, 0.0806709732944939, 0.26267671263571735, 0.13213916502006479, 0.05449382269662464, 0.11719243343993807, 0.08940984600028519, 0.0748737039375853, 0.018321841070664684, 0.09758280540221222, 0.09692713532011978, 0.2919590658165448, 0.15335613961825997, 0.023231727811615165, 0.004402538143447882, 0.13570524637917336, 0.10677810087388727, 0.17624475463934325, 0.04544557556374896, 0.2088773909677945, 0.06863147012690718, 0.030687269560611925, 0.05112189607056283, 0.2057537277708745, 0.18660752480088, 0.22437348495650933, 0.13672503615734044, 0.23765748813428123, 0.09061997107412764, 0.028097054449899166, 0.39303920270518017, 0.10675645739544927, 0.30195071398015927, 0.10483273410604795, 0.21087622985883359, 0.12523362225255139, 0.06951376015970341, 0.05396483062068404, 0.28475178749668983, 0.04371664358028966, 0.20459771139312705, 0.14311495487971318, 0.02051801755922674, 0.020957252856939154, 0.18410006416654784, 0.02839051455460268, 0.1058162392291866, 0.07756831700311666, 0.06593112790531869, 0.01763179605222953, 0.099496980098185, 0.08343369965981544, 0.18265377054857307, 0.08346425515878675, 0.14178069809129984, 0.0896657483041698, 0.02159700861665071, 0.02358056975820415, 0.17924237640300666, 0.07324598704446844, 0.022663904789065204, 0.049073404493695384, 0.11933195494082419, 0.0391651473793567, 0.1384838870668758, 0.0769572070236907, 0.1023450072314681, 0.011136206229247724, 0.014420285795767046, 0.11628659021001812, 0.15857349106760912, 0.0766853903974252, 0.21582558411928868, 0.1865266800431851, 0.08225667637652523, 0.16919598297040192, 0.0692941425108472, 0.10125392128903465, 0.03551503839807704, 0.012819941537145302, 0.15946596626672913, 0.12723691715385713, 0.02377663420993665, 0.01146595098897965, 0.10797549448982502, 0.09257361328960502, 0.07197475097268338, 0.02114504186103359, 0.13472556069340613, 0.3836911297386486, 0.019849616019229594, 0.07514934000122223, 0.14920186490395387, 0.2801417265893952
0.06168709641278442, 0.25424339491963904, 0.21876336803079993, 0.13799690880202073, 0.1337375995600008, 0.015104601658145077, 0.004740558350817868, 0.007078690595017417, 0.06771225886618729, 0.0957112810902202, 0.2421459636185859, 0.11572576948931576, 0.04494013668493207, 0.048228672261718036, 0.06294942046403618, 0.007398250188425577, 0.17114771546719357, 0.09925699211668126, 0.04514447658430262, 0.10489893768715243, 0.05449891527978652, 0.03456527163838585, 0.037112199792222605, 0.0896746603247031, 0.11146709682019107, 0.09783934427899207, 0.055652385365953023, 0.30576824163288585, 0.191015792100385, 0.03309988083355401, 0.19363274327269764, 0.1487199792222607, 0.1305846540099, 0.05812801735552341, 0.029496878246521765, 0.1466434784380029, 0.07476230368091911, 0.20958462345440101, 0.0030568230429202908, 0.03171342506773136, 0.20822490375017824, 0.16322747550467498, 0.10541901774255974, 0.0207223574585973, 0.022585606322951254, 0.16234836833635494, 0.02642987003727771, 0.049503091197979264, 0.07136364099325743, 0.06349814629972908, 0.03390068953576012, 0.05572877411338127, 0.16803487400949257, 0.12227101199812593, 0.056468471817644784, 0.03369125705322768, 0.18548015420341815, 0.12733876881709477, 0.048794585565582284, 0.04015374508565725, 0.2340474832454014, 0.03952481106516469, 0.1305165407101098, 0.6217350176203378, 0.21621771302275367, 0.0791234645861767, 0.156185069564686, 0.09253669206168137, 0.09011771505978693, 0.19180259619889592, 0.06935716322747551, 0.35927028375873377, 0.11288092522050885, 0.13523481900959441, 0.5424053034161048, 0.03925235786600395, 0.47888742335662343, 0.12432714244973621, 0.0712248681020961, 0.07390547656393229, 0.0965802030922165, 0.13020589313723493, 0.4113203031105498, 0.1000909026094396, 0.07593614409973315, 0.13798672363569697, 0.10630767350430832, 0.21893778900409444, 0.09602192866309507, 0.04690523721252368, 0.037308900816850336, 0.009517401356664155, 0.0860722943105661, 0.04773087225764397, 0.09875855553971197, 0.05642136542339737, 0.0932012741643071, 0.05079087816504044, 0.13474784074473936, 0.0003405664989509279
0.4359913222382922, 0.14786060581369292, 0.084976752357866, 0.20112138681224664, 0.4796818663298772, 0.015607494245381028, 0.21350081990588907, 0.15323009818500335, 0.11243850705832026, 0.03961584098918335, 0.1513814904972398, 0.33373225234768084, 0.08378508789798537, 0.15157500865739137, 0.0025622059033224014, 0.03802377217819967, 0.1875521989774093, 0.02537697846855839, 0.12117165060805443, 0.10242903485363916, 0.03534189057057302, 0.05421627691430201, 0.003673025605508138, 0.20439273492086127, 0.07614303029068464, 0.027694740380110407, 0.1030108624798843, 0.0019918365891915014, 0.11369446538061967, 0.10555460776924487, 0.19612110672017274, 0.017835499378704853, 0.4858629891426127, 0.16847920189036686, 0.023387051598052596, 0.1695989336130859, 0.0013813631826607728, 0.3245897924263103, 0.0516216057933226, 0.3668308600354444, 0.25539686500580555, 0.4039016825894767, 0.10253788881872442, 0.04049176529302723, 0.20691801959626, 0.12328316290155018, 0.1088316850339166, 0.04861698172781161, 0.08057230449573241, 0.02809641787700393, 0.39735707665356174, 0.10017874966898209, 0.2268917673300605, 0.006282337903077957, 0.02194139455297305, 0.03754506936098267, 0.050844350288240206, 0.12262621967366727, 0.06488651178423743, 0.20799701065368398, 0.21715092888716872, 0.048512583772993015, 0.0057616212747754175, 0.07245854637306227, 0.2502890040944369, 0.0695907854800269, 0.07001601617404413, 0.0794150149721945, 0.08784705954248233, 0.0024247061579515594, 0.45801419812185534, 0.007326317451263979, 0.3252543745289361, 0.1405171008942576, 0.12753992585198917, 0.12489050946201952, 0.14160818683669105, 0.26166965431545497, 0.2808737854189159, 0.07203458882483552, 0.03793847141023813, 0.08346998431484386, 0.006091366034507343, 0.07259795583711882, 0.1885471624126622, 0.22761937014931455, 0.12089983398178893, 0.03315780896702043, 0.09193958668595058, 0.0516916288117985, 0.14654417306634618, 0.3294169246908802, 0.2685949308427207, 0.20643104133140494, 0.1433797692041311, 0.04352821800329999, 0.22703690595017417, 0.18486904422399217, 0.19087829235501416, 0.017693543623067364
0.20842669735796784, 0.08851800737406042, 0.17281299016112933, 0.01851408608502577, 0.025305045731396792, 0.10253979853741012, 0.018015649508056467, 0.029903011753681936, 0.10683348271577275, 0.06954304251288423, 0.10465322054959157, 0.03877811105905359, 0.023080860035444378, 0.11722935466786173, 0.07720992646309914, 0.042886552524902734, 0.002804740176407081, 0.026635483082438738, 0.21516864089140575, 0.18400521480515777, 0.08868542604550732, 0.07548608706280173, 0.01876171294127233, 0.10421080238740299, 0.0984173524678658, 0.1350489397241857, 0.015525376341895663, 0.2616645617322931, 0.04150518934224196, 0.25816850339166036, 0.29458556558228594, 0.1919712880161333, 0.03486318775335601, 0.1404050640646962, 0.23531808274429122, 0.04992959503778697, 0.16851866940987145, 0.08760961785255954, 0.34747140514554603, 0.10588053309160539, 0.26260987248171763, 0.04873602085922063, 0.21276494163899695, 0.13593632234014383, 0.09563234605121101, 0.022191567700800555, 0.014846153062679513, 0.04740494693528345, 0.020492554643417326, 0.13124987268542096, 0.006862892383532623, 0.03343089873907641, 0.05084371371534497, 0.04279679574667454, 0.0957221028294392, 0.2344542533254568, 0.014243955103786845, 0.12327106801654071, 0.21011616182192255, 0.29315964229695873, 0.1082683180216333, 0.01865986127803467, 0.14689174186714468, 0.34490919924222363, 0.022087806318877187, 0.2564828583650771, 0.09858859057668412, 0.11933959381556701, 0.16569674176529303, 0.09740456499154632, 0.07495200240369926, 0.09972041718441262, 0.05974045649915463, 0.09893615937748264, 0.32918393901122406, 0.12472691022794402, 0.19255375221527368, 0.09247239819926259, 0.18424902222403292, 0.08531095312786457, 0.05852141940477888, 0.14580383878918743, 0.17800360554887862, 0.08346807459615815, 0.06994662972846347, 0.08919659408038133, 0.27755342119736814, 0.17999416899227966, 0.11582380171518201, 0.10030924711250534, 0.38272672180236705, 0.11598167179320039, 0.057628307632763644, 0.14504504389806686, 0.4664004094436862, 0.07104917398301114, 0.15345353527123098, 0.04306288321688293, 0.06173611252571754, 0.07206641746959729
0.1699853333604938, 0.07380044203621845, 0.10532926096433155, 0.03514964555621193, 0.07820361675256157, 0.06655305962396366, 0.14052664948768614, 0.17286900857591003, 0.12223409077020228, 0.01761015257379153, 0.11050205231101425, 0.009021511071275794, 0.0005990150944164918, 0.040675098286855026, 0.022576057729522724, 0.05330470452832495, 0.022243766678209854, 0.06062656596932228, 0.13448238984742622, 0.06987024098103523, 0.14266617098857223, 0.08932136236784746, 0.1912500509258316, 0.257750911572386, 0.1355314619787741, 0.018946319080890592, 0.044845287323541996, 0.30059354056751747, 0.08280285592063719, 0.042310454054714716, 0.05334480862072478, 0.08112039375853007, 0.1311104632213644, 0.14412328634576602, 0.4214074372084496, 0.20088585484100954, 0.006720936627895134, 0.18598559308223503, 0.06509339797518894, 0.16908521928663095, 0.06694773481900959, 0.14679943879733556, 0.1135474170418203, 0.09268183068179503, 0.04111815302193885, 0.019470218573669307, 0.11416807561467479, 0.1607823990140759, 0.30876204395917783, 0.1879207746837506, 0.032675286712432014, 0.1269218135707156, 0.08879173371901163, 0.02904300177221894, 0.07221983153734901, 0.01520772646717321, 0.060888834002159255, 0.05187432523273105, 0.058593352141940475, 0.03669015196268155, 0.024508693039457335, 0.2963953423234401, 0.03464802611476645, 0.09750578008188873, 0.2056423275142083, 0.21101054673972827, 0.1820356582672995, 0.06159415677008005, 0.20379690269092093, 0.14706170683017253, 0.1785395999266668, 0.14241790755943046, 0.0015296846672506162, 0.13546525839766962, 0.10142643254364343, 0.13440281823552178, 0.005379677537634189, 0.15089260251369904, 0.27931800126296064, 0.12229902120551629, 0.22962712106088692, 0.0982429314945713, 0.15545046444358437, 0.24594312093866494, 0.14770591860015075, 0.25561902894624267, 0.20342578069299871, 0.035339344278992074, 0.029712039885111324, 0.09330949155649712, 0.18716197979263002, 0.07767780754109714, 0.02971267645800656, 0.29956547534171235, 0.1162553981381516, 0.15127454625084027, 0.15977406754802306, 0.17689214927379765, 0.0420456397302968, 0.006978748650465462
0.05324232038459188, 0.11958212808865169, 0.11693143855289156, 0.04163314049418427, 0.02413757104153511, 0.05741569228575503, 0.15323582734106048, 0.14512588865576176, 0.16044310566091544, 0.02599827361430812, 0.05215123444215844, 0.12380960868590984, 0.1280135360860443, 0.24162906642765478, 0.030976273655048788, 0.1059976625043287, 0.3948025096249822, 0.22258917113116458, 0.020486825487360208, 0.09984518547187876, 0.011889908537206412, 0.08742883115031269, 0.14491645617322932, 0.054106786376321526, 0.08685718869039132, 0.06746399543704548, 0.00848742641217331, 0.0516196960746369, 0.054884041881403924, 0.20697913059420261, 0.006342812328125318, 0.03146006905542768, 0.0334901000183333, 0.14407172394125195, 0.08032658735817155, 0.015636140025666618, 0.02690920942738995, 0.05542831170683017, 0.11009146279358742, 0.2407321352182681, 0.07236497015746267, 0.011043266586543359, 0.40752696522784215, 0.06204676009859241, 0.02005650221018109, 0.27681245034731417, 0.23763393493715754, 0.017263220345888248, 0.04076167220060704, 0.05461540811961459, 0.08848108614613677, 0.09709264427288097, 0.08739636593265568, 0.019999210649609907, 0.034974588010022206, 0.02896597645189546, 0.15192894318714226, 0.002464173677456153, 0.006487950948238985, 0.019360091462793588, 0.020172995050009166, 0.08691129738648633, 0.15186528589761872, 0.036123602085922066, 0.09293709641278441, 0.02412229329204946, 0.14327282495773155, 0.1443492697235746, 0.05977101199812593, 0.10984510908313133, 0.31441353812307754, 0.06344594732231977, 0.03821410747387505, 0.04622092135014565, 0.09318790613350716, 0.125381307164246, 0.10083314660528406, 0.12379496750931943, 0.03900473100975739, 0.134360167851541, 0.005846922042736958, 0.09410711739422704, 0.030346703061661, 0.2448934122344218, 0.19126723839400298, 0.168517396264081, 0.2059084149844167, 0.13864684972805605, 0.28154027724022734, 0.07360501415738119, 0.1405712095903526, 0.06516278442076959, 0.22321110284980955, 0.20462699374630788, 0.16564708907946465, 0.02626563423030698, 0.04487011366645617, 0.029683394104825733, 0.027618988205577396, 0.025692082051699903
0.011841528997168524, 0.05693889918722373, 0.05605979201890367, 0.0003984946324173474, 0.12444108899798334, 0.060730327351245644, 0.05257009940722332, 0.14067242468069505, 0.15463183170031167, 0.013208251003238882, 0.09586978774113382, 0.027713200994072235, 0.018956504247214356, 0.026468700983887067, 0.05406604571102646, 0.12638518262003218, 0.061432467254690266, 0.1999691898718706, 0.12671938339003075, 0.0815437147338616, 0.004246577784115214, 0.22333714428306614, 0.17529562445254732, 0.09424780000407407, 0.007479731519015705, 0.02102663930251981, 0.10672590189647797, 0.050317267930985315, 0.006266423580697073, 0.16001469210242203, 0.04109459982481514, 0.0071773593937789005, 0.003280260129147909, 0.022360896090933165, 0.02530950174166344, 0.08848617872929865, 0.04735847711393127, 0.03062488541687886, 0.1276685135768267, 0.13469436862153958, 0.019915819600334072, 0.20394140473813938, 0.1520740818072559, 0.03951971848200281, 0.0006142928439021409, 0.12093993807418875, 0.07252284023548104, 0.02885139333075309, 0.015750723146808986, 0.09687111690533906, 0.07228730826424395, 0.13805611008127763, 0.00019606445173249679, 0.06515259925444583, 0.11252762726365322, 0.02581939663074698, 0.06229947953800086, 0.0982894013159235, 0.05929485547248987, 0.06424166344136399, 0.016123118290521685, 0.04715604693324642, 0.15789490436128822, 0.03232262532847161, 0.001003875455786193, 0.06469299362408588, 0.0848488012059237, 0.005457976003748141, 0.11416361960440814, 0.015465538489743538, 0.2891339553074902, 0.19344750056018414, 0.14035732109755353, 0.03749223381067813, 0.0737851642867328, 0.11780608971094499, 0.043269132834939196, 0.07121913894603898, 0.1243576979487075, 0.009802586013729605, 0.004748197225560693, 0.036985521786070764, 0.11714214418121448, 0.10222533152716384, 0.09084086186877431, 0.08041316127192356, 0.10048430465869508, 0.333943594548899, 0.07949776944857509, 0.13314622334032714, 0.056292777698559816, 0.05397628893279827, 0.03777359903037217, 0.056290867979874114, 0.010993613900714998, 0.04384395815933674, 0.13519980750035648, 0.0054019575889674275, 0.025594049825833656, 0.15489664602472958
0.06717308162392292, 0.30137779837444745, 0.0034737782892994644, 0.09918824224399585, 0.03044409871463201, 0.09098409077020228, 0.10977826892913162, 0.03234554195270009, 0.137670346906765, 0.07761096738709743, 0.24409196695932045, 0.13090103073883197, 0.04602740318999409, 0.0218522743476401, 0.13862011366645619, 0.07842514412010348, 0.08994202094070196, 0.04112260903220549, 0.10038308956835265, 0.1959746949542686, 0.11053770039314742, 0.08576164673769122, 0.10475952822309588, 0.11767113625715508, 0.15719149131205312, 0.04037654559898963, 0.13879453463975067, 0.14018671956163045, 0.08424023751807867, 0.024702847772504127, 0.23587317430893648, 0.016731681978366705, 0.06518060846183618, 0.04630112953494531, 0.10939505204619991, 0.10542029088835021, 0.025214015807378136, 0.23706929477908376, 0.05135551832311422, 0.09005915035342527, 0.09048756391191869, 0.17953710965350064, 0.07488134281232812, 0.08065314925342731, 0.039562368865983584, 0.08482779430038093, 0.03035052249903241, 0.1583392322421625, 0.09776741154183048, 0.1227401662219144, 0.12015758998594447, 0.05941516774968935, 0.096384138640484, 0.033051501293516125, 0.13469691491312052, 0.1288417174227455, 0.2268357489152798, 0.06288258031003646, 0.03622290745757878, 0.11534891833533642, 0.06362991688904279, 0.20088394512232385, 0.10081086655395083, 0.31259039335112343, 0.15303785317064228, 0.1586842547513801, 0.026005912489050945, 0.11839046362877106, 0.038237660670998756, 0.03662904096473896, 3.182864476176896e-5, 0.22639778676335784, 0.09084277158746003, 0.053714020899961294, 0.01572016764783769, 0.07008731233831049, 0.20911228636613635, 0.18391100201666294, 0.10522549958240818, 0.06592794504084251, 0.019054536473080606, 0.11813583447067691, 0.09443431586237803, 0.04034280723554216, 0.014359174797824448, 0.02054029761055998, 0.10937468171355239, 0.02493774317084598, 0.09117315292008718, 0.07535367990059277, 0.014705470452832495, 0.05383878918742743, 0.001968919964963028, 0.1464996129636797, 0.03422343199364446, 0.06646839542889735, 0.0262821851255831, 0.14748311808681835, 0.05038856409525168, 0.030728646798802224
0.19083755168971908, 0.054299667963577845, 0.26305674665417283, 0.03066307979059298, 0.034983500030555496, 0.135720524128659, 0.189590505387953, 0.024089828074392455, 0.03476069951722312, 0.06124085881322442, 0.08648670326536433, 0.04097492412051089, 0.0881831700311666, 0.04139569880426147, 0.09855166934876046, 0.0150078425780693, 0.13790142286773543, 0.13876015970340796, 0.15042599458149153, 0.006543969363019698, 0.008552356847487319, 0.06830681795033713, 0.04717514412010348, 0.17200008657391375, 0.008999231019942556, 0.11129012955531564, 0.07158707807948504, 0.09412048542502699, 0.10873874539121224, 0.03448570002648143, 0.05422264264325436, 0.015419068668391355, 0.1361718543113809, 0.03214947750096759, 0.047320919313112386, 0.05953611659978408, 0.0516718950520462, 0.07166028396243711, 0.17179701982033366, 0.20642212931087164, 0.07006312256829154, 0.024369283575400785, 0.03036134423825141, 0.046136257155079345, 0.10283771465238027, 0.0828626937727893, 0.04879267584689658, 0.12594594732231978, 0.1702768837465116, 0.154443406123322, 0.13056428367725245, 0.010648591391497424, 0.04353331058646188, 0.05409978407447394, 0.27704416288117983, 0.07299899676111711, 0.08467501680552443, 0.07814250575461898, 0.0017047422134403455, 0.05119955796378155, 0.16167933022346254, 0.052973050049907315, 0.004444551954533417, 0.08956198692224644, 0.04712549143427512, 0.0676205923692734, 0.09665977470412092, 0.03096736163451549, 0.0059615051638793265, 0.18222408384428918, 0.24713924140881222, 0.16930292721680146, 0.03987683587622986, 0.035304969342649366, 0.06611509747204172, 0.20831784339288262, 0.03647371717830152, 0.09381811329979019, 0.09750768980057445, 0.07464008168503392, 0.012425902914994602, 0.12115191684830214, 0.08934491556497118, 0.13718400521480517, 0.04269940009370353, 0.08884775213379234, 0.09990056731376423, 0.03325202175551527, 0.08222484773176346, 0.03301203377401153, 0.18760376138192336, 0.14209834796602228, 0.06439635065490619, 0.12799698519076816, 0.11419035566600802, 0.12889455297305005, 0.08461072294310566, 0.048469933389012246, 0.0277036524006437, 0.05918472836161415
0.0226511733311605, 0.12134798130003463, 0.09380283555030454, 0.009667632559939705, 0.1633446049173983, 0.019183760770813386, 0.10156202257032858, 0.1982485333360494, 0.053402736754191195, 0.01562913772381903, 0.10605240777331894, 0.07757850216944043, 0.16639060622109958, 0.024494688435762156, 0.07933798965187101, 0.16797885559471187, 0.13400432360310444, 0.04104940314925343, 0.02270719174594121, 0.16138650669165427, 0.21536279562445254, 0.0949448473243568, 0.18759293964270438, 0.009117633578456337, 0.0423263683770956, 0.02031304108696095, 0.11040083722067182, 0.0824451019535149, 0.2569201839441038, 0.021737054653602494, 0.1502566661913589, 0.05605724572732273, 0.12421574219307001, 0.23680639017335153, 0.08174296205007028, 0.09004578232262533, 0.1138370577091524, 0.1064655435823267, 0.080154712676458, 0.1177507078690595, 0.051881327534578636, 0.036835290582795215, 0.001168111262756921, 0.012642337699374631, 0.08779740685665396, 0.25153541382330774, 0.03649727037542523, 0.036018567558208224, 0.06292777698559818, 0.11466332932716791, 0.2114338677150598, 0.15021274266158766, 0.023210084333177162, 0.13566132284940213, 0.14094678759854148, 0.049107142857142856, 0.05235366462284329, 0.1206152858976187, 0.09423061253590272, 0.032933098735002345, 0.1604386496506488, 0.10851530830498463, 0.015578848465095435, 0.020192092236866226, 0.05272160375628934, 0.04216595200749628, 0.13969210242203256, 0.031046296673524678, 0.04639088631317349, 0.030880151147868243, 0.04849030372165977, 0.02529995314823491, 0.06584264427288097, 0.08966256543969363, 0.20737380578924855, 0.012702175551526756, 0.08882037949929722, 0.0866445733433827, 0.04724580371147461, 0.1239420158481188, 0.10536872848383615, 0.03567927420504777, 0.02002658328410503, 0.10904111751644904, 0.014150378888187244, 0.05373375465971359, 0.04489175714489418, 0.14889249047686948, 0.12571041535108268, 0.00817486912061274, 0.0030530036055488787, 0.1237026644395103, 0.15838633863640994, 0.009007506467580615, 0.027489763907844616, 0.061127548837872525, 0.06842012792568902, 0.005243450938053819, 0.10808625817359598, 0.00889674278380966
0.029272168014503677, 0.004166369599315557, 0.01720783850400277, 0.02730579434112159, 0.019882717809781833, 0.16052649671019129, 0.10831096840561406, 0.03472250514350899, 0.05649902731661608, 0.04262046505469434, 0.048529771241164366, 0.05767159458963965, 0.0280760475443564, 0.13019570797091118, 0.13319651259905074, 0.020108701187590394, 0.046921151534904566, 0.01305165407101098, 0.12931978366706728, 0.1556758112484977, 0.04750616202562588, 0.018890300666109878, 0.12771880283555032, 0.06768233994011122, 0.1095911164979324, 0.170813514697195, 0.08403908048318429, 0.03912758957853782, 0.0348899238149559, 0.07238343077142449, 0.04571866533580493, 0.10934539936037155, 0.02972095190564462, 0.09636122201625552, 0.10674054307306838, 0.15844363019698113, 0.05521124034955491, 0.03444432278829113, 0.08888276364303029, 0.03409739056038785, 0.06071059359149335, 0.05964560713776456, 0.0470370078018374, 0.039265725896803896, 0.0832115357193783, 0.12304444806583692, 0.10426491108349799, 0.18021696950561203, 0.0740334277158746, 0.01523255281008739, 0.041451717219042186, 0.018299561019331445, 0.04149564074881343, 0.15532442301032776, 0.07632954614898861, 0.010805824896620561, 0.17767895337230857, 0.04611652339532705, 0.18373849076205415, 0.043870057648041395, 0.21818026725876433, 0.1306228483836141, 0.11906204803324438, 0.03451370923387179, 0.22791664969138947, 0.02188092012792569, 0.01274164307103135, 0.0018161424701065368, 0.02349526899024261, 0.08877009024057363, 0.1398168707094987, 0.07603226660691369, 0.03991312053125828, 0.10926264488399096, 0.05460522295329083, 0.008340378073373938, 0.11275679350593795, 0.08935637387708541, 0.00983059522111996, 0.06274189770018944, 0.010608487299097594, 0.021171777922633476, 0.036955602859994705, 0.04009072436902895, 0.1451137937707523, 0.03065225805137398, 0.041622955327860506, 0.09630647674726528, 0.1315656128414577, 0.057786814283677254, 0.1022030514758306, 0.027331257256931005, 0.016338916502006477, 0.11046067507282394, 0.15631747672689494, 0.046655064064696175, 0.16119489825018843, 0.0011757501374997455, 0.024700301480923184, 0.05477009533315679
0.012329780407814059, 0.11468242651402498, 0.08976759996740746, 0.06868621539589742, 0.01796854311380905, 0.09150035138823817, 0.018128959483408365, 0.041612770161536736, 0.1118560428591799, 0.002830203092216496, 0.06609409056649895, 0.016599274816157746, 0.009780305962396365, 0.014531049479538, 0.023957420912183496, 0.08862176875598378, 0.15120452323236439, 0.08872234727343098, 0.008003631011794422, 0.018827279949481576, 0.07177423051068424, 0.08999740278258744, 0.11256391191868163, 0.049054307306838324, 0.05015494184270029, 0.01751212034792528, 0.038096341488256504, 0.020620505795359637, 0.015969067649874723, 0.024520787924466807, 0.07045779776333748, 0.07042405939989, 0.08674833472530606, 0.06632071051720274, 0.019290068444317694, 0.07262723819029965, 0.013578736428265873, 0.09384548593428531, 0.0009408547391578905, 0.01147295329082724, 0.04127538652706199, 0.057016561080442445, 0.001651906663135809, 0.015673061253590272, 0.0951300900368703, 0.14847744494917603, 0.04735847711393127, 0.09345908618687743, 0.26972166486728727, 0.03465375527082357, 0.17589591269275429, 0.11471298201299628, 0.14310222342180848, 0.022101810922572365, 0.05237021551811941, 0.045183944103807216, 0.035975917174227455, 0.07476548654539529, 0.09424079770222647, 0.16922526532358273, 0.12251418284410584, 0.18860890998350002, 0.04023904585361879, 0.0033954798231855127, 0.20793908252021756, 0.13405843229919945, 0.06726984070399869, 0.11835927155690452, 0.18594676213562567, 0.027339532704569066, 0.03541445988062985, 0.11855660915442749, 0.03020983988918539, 0.036986158358966, 0.010262828216984784, 0.04736929885315027, 0.06500045833248456, 0.031957869059501744, 0.030067247560652665, 0.14852455134342343, 0.035089807704059804, 0.033534023548104544, 0.035334888268725426, 0.029074193844085473, 0.060758336558636, 0.001502312032755495, 0.07660645535841601, 0.022848510928683466, 0.0028881312256829154, 0.010796276303192031, 0.05009001140738628, 0.08346998431484386, 0.015638049744352324, 0.02309995722230144, 0.0429578486891691, 0.012669073760974517, 0.042357560448962134, 0.06299207084801695, 0.009122089588722983, 0.014991928255688415
0.06727366014137011, 0.049039666130247905, 0.024935833452160275, 0.031087673911714978, 0.022617434967713023, 0.005235812063310994, 0.06817823022549958, 0.08659301093886863, 0.02471621580330407, 0.048531680959850075, 0.026228076429488094, 0.02162883726141248, 0.020149441852885457, 0.00023234910676091342, 0.07412063820252185, 0.006817695707970911, 0.0364355228045874, 0.04370773155975637, 0.04192278116151637, 0.052636939561223034, 0.02046199914444603, 0.005127594671120979, 0.07216890570573017, 0.057217718115336824, 0.024074550324906806, 0.001641721496812043, 0.001433562160070074, 0.016258071744311584, 0.03162494143529364, 0.11872848383614104, 0.07461398219632927, 0.031991607422949216, 0.035882340958627856, 0.005283555030453647, 0.03537371921533479, 0.06352615550711943, 0.022956091747978243, 0.053332713735715305, 0.024089828074392455, 0.006651550182314477, 0.0022114542380477073, 0.005745706952394533, 0.0175178495039824, 0.028188720946813062, 0.000832637346967876, 0.022626346988246317, 0.11571176488562059, 0.10184402436291784, 0.02472130838646595, 0.07392584689657983, 0.1545242508810169, 0.09459791509645353, 0.032917820985516696, 0.018134688639465484, 0.029831715589415574, 0.030977546800839258, 0.011227872726161619, 0.0045362184514473125, 0.12512476828746613, 0.08308103827585504, 0.09322928337169746, 0.08306194108899799, 0.08166530015685156, 0.16165132101607219, 0.031837556782302254, 0.007255021286997617, 0.03125827544763806, 0.037550161944144546, 0.017854596565561917, 0.0747712157014524, 0.12257847670652462, 0.1389893259456927, 0.01974139862703958, 0.055929294575380414, 0.07816032979568556, 0.048343255382860405, 0.05540921451997311, 0.0783570308203133, 0.040428108003503695, 0.02055557536004563, 0.11561245951396386, 0.03547366115988674, 0.07051636246969913, 0.06247199079260964, 0.03600138009003687, 0.10654320547554541, 0.005894028436984376, 0.0852683027438838, 0.0789203978325966, 0.10151555274897639, 0.05812738078262818, 0.004587780855961378, 0.005612026644395103, 0.09748668289503168, 0.13032493226864394, 0.04805488786131878, 0.047158593224827364, 0.030256309710537572, 0.03550103379438186, 0.052962228310688315
0.009744021307367949, 0.018163334419751074, 0.01107063922103848, 0.009485572711902385, 0.00797371208571836, 0.0, 0.06660525860137297, 0.04029952027866615, 0.02571754496750932, 0.006083727159764519, 0.010994250473610235, 0.012776654580269296, 0.06682996883339105, 0.0, 0.006562429976981524, 0.02671250840276222, 0.00967781772626347, 0.021278085596137784, 0.014811141553441569, 0.04902948096392414, 0.06734304658695077, 0.005976782913364976, 0.005312200810739239, 0.009715375527082357, 0.047662122384958545, 0.0, 0.0004182283921696441, 0.007682798272595792, 0.01984197714448677, 0.003761509237945856, 0.0081417673300605, 0.011406113136827524, 0.01083638039559186, 0.012426539487889837, 0.01440564461917663, 0.00961861644700658, 0.00010949053798048522, 0.07441919089038725, 0.030298323521623108, 0.003844263714326455, 0.0006575798007781467, 0.001027428652909902, 0.001569788759650445, 0.005641945570471166, 0.018068485058361002, 0.0015118606261840255, 0.04519221955144528, 0.007228285225397731, 0.0016926473284308732, 0.019552336477154673, 0.02219220427369579, 0.04436913079790593, 0.004656530728646799, 0.02202987818541077, 0.046965711637571045, 0.04923509400908517, 0.05154394390010389, 0.15305058462854698, 0.06902487217616264, 0.01720783850400277, 0.036295476767635615, 0.004909250168055245, 0.014233133364567843, 0.034911567293393904, 0.006666191358904891, 0.02889977287079098, 0.07173858242855106, 0.11670418202929254, 0.12898685604285917, 0.0691248141207146, 0.046961255627304396, 0.05178011244423621, 0.02660747387504838, 0.011494596769265243, 0.004696634821046627, 0.006072905420545518, 0.06137835855859526, 0.07297162412662199, 0.038127533560123036, 0.07309002668513577, 0.0020720447739911592, 0.010225906989061131, 0.001455205638508077, 0.015216638487706505, 0.008322554032307347, 0.0038926432543643437, 0.013518898576113748, 0.017938624187732986, 0.06790959646371025, 0.03250723146808988, 0.030130904850176204, 0.0004806125359027113, 0.018364491454645453, 0.03125700230184759, 0.012441817237375486, 0.002001385182620032, 0.009007506467580615, 0.02281604571102646, 0.041026486525024955, 0.025628424762176368
0.005960868590984091, 0.0042733138457151, 0.0007613411827015135, 0.0002387148357132672, 0.0, 0.0, 0.0, 0.005429966796357785, 0.002063132753457864, 0.0, 0.0, 0.004498660650628425, 0.053440931127905315, 0.030703820455888046, 0.02131882626143285, 0.04362434051048054, 0.030824769305982765, 0.011560800350369722, 0.0, 0.012165544600843332, 0.023483810678128374, 0.024891909922389033, 0.054576577173005236, 0.045835794748528245, 0.0, 0.0, 0.019799963333401234, 8.275447638059929e-5, 0.0, 0.010208719520889776, 0.03158865678026522, 0.03297065653582123, 0.006610172944124177, 0.0, 0.005836100303517957, 6.238414373306716e-5, 0.0, 0.0002476268562465625, 0.027816325803100363, 0.007183725122731254, 0.013327290134647899, 0.04215894970564869, 0.029493058809150353, 0.004736102340551222, 0.0, 0.016866635432156607, 0.005323022549958241, 0.0080176356154896, 0.006661098775743008, 0.0, 0.0014291061498034263, 0.04851131062720254, 0.029980673646900654, 0.007952068607280358, 0.007117521541626775, 0.009892979364853028, 0.0, 0.0, 0.007545298527224949, 0.019827335967896355, 0.014935909840907702, 0.0005582744291214275, 0.03032442301032776, 6.365728952353792e-6, 0.0030135360860442852, 0.04160258499521297, 0.003396116396080748, 0.029423672363569697, 0.04571484589843352, 0.025921884866879876, 0.06289340204925546, 0.0012565948951946385, 0.024720671813570714, 0.05299723981992626, 0.08023046485099102, 0.0422958128781243, 0.07698903566845247, 0.05137270579128557, 0.03048802224440325, 0.05290493675011713, 0.015146615469230613, 0.012277581430404758, 0.0, 0.027294972601902587, 0.04029379112260903, 0.042420581165590436, 0.0011350094722046811, 0.00039658491373164125, 0.032507868040985106, 0.017111079423926992, 0.02115204416288118, 0.0, 0.0, 0.04893845103990548, 0.08592333625308102, 1.718746817135524e-5, 7.447902874253937e-5, 6.365728952353792e-7, 0.0615050365647471, 0.014398642317329041
0.0, 0.0, 0.0, 0.0, 0.0, 0.0, 0.0, 0.01982924568658206, 0.013788805483693548, 0.0, 0.0, 0.0, 0.02008833085494286, 0.019171665885803914, 0.026841096127599762, 0.023684967713022753, 0.0018766168951538978, 0.00857845633619197, 0.0, 0.0, 0.004971634311788311, 0.0, 0.0, 0.010107504430547351, 0.0, 0.0, 0.0, 0.0, 0.0, 0.0, 0.0, 0.02863113910900165, 0.01493463669511723, 0.0, 0.0004385987248171763, 0.0, 0.005426147358986372, 0.0, 0.005350395184453362, 0.002943513067568393, 0.02603965085249842, 0.03357349106760914, 0.01725303517956448, 0.00047615652563606363, 0.0, 0.007880772443013995, 0.027277148560835997, 0.0, 0.007749638426595506, 0.0, 0.0, 0.002068225336619747, 0.0, 0.0057902670550610096, 0.00816532052718421, 0.0, 0.0, 0.0, 0.00014195575563748957, 0.0, 0.0, 0.0, 0.0, 0.0, 0.0, 0.0012572314680898739, 0.0012113982196329267, 0.029354922490884276, 0.027454115825711434, 0.03260780998553706, 0.012224109307204988, 6.365728952353792e-7, 0.004895245564360066, 0.009634530769387464, 0.005782628180318185, 0.0014348353058605448, 0.05033827483652808, 0.05398647409912204, 0.020737635208082947, 0.040838060948035285, 0.03947197551486016, 1.4641176590413722e-5, 0.005662952476013933, 0.014369359964148214, 0.008757333319753112, 0.040656001099997965, 0.0, 0.0, 0.0, 0.03790409647389542, 0.0023756900450184353, 0.029831715589415574, 0.0, 0.06781602024811065, 0.04272422643661771, 0.0, 0.0, 0.0, 0.005137779837444746, 0.01608937992707421
0.0, 0.0, 0.0, 0.0, 0.013176422358477114, 0.0, 0.0, 0.0, 0.019235323175327453, 0.012734004196288526, 0.0, 0.0, 0.0, 0.0005512721272738384, 0.024914826546617506, 0.029636287710578312, 0.00833719520889776, 0.0, 0.0, 0.0, 0.0, 0.0, 0.0, 0.0, 0.0, 0.0, 0.0, 0.0, 0.0, 0.0, 0.0, 0.0, 0.0, 0.00012667800615184045, 0.000763887474282455, 0.020920331629015503, 0.026761524515695342, 0.03140723350512314, 0.011330997535189749, 0.041547203153327494, 1.0821739219001446e-5, 0.0, 0.00457504939805667, 0.0, 0.0, 0.006815785989285205, 0.010284471695422787, 0.0, 0.02506187488541688, 0.0, 0.0, 0.0, 0.0, 0.0, 0.0, 0.0, 0.0, 0.0, 0.0, 0.0, 0.0, 0.0, 0.0, 0.0, 0.0, 0.0, 0.0, 0.0, 0.0, 0.002723258845816952, 0.0, 0.0, 0.0, 0.019726120877553932, 0.005964688028355503, 0.0, 0.0, 8.27544763805993e-6, 5.665498767594875e-5, 0.011477409301093887, 0.015355411378867817, 0.0, 0.020734452343606772, 0.0, 0.0, 0.0, 0.0, 0.0, 0.0, 0.0, 0.0, 0.0, 0.0, 0.0017117445152879346, 0.038741189831129945, 0.0, 0.0, 0.0, 0.0, 0.0
0.0, 0.0, 0.0, 0.0, 0.033117068301725366, 0.0, 0.0, 0.0, 0.0, 0.007908145077509116, 0.00010567110060907295, 0.0, 0.0, 0.0, 0.0, 0.0, 0.0, 0.0, 0.0, 0.0, 0.0, 0.0, 0.0, 0.0, 0.0, 0.0, 0.0, 0.0, 0.0, 0.0, 0.0, 0.0, 0.0, 0.007934244566213767, 0.004910523313845715, 0.0, 0.0, 0.0, 0.0, 0.029051913792752234, 0.0, 0.0, 0.0, 0.0, 0.0, 0.0, 0.0, 0.0, 0.0, 0.0, 0.0, 0.0, 0.0, 0.0, 0.0, 0.0, 0.0, 0.0, 0.0, 0.0, 0.0, 0.0, 0.0, 0.0, 0.0, 0.0, 0.0, 0.0, 0.0, 0.0, 0.0, 0.0, 0.0, 0.0054210547758244895, 0.010993613900714998, 0.0, 0.0, 0.0, 0.0, 0.0001718746817135524, 0.0, 0.0, 0.0, 0.0, 0.0, 0.0, 0.0, 0.0, 0.0, 0.0, 0.0, 0.0, 0.0, 0.0, 0.0, 0.0, 0.0, 0.0, 0.0, 0.0
0.0, 0.0, 0.0, 0.0, 0.023110142388625205, 0.0, 0.0, 0.0, 0.0, 0.0, 0.0, 0.0, 0.0, 0.0, 0.0, 0.0, 0.0, 0.0, 0.0, 0.0, 0.0, 0.0, 0.0, 0.0, 0.0, 0.0, 0.0, 0.0, 0.0, 0.0, 0.0, 0.0, 0.0, 0.007190090851683608, 0.03396943940844554, 0.0, 0.0, 0.0, 0.0, 0.01738034975861156, 0.0, 0.0, 0.0, 0.0, 0.0, 0.00021006905542767513, 0.0, 0.0, 0.0, 0.0, 0.0, 0.0, 0.0005289920759406001, 0.0, 0.0, 0.0, 0.0, 0.0, 0.0, 0.0, 0.0, 0.0, 0.0, 0.0, 0.0, 0.0, 0.0, 0.0, 0.0, 0.0, 0.0, 0.0, 0.0, 0.0, 0.0, 0.0, 0.0, 0.0, 0.0, 0.0, 0.0, 0.0, 0.0, 0.0, 0.0, 0.0, 0.0, 0.0, 0.0, 0.0, 0.0, 0.0, 0.0, 0.0, 0.0, 0.0, 0.0, 0.0, 0.0, 0.0
0.0, 0.0, 0.0, 0.0, 0.0, 0.0, 0.0, 0.0, 0.0, 0.0, 0.0, 0.0, 0.0, 0.0, 0.0, 0.0, 0.0, 0.0, 0.0, 0.0, 0.0, 0.0, 0.0, 0.0, 0.0, 0.0, 0.0, 0.0, 0.0, 0.0, 0.0, 0.0, 0.0, 0.008470875516897191, 0.002291662422847365, 0.0, 0.0, 0.0, 0.0, 0.0026831547534171235, 0.0, 0.0, 0.0, 0.0, 0.0, 0.0, 6.302071662830255e-5, 0.0, 0.0, 0.0, 0.0, 0.0010337943818622558, 0.00724356297488338, 0.0, 0.0, 0.0, 0.0, 0.0, 0.0, 0.0, 0.0, 0.0, 0.0, 0.0, 0.0, 0.0, 0.0, 0.0, 0.0, 0.0, 0.0, 0.0, 0.0, 0.0, 0.0, 2.6736061599885928e-5, 0.00011140025666619136, 9.548593428530688e-6, 0.0, 0.0, 0.0, 0.0, 0.0, 0.0, 0.0, 0.0, 0.0, 0.0, 0.0, 0.0, 0.0, 0.0, 0.0, 0.0, 0.0014367450245462508, 3.883094660935813e-5, 0.0, 0.0, 0.0, 0.0
0.0, 0.0, 0.0, 0.0, 0.0, 0.0, 0.0, 0.0, 0.0, 0.0, 0.0, 0.0, 0.0, 0.0, 0.0, 0.0, 0.0, 0.0, 0.0, 0.0, 0.0, 0.0, 0.0, 5.920127925689027e-5, 0.0, 0.0, 0.0, 0.0, 0.0, 0.0, 0.0, 0.0, 0.0, 0.0, 0.0, 0.0, 0.0, 5.729156057118413e-6, 0.0, 0.0050384744657880265, 0.0, 0.0, 0.0, 0.0, 0.0, 0.0, 1.4004603695178342e-5, 0.0, 0.0, 0.003578812817013302, 0.0032325171620052554, 0.0010013291642052514, 0.0011757501374997455, 0.0, 0.0, 0.0, 0.0, 0.0, 0.0, 0.0, 0.0, 0.0, 0.0, 0.0, 0.0, 0.0, 0.0, 0.0, 0.0, 0.0, 0.0, 0.0, 0.0, 0.0, 0.0, 0.0001445020472184311, 0.007614684972805606, 0.005520360147481208, 0.0, 0.0, 0.0, 0.0, 0.0, 0.0, 0.0, 0.0, 0.0, 0.0, 0.0, 0.0, 0.0, 0.0, 0.0, 0.0, 0.0, 0.003896462691735756, 0.0018740706035729564, 0.0, 0.0, 0.0
0.0, 0.0, 0.0, 0.0, 0.0, 0.0, 0.0, 0.0, 0.0, 0.0, 0.0, 0.0, 0.0, 0.0, 0.0007142347884540954, 0.0006225682915402008, 0.0, 0.0, 0.0, 0.0, 0.0, 0.0, 0.0, 0.0, 0.0, 0.0, 0.0, 0.0, 0.0, 0.0, 0.0, 0.0, 0.0, 0.0, 0.0, 0.0, 0.0, 0.0, 0.0, 0.0, 0.0, 0.0, 0.0, 0.0, 0.0, 0.0, 1.2731457904707585e-6, 0.0, 0.002489636593265568, 0.011667744596769265, 0.00267806217025524, 0.0001311340164184881, 0.0, 0.0, 0.0, 0.0, 0.0, 0.0, 0.0, 0.0, 0.0, 0.0, 0.0, 0.0, 0.0, 0.0, 0.0, 0.0, 0.0, 0.0, 0.0, 0.0, 0.0, 0.0, 0.0, 0.0, 0.002321581348923428, 0.0, 0.0, 0.0, 0.0, 0.0, 0.0, 0.0, 0.0, 0.00019479130594202604, 0.0, 0.0, 0.0, 0.0, 0.0, 0.0, 0.0, 0.0, 0.0, 0.003250341203071846, 0.010405420545517508, 0.0, 0.0, 0.0
0.0, 0.0, 0.0, 0.0, 0.0, 0.0, 0.0, 0.0, 0.0, 0.0, 0.0, 0.0, 0.0, 0.0, 0.0, 0.0, 0.0, 0.0, 0.0, 3.37383634474751e-5, 0.0, 0.0, 0.0, 0.0, 0.0, 0.0, 0.0, 0.0, 0.0, 0.0, 0.0, 0.029030906887209468, 0.0, 0.0, 0.0, 0.0, 0.0, 0.0, 0.0, 0.0, 0.0, 0.0, 0.0, 0.0, 0.0, 1.2094885009472204e-5, 9.739565297101302e-5, 0.0, 0.0034922389032612904, 0.08621934264936547, 0.00668146910839054, 0.0, 0.0, 0.0, 0.0, 0.0, 0.0, 0.0, 0.0, 0.022002505550915645, 0.0, 0.0, 0.0, 0.0, 0.0, 0.0, 0.0, 0.0, 0.0, 0.0, 0.0, 0.0, 0.0, 0.0, 0.0, 0.0, 0.0, 0.0, 0.0, 0.0, 0.0, 0.0, 0.0, 0.0, 0.0, 0.00010758081929477908, 0.0, 0.0, 0.0, 0.0, 0.0, 0.0, 0.0, 0.0, 0.0, 0.0, 0.014944821861440997, 0.006706932024199955, 4.2650383980770404e-5, 0.0
0.0, 0.0, 0.0, 0.0, 0.0, 0.0, 0.0, 0.0, 0.0, 0.0, 0.0, 0.0, 0.0, 0.0, 0.0, 0.0, 0.0, 0.0, 0.0, 0.00021961764885620582, 3.883094660935813e-5, 0.0, 0.0, 0.0, 0.0, 0.0, 0.0, 0.010397781670774684, 0.010052759161557108, 0.0, 0.0, 0.00693355197490375, 0.0, 0.0, 0.0, 0.0, 0.0, 0.0, 0.0, 0.0, 0.0, 0.0, 0.0, 0.0, 0.0, 0.0, 0.0, 0.0, 0.047175780692998714, 0.026652033977714856, 0.00943401030738832, 0.019480403739993074, 0.0, 0.0, 0.0, 0.0, 0.0, 0.011956748691206127, 0.013236896783524474, 0.04078204253325457, 0.0, 0.0, 0.01438654743231957, 0.0, 0.0, 0.0, 0.0, 0.0, 0.0, 0.0, 0.007850216944042697, 0.00529692306125359, 0.0, 0.0, 0.0, 0.013140137703448697, 0.0, 0.0, 0.0, 0.0, 0.0, 0.0, 3.692122792365199e-5, 0.0, 1.2731457904707585e-6, 7.002301847589171e-6, 0.0, 0.0, 0.0, 0.0, 0.0, 0.0, 0.00016296266118025709, 0.03619553482308366, 0.07215426452913976, 0.02390967794504084, 0.04346583385956693, 0.06955195453341753, 0.002093688252429162, 0.004295593897048339
0.11542976309303131, 0.10725425739952334, 0.07481768552280459, 0.06507557393412235, 0.09308796418895521, 0.06425121203479253, 0.07075062129514575, 0.06406214988490762, 0.010954146381210405, 0.11195280193925566, 0.035011509237945854, 0.14496738200484813, 0.020826118840520665, 0.1556006956468599, 0.02167276079118372, 0.13370386119655334, 0.09750832637346968, 0.150459732944939, 0.0009293964270436537, 0.2630395591860015, 0.21651308284614287, 0.07346687783911511, 0.0, 0.11007809476278747, 0.09464629463649141, 0.011560163777474486, 0.05795041351775274, 0.08920105009064798, 0.15609276649487686, 0.03149762685624656, 0.09265764091177608, 0.053248049540648996, 0.0019485496323154957, 0.09408802020736999, 0.07315495712044978, 0.0, 0.0630614572935976, 0.07095368804872583, 0.11020031675867267, 0.028626683098735003, 0.07983197021857368, 0.004590963720437555, 0.04760355767859689, 0.03818164225621804, 0.02013416410339981, 0.0747514819417001, 0.08835504471288017, 0.051694811676274675, 0.18307136236784746, 0.11802507078690595, 0.035374992361125256, 0.14367004644435843, 0.12115318999409261, 0.016958938501965736, 0.14477131755311565, 0.1436891436312155, 0.16568973946344545, 0.18827088977613005, 0.2550505693507975, 0.047672307551282316, 0.03888378215966267, 0.07832201931107535, 0.1492706147766393, 0.04337162107107209, 0.16827422541810108, 0.10363597706300544, 0.13941328349391946, 0.10287145301582774, 0.07033684891324275, 0.015082958179707074, 0.004318510521276813, 0.02714474139862704, 0.12933760770813388, 0.01055119573852641, 0.03534189057057302, 0.06587383634474751, 0.14716801450367684, 0.07375269906907579, 0.10258372206718136, 0.08295945285286509, 0.08659492065755434, 0.13353835224379215, 0.10322093153531198, 0.0884530769387464, 0.09013808539243445, 0.06273362225255139, 0.08941939459371372, 0.05608079892444644, 0.07797126764580066, 0.13836484793546677, 0.07285895072416533, 0.16264310158684891, 0.09180272351347497, 0.18787366828950317, 0.11900793933714937, 0.07387046505469434, 0.1567000570369314, 0.047236891690941314, 0.05232183597808152, 0.01822444541769367
0.02023346947505653, 0.050338911409423315, 0.11377531013831456, 0.059686984375954856, 0.005646401580737813, 0.01947403801104072, 0.05637043959177853, 0.15174624676620968, 0.14540725387545578, 0.03324374630787721, 0.1260509818500336, 0.1240247703244994, 0.037732221792181865, 0.06282592532236052, 0.06895166629321056, 0.13032111283127254, 0.08152971013016642, 0.20466837098449817, 0.09554895500193518, 0.09450815831822533, 0.03276695320934591, 0.2731871677089487, 0.039805539711963496, 0.22274958750076387, 0.06885363406734432, 0.3157471583385957, 0.03157401560367481, 0.03536098775743008, 0.22255861563219329, 0.18057154060825814, 0.09980953738974557, 0.13085647063616548, 0.4081393483530586, 0.07279211057016562, 0.19185670489499093, 0.050791514737935674, 0.07625506712024607, 0.33353045873989123, 0.06828708419058484, 0.2099602014625899, 0.448242167607097, 0.023574840602147033, 0.007433898270558758, 0.04736038683261698, 0.04568429039946222, 0.33243173392271497, 0.008183144568250799, 0.22851884765028213, 0.11118063901733516, 0.21783906418691817, 0.2529715222749587, 0.1485200953331568, 0.2134403454808417, 0.21526667311727202, 0.14929480454665825, 0.08346107229431056, 0.15004086797987412, 0.20554811472571347, 0.13394321260516184, 0.2427723513474975, 0.021324555417489968, 0.12222454217677374, 0.05749844676213563, 0.26961153775641156, 0.0822904147399727, 0.24524925648285836, 0.33299446436210306, 0.3521292090199833, 0.35317191542237886, 0.29541692978346334, 0.16948626021062924, 0.2505684595954452, 0.10803533234197714, 0.026384673361716, 0.1277003422215885, 0.10123800696665376, 0.1808516326821617, 0.015998986575950787, 0.14271073109123872, 0.20750684952435272, 0.30237467152838604, 0.16617098857224338, 0.02668577234116233, 0.038626606709987577, 0.021432772809679982, 0.05730047259171742, 0.41206827626245135, 0.3281647858059522, 0.2573791530015685, 0.1285985465767656, 0.2829827514208307, 0.07164691593163716, 0.08141830987350024, 0.0279410940905665, 0.07332428551058238, 0.09594553991566682, 0.043529491149090466, 0.28831086655395083, 0.3961953311197572, 0.2625678586706321
0.017634342343810474, 0.25263159234890303, 0.06242870383573364, 0.3450059583222994, 0.1471132692346866, 0.3127966429691797, 0.05289602472958383, 0.050954477399115926, 0.06563894094640566, 0.44167528161984887, 0.05856279664296918, 0.05091246358803039, 0.14804202908883501, 0.07531612209977388, 0.04268475891711312, 0.28094189871870606, 0.12651949950092686, 0.13463198447780653, 0.4285249587500764, 0.27450360045629546, 0.039538815668859875, 0.29417752235644007, 0.038056237395856674, 0.1582201931107535, 0.20951714672750607, 0.10287145301582774, 0.025744281029109205, 0.1658902599254446, 0.04000224073659123, 0.027354173881159478, 0.11294394593713715, 0.207799673056161, 0.012585046138803447, 0.00024635371045609173, 0.0094174594121122, 0.029330096147970098, 0.08583485262064329, 0.18794305473508383, 0.49522761300442036, 0.09702580411888126, 0.06885809007761097, 0.5040040435110306, 0.18555017722189404, 0.25345531767533763, 0.07198811900348333, 0.26512624513658306, 0.43035765211545907, 0.08027120551628608, 0.06381579617445153, 0.5606450265832841, 0.020435263082846142, 0.08380227536615673, 0.060948035281416145, 0.09280914526084211, 0.04426982542624921, 0.0996281141146035, 0.27343670428388095, 0.003820710517202746, 0.050643193253345826, 0.05359434519565705, 0.0878483326882728, 0.26710025768470796, 0.2988582428551058, 0.34862232894013157, 0.06110590535943452, 0.11624139353445642, 0.23936159377482635, 0.6217140107147949, 0.03895826118840521, 0.09888014096270192, 0.15264126825691063, 0.08302183699659815, 0.02923333706789432, 0.07355026888839095, 0.029226971338941966, 0.24167426310321646, 0.18025389073353568, 0.26837404004807397, 0.03607140310851276, 0.11847130838646595, 0.12749345603063697, 0.04496941903811289, 0.48006444663991366, 0.5503726497728708, 0.36174591574830417, 0.036007745818989224, 0.536291020757369, 0.0160441832515125, 0.06741243303253142, 0.346938593632234, 0.23424418427002913, 0.04136832616976635, 0.18426429997351856, 0.04661623311808682, 0.06172720050518425, 0.15641932839013262, 0.10956692672791346, 0.2671670978387077, 0.1672366115988674, 0.012828853557678597
0.10480918090892424, 0.21912685115397934, 0.1397952272310607, 0.09813917011264794, 0.0889693375567823, 0.08323827178097819, 0.0001260414332566051, 0.10154865453952863, 0.16633013179605222, 0.07684771648571022, 0.1799196899635371, 0.13068268623576623, 0.4923114725713471, 0.07665101546108248, 0.3852513699048705, 0.4108785215212564, 0.21747876392821494, 0.043658715446823246, 0.04042619828481799, 0.011766413395530749, 0.03962857244708806, 0.12055290175388564, 0.13553337169745983, 0.24327842679920963, 0.23091745431952904, 0.029063372104866474, 0.1736456275080972, 0.2150432360310444, 0.08362148866390988, 0.09616070155425638, 0.19098778289299465, 0.15941949644537695, 0.07459233871789127, 0.20660355258601373, 0.03476642867328023, 0.01850581063738771, 0.21040771220794036, 0.163738643539549, 0.007074871157646005, 0.673664088122059, 0.09081412580717443, 0.006712661180257074, 0.2772383176142266, 0.15584577621152554, 0.053620444684361696, 0.10876739117149783, 0.1408856766005989, 0.1447471277830967, 0.2311128821983663, 0.06854298649446945, 0.005785174471899126, 0.16034189057057302, 0.013207614430343647, 0.08883884011325904, 0.07400860137296042, 0.03478361614145159, 0.23992496078710965, 0.21151662219144038, 0.11166443441771404, 0.18862164144140472, 0.04608660446925098, 0.058305621193294084, 0.11853178281151332, 0.06941318164225622, 0.12806700820924405, 0.05541812654050641, 0.03670097370190055, 0.08726395877044672, 0.16506589802611477, 0.011161669145057139, 0.6850192754272677, 0.11011756228229207, 0.1427661129331242, 0.0530825405878878, 0.015239555111934979, 0.22228106984987064, 0.29700517915707564, 0.208213445438064, 0.16731491006498136, 0.21043317512374976, 0.17227890550202685, 0.12554045038805484, 0.10010618035892527, 0.033437901040924, 0.06040503860178037, 0.2081357835448453, 0.06625959951926015, 0.05412397384449288, 0.6158944613065531, 0.04327422541810108, 0.18993107188690392, 0.048611889144649735, 0.08043480475036158, 0.13491716913487198, 0.02923906622395144, 0.002521465238027337, 0.09131319895703897, 0.12041285571693386, 0.09855039620297, 0.06289849463241735
