-7.298554358466942, -7.736675816509678, -8.017369699363698, -8.313919387483143, -8.63731868315327, -8.931420974323029, -9.166214586700635, -9.3336376832423, -9.388529481521033, -9.225864572877349, -8.769783591405547, -8.107852744802804, -7.48955422740681, -7.143778744465222, -7.12002564114962, -7.328839473574033, -7.663061181724622, -8.029849113391327, -8.334440091443858, -8.502469022250931, -8.516061274760085, -8.413557973492068, -8.256151551712247, -8.101918216038797, -8.014432540499056, -8.074407355254476, -8.328102052480222, -8.680994596893516, -8.87274861571101, -8.65004140786634, -8.017553157204544, -7.277091125191598, -6.764339239104033, -6.572374377804505, -6.5799471348115555, -6.670302179640618, -6.818105196985863, -7.023441442346211, -7.266908162285026, -7.524457175756933, -7.7874072111095645, -8.066437394365071, -8.38359108691594, -8.75685887988917, -9.180765496574022, -9.60784745472992, -9.939075429229801, -10.038823874275389, -9.798905392754724, -9.244960908363913, -8.59795214711676, -8.19851789682454, -8.322814116753698, -9.02625505482391, -10.133420751412032, -11.351129603864504, -12.387749331872987, -13.014742189331042, -13.084195933896543, -12.548436660094916, -11.50696376100053, -10.230024000111698, -9.069463460494312, -8.267332854647407, -7.825362672410369, -7.589591968365259, -7.455007569995456, -7.435112402743134, -7.563107421154278, -7.812387214969473, -8.112766185385754, -8.395612539894538, -8.621004125138912, -8.784411862529208, -8.90845880361954, -9.025296361910895, -9.157640806076975, -9.307329862986215, -9.45683864460845, -9.5816343984382, -9.66343880003402, -9.694576164238342, -9.673781805476297, -9.602883587085628, -9.490421573283722, -9.35721906345191, -9.23375416573396, -9.144881671051964, -9.088237282378264, -9.022155043614363, -8.882360012880037, -8.631691604424448, -8.303921481267045, -7.973759610916166, -7.656472193354626, -7.276277986558085, -6.801327062024819, -6.38903998367642, -6.3160025373297115, -6.705421306560015
-2.7302495432281093, -4.040658972536971, -5.067522758282271, -6.191841793044429, -7.334648416804105, -8.294577503643836, -9.02002189175364, -9.558701703313197, -9.816194255426483, -9.432104526575932, -8.06190057319415, -5.884705199358475, -3.7010458080289057, -2.3543295160934576, -2.1118974117571767, -2.7225858557271256, -3.8284029370474415, -5.101284424877265, -6.2015685758521055, -6.850511970856668, -6.95385068809286, -6.617939199196894, -6.054529677476955, -5.491770561548061, -5.182093926372843, -5.414770000174051, -6.335266763527065, -7.6167141198962085, -8.394476698341567, -7.799781440808087, -5.767990456965441, -3.2420457783883254, -1.3743344591241295, -0.5574026734762052, -0.4469284622164161, -0.6832387037289619, -1.1877455120654665, -1.9544158658074322, -2.9074831578896334, -3.9496718725825093, -5.028081681456537, -6.1485672907734905, -7.350104304519161, -8.657047913722401, -10.02532095078188, -11.298189038488017, -12.185129812260275, -12.29683092688932, -11.327139097855762, -9.399228816675917, -7.278914894090565, -6.079321397835892, -6.568963301824361, -8.709805692629018, -11.826907915165688, -15.090666723394088, -17.832323231104688, -19.588840365122987, -20.014515916510412, -18.844824092871484, -16.069136988994025, -12.210668972572012, -8.28981020659108, -5.258255663990021, -3.3858256256374553, -2.3366319317835487, -1.794748774414035, -1.7485036633191025, -2.2374952447806202, -3.1293801703369835, -4.1742977097335245, -5.14031284628145, -5.891618367676177, -6.40753761643938, -6.759626761532256, -7.058350989979995, -7.3896111422934965, -7.77047106122586, -8.147384710042836, -8.435063210471728, -8.564694608406965, -8.506966105818782, -8.266587187947636, -7.873966464827726, -7.390411107749049, -6.911843344669397, -6.5452194608314915, -6.353119808199321, -6.2927483848803165, -6.196676051139363, -5.84584230230278, -5.137332248816465, -4.21716088863209, -3.364112936460055, -2.648400449083309, -1.8200788515637918, -0.7338524696084507, 0.19201497713886156, 0.19154117696372558, -1.035431886115771
2.6615187711745, 0.4507575927130394, -1.7009059466170706, -4.005075776629564, -6.104566695114502, -7.652884557343716, -8.705027152511919, -9.543516661336955, -10.149088223793015, -9.868564990773946, -7.86014656078552, -4.118073380981083, 0.07701321774593595, 3.0406217547102243, 3.982671407722112, 3.168038901511398, 1.2058635181513533, -1.2781312149264636, -3.599959815456615, -5.14800913911531, -5.62984362796708, -5.154099379881432, -4.0984353601392645, -2.9385765354268325, -2.210512536406603, -2.486306317609835, -4.056882413243183, -6.395183963847488, -8.02003303456161, -7.303921725273534, -3.8680205699766015, 0.8294269901076252, 4.671969390536919, 6.698160227545483, 7.308689377814611, 7.060259318751296, 6.092353116516136, 4.4515718459687665, 2.330167167410021, -0.023347195426209305, -2.4309835377241495, -4.821433780667189, -7.191628050380404, -9.530296174704235, -11.737063551376682, -13.562863157013252, -14.581264526016215, -14.228562156981754, -12.08436687597729, -8.467323348287868, -4.793214226900516, -2.9437018396123227, -3.9570450151554875, -7.421181788019814, -12.099947410729957, -16.815995058094522, -20.80530271560126, -23.627658066294018, -24.909909481691585, -24.13243921889931, -20.797065347373298, -15.09012447711909, -8.331038387287725, -2.349521487750588, 1.7962330291315352, 4.227954183526123, 5.403995650838301, 5.473016913384002, 4.499640859450445, 2.778206725716343, 0.764641256664145, -1.1197893158036178, -2.607281928521481, -3.6234606063576287, -4.267763051481515, -4.736399359198686, -5.209005219616511, -5.751433129101578, -6.291017259959494, -6.6775549863323675, -6.779814672912669, -6.5475614769173625, -6.017319001287714, -5.294194970203572, -4.536628994486665, -3.9299256986112283, -3.62499659368472, -3.6517322635801763, -3.8503364224823495, -3.878124071829884, -3.3514530229482, -2.12335699806877, -0.4967203360018656, 0.974091779953132, 2.0746867498345134, 3.1903765009750433, 4.683472391724706, 6.106400350389682, 6.388559203813456, 4.970103261825075
7.521555162337975, 4.627454247600403, 1.3595221837160707, -2.0342332454231533, -4.832883520749258, -6.602079113612259, -7.61881732602312, -8.532937439006345, -9.527283355366338, -9.734875616633342, -7.739002524525648, -3.040149683239638, 2.9670750704229825, 7.844973847388061, 10.028908862279941, 9.503873800884433, 6.981246531646018, 3.337989206784049, -0.3859427744127491, -3.1676749955624977, -4.3821144131409095, -4.006379635581211, -2.516513332047005, -0.6532044135396179, 0.708271227212751, 0.6773004266540197, -1.2143443910458263, -4.3590665735399865, -6.874782445017795, -6.485133046864156, -2.2891498926879223, 4.160591114774433, 10.021018081390698, 13.594208215740652, 15.0139958642052, 14.866906413309815, 13.364843552536975, 10.664973948147408, 7.1427237743519765, 3.258167459256247, -0.6317294869191261, -4.335084260986822, -7.776702209060418, -10.894451123351095, -13.531343699760814, -15.36556027314455, -15.899648878086623, -14.54549542656711, -10.992558191891309, -5.927762232548639, -1.3616543326350505, 0.4052855349744261, -1.4773141950989703, -6.013098827322635, -11.55087243197359, -16.83764533156469, -21.20907860015323, -24.39814093502641, -26.232933921128133, -26.224083689933597, -23.46806771573328, -17.41975438952613, -8.97843746747816, -0.3923039956280407, 6.311433273717158, 10.543291367837528, 12.635370444655715, 12.899679644180836, 11.57596449560027, 9.111666096651742, 6.1289432600894695, 3.228295117574166, 0.8430852932973639, -0.8347612697660427, -1.8651507690768827, -2.4899517969072402, -2.987411088508114, -3.5145068656752025, -4.0341246813398435, -4.375377478816417, -4.372260671675371, -3.9728238310136756, -3.2635752852875077, -2.434658682483884, -1.7254006103883255, -1.3558960385950074, -1.441786353412266, -1.9136294077647489, -2.47716767273235, -2.6538016256226697, -1.9577227866988376, -0.22675394076882918, 2.1077165314528026, 4.238022140002036, 5.72307131277285, 6.936987808026323, 8.470334555065545, 10.132637485946264, 10.87660672423458, 9.867556266350746
11.18077825731145, 8.073903689783627, 4.061345459303863, -0.09518657335785624, -3.3109842541323937, -5.073956692675063, -5.8673863073466155, -6.692223908490991, -7.985160289508823, -8.820442551945742, -7.341671834626636, -2.431602466761629, 4.819702114379677, 11.586336993620415, 15.48606042270548, 15.913170002860932, 13.426411905883336, 9.017594041618095, 4.0150539837297865, -0.1413252346978626, -2.401755928445104, -2.4715402062671386, -0.8108941536769787, 1.6196430208289956, 3.6188065004471484, 4.020056332619925, 2.2096677955137523, -1.2504852665097694, -4.41301959621177, -4.673039658259942, -0.5699624773974358, 6.706925474385895, 14.075185036503553, 19.14449651628358, 21.472488355382488, 21.459062719860125, 19.39655672920741, 15.633603325565877, 10.775928196887179, 5.503622785394341, 0.3412431673984652, -4.416468615253858, -8.640112823357734, -12.233098448858376, -14.992777147385414, -16.52766310544001, -16.292041886834962, -13.78386320807593, -9.004965420735473, -3.118022561482731, 1.4938473193098356, 2.602417812608145, -0.12006048929357115, -5.224085283719848, -11.019973835579975, -16.399307561892424, -20.74576633568096, -23.812504966621162, -25.61421514056659, -25.96491046177409, -23.99932116699741, -18.616885565208417, -9.867953322847995, 0.3275258159113283, 9.344957702213765, 15.652703093420348, 19.089049818960476, 19.973564807949494, 18.685214081011413, 15.777013845559694, 11.989642080783447, 8.088524569297938, 4.694591032191042, 2.173734083147638, 0.5873710509176254, -0.27521989056943946, -0.7568344194447225, -1.1307715293843335, -1.4639107439039007, -1.6420302837817768, -1.5210100003690314, -1.0701689839791406, -0.4144972163162267, 0.214240853313895, 0.5642472982417346, 0.45467068672332767, -0.1459087080966499, -1.070556472974326, -1.9473766355646942, -2.2527598033425758, -1.4795829453350917, 0.5396178655400359, 3.339584347079098, 5.991815011121115, 7.84795475869486, 9.123538993198325, 10.501596196253015, 12.1453223908745, 13.310257857186784, 13.040571759382546
13.300135463446033, 10.570382387182676, 6.343793498156341, 1.7837432602417556, -1.6931377111152484, -3.444670507139304, -4.030493171176481, -4.67208511219796, -6.056966237935574, -7.390045112640714, -6.639447679395094, -2.139752465237141, 5.6225925500770675, 13.9112496715739, 19.73086917199757, 21.693169011960958, 19.928320712625624, 15.362785515027632, 9.491452346356839, 4.089537578616416, 0.626988815000757, -0.24732665642273635, 1.1447887088894095, 3.7362338121242704, 6.11011037512179, 6.953601357543536, 5.592590072346365, 2.4414473714672575, -0.8429534118356017, -1.7675969550715966, 1.5259419605310054, 8.525504997818826, 16.457419004194783, 22.520317294325935, 25.568852918243472, 25.630460141543224, 23.050102371039493, 18.410566621676, 12.54955487208611, 6.316728061987725, 0.3362915032417032, -5.051994955170749, -9.705196144260201, -13.521989935178741, -16.280004027865203, -17.538567700156026, -16.715417315391882, -13.412142145191394, -7.955966803337862, -1.8822367789578318, 2.3652304269096107, 2.958916635664234, 0.05032876677031375, -4.876668881175254, -10.456490238824864, -15.782601642730333, -20.139979759592524, -23.08731534791178, -24.629855106882243, -24.88607742163826, -23.381404345375245, -18.95255696784374, -10.899216030766507, -0.28469534313472467, 10.355961285294304, 18.747561887331003, 23.95774585204179, 26.00897546364516, 25.274818989502762, 22.36082883994436, 18.100241763401115, 13.404130136378942, 9.065611385167633, 5.63236562632136, 3.339069536898816, 2.09014143428817, 1.5498707826542046, 1.346249748744041, 1.2649928125612442, 1.2895631337624403, 1.4814193507717528, 1.8329762641159173, 2.2129368278242416, 2.413061449319342, 2.237990625655095, 1.5876246885860947, 0.5100745986322898, -0.7782530511079391, -1.900916971863438, -2.3681174433570376, -1.7140859456766058, 0.2282942509997392, 3.0541219947272222, 5.883596346476747, 7.981718648134382, 9.355475563742694, 10.60109198997331, 12.129979845318982, 13.6191379375604, 14.229231061988473
13.840945254874715, 11.946589371399156, 7.996822221146654, 3.3686010443308523, -0.2597124504660956, -2.0621274638246443, -2.514306330076521, -2.8868956598107705, -4.085890326756226, -5.628143144607613, -5.606965358487714, -1.9987668662502514, 5.448679079538154, 14.526732139739906, 22.014987079544046, 25.76275428069381, 25.269050612902152, 21.208329854449218, 15.083290252753779, 8.842861231058087, 4.263064808054327, 2.3419123745053705, 3.0001771325594206, 5.228946275998041, 7.573665346870636, 8.731031053458954, 8.056148890018088, 5.78314759839354, 3.048296507506442, 1.8074807200292222, 3.9641314599390434, 9.7324717106577, 17.084134571255117, 23.259645148033748, 26.56262740029657, 26.58483453958491, 23.6495599672637, 18.51915644808118, 12.183758822937895, 5.5625078849000875, -0.7053623364530238, -6.286775750292185, -11.051148175536236, -14.90932506351691, -17.645959099152126, -18.815277720217434, -17.828580588608343, -14.34127434312278, -8.833998053214618, -2.946676316031866, 1.0678338339016344, 1.79350730935706, -0.4940417743683031, -4.684831709570426, -9.827594198963217, -15.078068533304222, -19.530145800007492, -22.51263263396881, -23.89154621960599, -23.90736169324065, -22.51997127409377, -18.91309333673566, -12.065782092439767, -2.110187075580195, 9.116939451354144, 19.13960933691866, 26.2726036986206, 29.95185012549624, 30.31906546079769, 27.94388287613764, 23.717795909349864, 18.660294310678733, 13.686488452226996, 9.484524018134309, 6.465035954221915, 4.70616048725064, 3.963952343354995, 3.8289750619481286, 3.946907998490268, 4.133957123289847, 4.327125159298648, 4.468682282647236, 4.447722862728819, 4.126022208994175, 3.400281740593693, 2.2537539160397095, 0.7833626246402708, -0.7905846515566958, -2.128059282073835, -2.80459492521309, -2.422348404916003, -0.8263097850675035, 1.6737602889132661, 4.345215576299569, 6.483683798306312, 7.927029393784869, 9.089313652775658, 10.480244747045607, 12.1737260175206, 13.621451854971351
13.135201025950444, 12.22856267309026, 8.87307098656927, 4.461864550933364, 0.8124675955665801, -1.0682576367403325, -1.453414301167156, -1.495046290653438, -2.237404729761006, -3.620724502153811, -4.147040232242708, -1.719442989778234, 4.607854195679688, 13.460664465104854, 21.866612896772164, 27.17391555537293, 28.20364157502674, 25.215366468844135, 19.53565619509034, 13.079650176992521, 7.7412600949899755, 4.778031328746349, 4.403428976928195, 5.823746460290196, 7.725289024197149, 8.938797742558181, 8.918454617856806, 7.786277409389817, 6.167568766429855, 5.2410342344769205, 6.501302276730223, 10.609789469194228, 16.451148904250164, 21.78114118118103, 24.745734152308202, 24.608215239706936, 21.57578915033431, 16.42941843957918, 10.158518143484953, 3.644620656795933, -2.508345384833381, -7.984902070697675, -12.661447680137247, -16.45400741617928, -19.16066915717788, -20.366660456604638, -19.520332800842688, -16.291566638740505, -11.121630755437314, -5.490446225692121, -1.3412370107669842, 0.11252767672173346, -1.128621066754748, -4.495111672827104, -9.265791311927874, -14.452821112041054, -18.97598247548196, -22.06569383457318, -23.462242926340934, -23.342890753550385, -21.918430888733322, -18.859807295706695, -13.288427048552874, -4.721287751448445, 5.952438014921756, 16.670576142905823, 25.369670226827584, 30.8367222082295, 32.763020018873725, 31.523332346138854, 27.97179017114176, 23.162519897551643, 18.06353315042157, 13.440604240638203, 9.846032688339534, 7.550148796965484, 6.46820637075899, 6.234840318072243, 6.411270742364703, 6.660966154732717, 6.786187941457351, 6.670608550990192, 6.22939727832028, 5.405674007959539, 4.188247267560017, 2.624737702348775, 0.8322702892239366, -0.9844049594321027, -2.5197624603472986, -3.396586102135507, -3.2715037072711852, -2.0130822279773364, 0.1314943098157436, 2.5566216128298693, 4.612489253381513, 6.019296038125161, 7.020922402121541, 8.160882649172917, 9.84500192212468, 11.87708696240215
11.74594180411797, 11.66805140325795, 9.002392024015945, 5.0022835196701525, 1.4694947030600143, -0.48003665470432466, -0.8738493931734717, -0.6090074010740761, -0.7277405226181086, -1.5784449702999044, -2.271830170336078, -0.9842924589075692, 3.68005119933153, 11.278701882584357, 19.51876137825258, 25.69301072573577, 28.105306552449346, 26.515241239639856, 21.893373819118413, 15.914339918956223, 10.389525805614332, 6.692705026355693, 5.2952703671667125, 5.694329926922469, 6.833499696225795, 7.754318795479151, 8.057907246428636, 7.8800448995267915, 7.556007765771664, 7.5575611182367926, 8.646865372613352, 11.433356166562813, 15.51486596563158, 19.429558062901762, 21.60453081602548, 21.20147852282231, 18.25646454591691, 13.396196086604563, 7.471687664938369, 1.2725727889220286, -4.628923343742788, -9.913323952580168, -14.443801386920404, -18.122809359364364, -20.745643816666586, -21.931675531662584, -21.198095283499235, -18.242190305335033, -13.392100821180648, -7.855033071135181, -3.2942546824424888, -0.9656686342488128, -1.3318765135557662, -4.218257354088214, -8.840278988534218, -13.968181642055237, -18.472517804999846, -21.660518862937, -23.2279128315278, -23.18717606634004, -21.761209579999832, -19.00270033330527, -14.45409523311933, -7.495300214218612, 1.7646882563642423, 12.052012249418496, 21.47407495781316, 28.427974674542753, 32.09535694320462, 32.483645817912425, 30.245793942703873, 26.34587598472891, 21.717900064648493, 17.139776811105943, 13.256181172080549, 10.513535973714212, 9.018918072859021, 8.523031406538122, 8.582071475194125, 8.76242827543468, 8.753640493676098, 8.379176441912122, 7.56818714447337, 6.327430621201842, 4.714019549775471, 2.813817967018742, 0.7472334183244017, -1.2917821046857458, -3.001540137218258, -4.004355824600399, -3.9715119210852508, -2.8001304449036324, -0.7456393628825605, 1.607752649031245, 3.599834820382079, 4.858800244775967, 5.532345187789029, 6.222160111470058, 7.612004943577212, 9.828741590358206
10.17223263104116, 10.597472289372643, 8.54644231036251, 5.046372155425685, 1.7403667563915188, -0.2551622806455834, -0.7506992208820765, -0.31123385383453744, 0.18713321516525888, 0.13364552830036547, -0.23196944022338442, 0.33823498226266696, 3.300052242536776, 8.980820369046143, 16.007950087350103, 22.094795564474165, 25.36734751375671, 25.138254330240084, 21.90544611654063, 16.945303564431885, 11.829252636703492, 7.900303523470677, 5.782759735536228, 5.232707243133473, 5.475172457360432, 5.790228510189599, 5.947462312466741, 6.193501061054009, 6.843242481503883, 7.989038083569168, 9.678936169287367, 12.049672470996763, 14.94077388304486, 17.57194172529683, 18.884557662942164, 18.157574452108516, 15.287469221890184, 10.685544600332454, 5.032557059930076, -0.9563122617567056, -6.708991833840804, -11.879039523555695, -16.3004014965733, -19.843400609858524, -22.27423151425379, -23.22323069455308, -22.285263560154508, -19.23680622482999, -14.359968531921592, -8.672485714244688, -3.704976187617831, -0.8821942364854254, -0.9960425634125467, -3.9111721583324996, -8.571308628230504, -13.590552263535953, -17.972525524807242, -21.2258082764825, -23.065591265417368, -23.31751193794129, -22.043694387199245, -19.455177675496394, -15.538534074421795, -9.922400777381633, -2.3559204881642937, 6.659280445937729, 15.812010969331018, 23.550972076338102, 28.72794514787776, 30.92518169148171, 30.437768110289944, 27.98615586678058, 24.36366700813658, 20.29317359481282, 16.45995311778043, 13.44881500886414, 11.554913097745132, 10.687239612713501, 10.471001814057187, 10.44893684827877, 10.243143981529656, 9.626410159010586, 8.524019790745788, 6.973883829884278, 5.065972497432446, 2.8978303579451192, 0.58655433671638, -1.6664811713651562, -3.5242293064238672, -4.558559848986611, -4.4144294949101335, -3.020084796706352, -0.7135551095323054, 1.8206267119893742, 3.8273828089641047, 4.8642039955426455, 5.0744701866560336, 5.16590566716536, 6.038647303042561, 8.056305867434876
8.662994317812132, 9.281778453401397, 7.705076462065008, 4.714037576161787, 1.7001914438498735, -0.3160990575726593, -0.9971175064809206, -0.5746283223529957, 0.36251399405277507, 1.1537488126902036, 1.5286433292444974, 2.0301426799724864, 3.7850854489494554, 7.5207668631263775, 12.737749350697017, 17.880229224146866, 21.28047876515719, 22.00229057002988, 20.086605136923843, 16.35368163933718, 12.04751072062931, 8.360904222329172, 5.940631808322333, 4.703501105989903, 4.111021340002125, 3.670901361553667, 3.3138956843753524, 3.4119787902967786, 4.408963767383809, 6.375771246081281, 8.974896318346469, 11.792855071242954, 14.467916600125355, 16.513838005795463, 17.30028298261625, 16.315353726543663, 13.411391612607535, 8.856454161961642, 3.2283069405448943, -2.7814619779735796, -8.57573213012858, -13.768284639941697, -18.148106584998096, -21.531907461404288, -23.631488810356615, -24.06370713659809, -22.502482893361925, -18.872289421688297, -13.561037851290726, -7.599124056972465, -2.539617399849791, 0.09866377686195585, -0.44481269540372925, -3.7375908611876865, -8.448381397833774, -13.24746255380121, -17.424535795960246, -20.723361704718805, -22.892272254022544, -23.593600514641263, -22.66111792092004, -20.254898102788488, -16.641447178573234, -11.845478297229445, -5.672998995198628, 1.83499913209421, 10.028745667090678, 17.766417421143206, 23.890325141509738, 27.677471065691602, 29.017559281873027, 28.27207466250443, 25.990029163588673, 22.77075483746665, 19.287475522040957, 16.213610989801175, 14.000461313961313, 12.723025457472708, 12.125031267610847, 11.793586333801787, 11.337425850587765, 10.498573690877507, 9.18408415769316, 7.427781210407667, 5.314454694707103, 2.9295501243824713, 0.3874073899841321, -2.080421171314958, -4.068075475199638, -5.0644345623495886, -4.666932068451936, -2.8429840538426556, -0.06748480417928761, 2.793883999361391, 4.84859826823207, 5.623413729735745, 5.336103902847154, 4.821034162189546, 5.111685103588109, 6.700752773131872
7.261139229070112, 7.883635720559795, 6.657675917609612, 4.138141773625357, 1.4346242868594867, -0.5776924681232841, -1.4832157541387816, -1.245663039507129, -0.13951734242703567, 1.3063384188430744, 2.5634246165106327, 3.5647107949849772, 4.885242645184723, 7.234691524000641, 10.688577776908076, 14.44807481537273, 17.313186398770174, 18.36578482935415, 17.353502755427133, 14.708588120575245, 11.331883703285257, 8.177372801268056, 5.793002972258758, 4.153229618340351, 2.898718694199872, 1.7438938988513666, 0.7565023909262233, 0.3756700160332522, 1.14984693142775, 3.3068870226705203, 6.508399222119776, 10.048958075634753, 13.223479230064328, 15.457011905688478, 16.259753503563598, 15.260092368775204, 12.33679877677227, 7.7220069320245965, 1.971614667631374, -4.209908319998862, -10.187785327737943, -15.518388020693624, -19.915269551318733, -23.111233739741785, -24.746478478703683, -24.42074244600154, -21.90453751881158, -17.345020608290707, -11.393661538200542, -5.273742443106476, -0.5988634596696986, 1.2530592403034906, -0.09245955330305837, -3.782290884746647, -8.386786802365025, -12.842192329348366, -16.781034960965286, -20.134643236653556, -22.65957132430374, -23.895106915899596, -23.465545113447742, -21.35983996907638, -17.90486722008018, -13.442673650503124, -8.06547363404143, -1.733881401083981, 5.356470579685721, 12.576735078130401, 19.02933322885975, 23.912652194216125, 26.80430184499655, 27.690968144498292, 26.819170454883, 24.60887369871905, 21.669383334319452, 18.70651629871182, 16.278762031895603, 14.607996520866596, 13.577907759608127, 12.869650170090813, 12.128274875035233, 11.089523062000342, 9.633621206902012, 7.758657436956191, 5.509361345766073, 2.940205814533418, 0.16835097556527207, -2.5216904560758464, -4.631954622724682, -5.557448511528718, -4.851888848942174, -2.538101112181437, 0.7458265492856816, 3.9311610744905576, 5.9990218489672635, 6.495300214000152, 5.758195409455082, 4.736374680793287, 4.51410063732001, 5.620948462392577
5.959220932288108, 6.512203530285202, 5.549841258874654, 3.4342668337362645, 1.0155952536641477, -0.970917254321615, -2.0779649400466442, -2.100955573292522, -1.069656780161518, 0.6965990082057355, 2.6574429290140253, 4.387329064628682, 5.923142335893176, 7.66904761234939, 9.889110656624943, 12.325755366204982, 14.300079057387261, 15.131297591254944, 14.50867691208698, 12.630680012907154, 10.093309781732655, 7.557021155522435, 5.383410643306943, 3.537073727850548, 1.8078179591332657, 0.10844561452795382, -1.3815302168174994, -2.2414642425504927, -1.9501307805825019, -0.1585992302810097, 3.0072423074649355, 6.905071520140725, 10.661001013310427, 13.477528269361022, 14.750041460605411, 14.08641810853079, 11.366616361991447, 6.820911821431771, 1.0084120207827496, -5.346943008056587, -11.560190410688445, -17.096189761620867, -21.546685900985562, -24.52624017279735, -25.6000891813471, -24.37623867120858, -20.76384436303753, -15.198113944510107, -8.687084395818136, -2.7000537911792697, 1.1929046960261693, 2.003148950317375, -0.09946930752966615, -3.9482006670659517, -8.2392145694683, -12.281665583267094, -16.007055748359708, -19.448652351573095, -22.338208550034196, -24.132707408699982, -24.308872953370635, -22.66077711016357, -19.408418136138074, -15.020558263477538, -9.882929117841915, -4.135193419641709, 2.1680733634877227, 8.777621167874422, 15.150350300737198, 20.607552447209446, 24.588051555671946, 26.790272260646322, 27.17174984489121, 25.949409384472006, 23.62583435854537, 20.883326450876428, 18.332596982193838, 16.308829009465896, 14.836298783888681, 13.720265072054836, 12.68049680420508, 11.469001740801957, 9.934031551770259, 8.011507599711512, 5.677187182363463, 2.941683433252905, -0.06584826760500115, -2.986550460812111, -5.2146233771475154, -6.0541806000108105, -5.035480327224289, -2.2588437645327017, 1.4682267183121165, 4.89257429755379, 6.908336982359094, 7.12078190900062, 6.003817437149625, 4.597730316050084, 3.981952550302043, 4.6630674627510516
4.791701931686896, 5.264213783643468, 4.494282798072211, 2.6890466517108873, 0.4967649446077506, -1.443952349534946, -2.673544984405423, -2.9197363697485366, -2.0927547641195132, -0.33457047860949896, 1.9519367279947692, 4.257968907606152, 6.271820225862547, 8.01602687668866, 9.645919394284276, 11.145020081510422, 12.240293780618437, 12.58078148530071, 11.98571399796205, 10.575146025141308, 8.703801658442476, 6.729198133452513, 4.794977516726344, 2.8380064622269314, 0.7967789233734913, -1.2182978447967048, -2.9407942381603567, -4.043872017270863, -4.172774499194546, -2.999140374367943, -0.4299664117298051, 3.18308780392623, 7.086709747914652, 10.384986727157008, 12.285975355521337, 12.239846721574242, 10.026200324032965, 5.813844300658272, 0.1270835557415242, -6.306621936553518, -12.737501248140333, -18.498134496872904, -23.010987161415137, -25.744678118223497, -26.201495957206497, -24.04553165366851, -19.379924978339467, -12.963410469793539, -6.155821835060287, -0.592186398414586, 2.362921845699414, 2.237695963236984, -0.31619153292066215, -4.029153544924839, -7.872048895041667, -11.51415442303333, -15.088789473030136, -18.6556181090478, -21.904977293369967, -24.245870396562815, -25.071771832803055, -24.01862392984062, -21.126053266770096, -16.808478155402995, -11.610066346257568, -5.920336693468571, 0.09859771262068204, 6.337823816240351, 12.531084643176639, 18.21134293515909, 22.839099146287626, 25.962480850439366, 27.324521447048408, 26.954958433815115, 25.225584179422675, 22.748563896608566, 20.135898147990464, 17.79928225060713, 15.893226140047533, 14.362628776959257, 13.02856272896131, 11.676406586256412, 10.117940486067141, 8.20525319734521, 5.822993367766175, 2.9310321916222257, -0.3180078206276652, -3.471386876206655, -5.803263994538335, -6.533546028016562, -5.1939631706295595, -1.9878012787457187, 2.105695712883153, 5.676817229096684, 7.57299292989253, 7.486460426144935, 6.032480313558714, 4.331985671499596, 3.434684332386006, 3.7880352071828427
3.8201002088902167, 4.218744482607783, 3.5660679291413566, 1.95966641533913, -0.07743216890466774, -1.9469103546693016, -3.1840667781601986, -3.5319290828614878, -2.9083638264781793, -1.3699289845456892, 0.8563522932108967, 3.374313002493363, 5.762154519804464, 7.753321228593604, 9.265804785802851, 10.282873207441854, 10.756559767064195, 10.633057400201748, 9.937502552500737, 8.806836456930679, 7.4200707016999585, 5.870827416829182, 4.114127280752102, 2.082865817269334, -0.12645080642287151, -2.219284842506845, -3.8763257754760394, -4.915770611913186, -5.2324184813506305, -4.641673179840861, -2.9297438365786226, -0.11519503330628028, 3.367861111022033, 6.74070010599808, 9.118604161085798, 9.758786978278268, 8.24527846359566, 4.589429130231915, -0.7871245866714847, -7.182724565688954, -13.776671500242392, -19.740209433317336, -24.292985131953138, -26.74280916199532, -26.551717264203624, -23.495490682996937, -17.922071965848183, -10.910538012977993, -4.089033162571425, 0.8862482061534094, 2.9771580172888896, 2.206725945008865, -0.46893332084978306, -3.8543972617475406, -7.230039070206402, -10.540829236028882, -14.028381251211592, -17.740442427261534, -21.332471711990973, -24.191476475207764, -25.671778153604212, -25.30394429473258, -22.951135971637967, -18.869711823026552, -13.59723542650453, -7.695568615821163, -1.5368391313861172, 4.699007042376345, 10.855306245394667, 16.64508739617119, 21.636675282089143, 25.3548159107824, 27.42750230667256, 27.74257649946716, 26.53920995787543, 24.329496469031902, 21.687489804274716, 19.06895071968768, 16.744568918681352, 14.805480335183463, 13.19123248378987, 11.7318642380249, 10.19774335365348, 8.339891631813051, 5.936622974345798, 2.8957177753322036, -0.5942139436506727, -3.969646722130404, -6.374436874658047, -6.9494385125394125, -5.250609602369351, -1.6121880690070711, 2.8039823463578495, 6.448353966381438, 8.152886805886578, 7.723136871430136, 5.931189174302865, 3.9852055201430003, 2.898574061659306, 3.0318227893604557
3.0824382227108957, 3.414353744456002, 2.7990549863085716, 1.2807477633209063, -0.6609178150307526, -2.4196408133312457, -3.5374639754073915, -3.8362942784272187, -3.334977554163621, -2.0934384324956166, -0.1896439143634925, 2.1827382186497726, 4.676577664131051, 6.8923781839210285, 8.520595015625243, 9.413998587367896, 9.58640751717251, 9.179975560931808, 8.405330576251144, 7.4474937458242, 6.368404793579872, 5.0716847074951765, 3.3942813909646246, 1.3074372302402, -0.9357061507989719, -2.8952426051936766, -4.247333141126548, -4.984038436921779, -5.263777041216388, -5.0886188103476035, -4.214243839622046, -2.3977714472012464, 0.28373030396221555, 3.3118010057059473, 5.854574139555073, 7.038048698942028, 6.225352281740658, 3.2060013797142672, -1.7594293398442307, -8.028735848621512, -14.720023194564423, -20.835656084896375, -25.37829336257697, -27.492408167775636, -26.62602057362311, -22.716868444905163, -16.39316406220962, -9.022755766048109, -2.3888655949900857, 1.964418301290338, 3.366150057225771, 2.2253182552855413, -0.3676574259653601, -3.374893257912932, -6.3419714831215845, -9.39610392747645, -12.83058569702606, -16.679853049263656, -20.58592994434643, -23.93191669992583, -26.053949249603033, -26.41722967551648, -24.748439682669474, -21.124258934726125, -15.960814829034776, -9.856366270304397, -3.358745911086822, 3.1749606781077335, 9.534629995018387, 15.507387727040786, 20.76934338775209, 24.897040424227164, 27.490672438885085, 28.351786714876262, 27.603227966856725, 25.64605667315226, 22.992367090885523, 20.117490578325476, 17.39430502754638, 15.061273763843715, 13.18637835495098, 11.650660906548927, 10.178109611373614, 8.406489294649663, 5.999925293925332, 2.817974683307301, -0.9022761109733255, -4.473613519319785, -6.902558054241204, -7.255071919724466, -5.130998567348653, -1.0250256757324576, 3.6976293537981495, 7.3516622748047835, 8.78025197101599, 7.935758915934672, 5.7738222192185, 3.604906267080261, 2.4060700394525663, 2.4263839584249647
2.5704292891445815, 2.8432753497993914, 2.19403496866401, 0.6757246348741822, -1.200678532294331, -2.7925043175931723, -3.6744197174588473, -3.797068350132309, -3.330225990616231, -2.384539739053175, -0.9243829153474731, 1.0738414778383807, 3.431917191844048, 5.74830356862502, 7.557980605204377, 8.545590093430432, 8.676210885454397, 8.176475166209176, 7.3771282661286035, 6.5064442787891466, 5.561457954996202, 4.343011877247466, 2.6518834766113812, 0.5352423242684103, -1.618004728582183, -3.283381146267466, -4.19060231328933, -4.518953683825419, -4.654868401964852, -4.75272089040718, -4.566354580073049, -3.6815898579504895, -1.8921603772233606, 0.5589628637337228, 2.9847433442805125, 4.47524271833081, 4.218576656051915, 1.7803126302695853, -2.764090569822329, -8.859279268131097, -15.584538175712604, -21.785104259384717, -26.249012984612737, -27.963727067868533, -26.38803907147436, -21.660259222412915, -14.707996977645223, -7.146248834898172, -0.8126589847678293, 2.946414815194894, 3.809585343878929, 2.457585214632233, 0.013032811291003164, -2.650862137003754, -5.279507400194819, -8.118589269045602, -11.494978232927345, -15.447945139567167, -19.629459257715794, -23.430687185088733, -26.176449795501835, -27.287216371869093, -26.393898145786636, -23.42068973091344, -18.620960848916948, -12.515449172968461, -5.721570698699366, 1.234716365618194, 7.996116747706326, 14.306623081535015, 19.888469741504768, 24.38246702744289, 27.412402422642682, 28.7414018966293, 28.40188209182927, 26.688836901649516, 24.04270713675235, 20.94221287667693, 17.849788190056323, 15.148249532443167, 13.037657859274253, 11.451993256617524, 10.064741845337062, 8.39458072603708, 5.9919842663392116, 2.677399334846414, -1.2520607248668545, -4.9781791246000475, -7.368831954328531, -7.421397240524361, -4.797777573606535, -0.18136666238244592, 4.836326862804748, 8.435887009766782, 9.500464834487667, 8.165833767867277, 5.595505705699357, 3.213166467388012, 1.9627810373992522, 1.9665561216883947
2.238708668121861, 2.466071066337748, 1.7354691048723112, 0.1671419022918969, -1.6385527445040153, -2.9963314657143267, -3.5521753887923775, -3.425768444615785, -2.9522876280799504, -2.2941944413417628, -1.3145742911264575, 0.21215301628081143, 2.297382490915052, 4.607043518607141, 6.592278932465336, 7.782584409157721, 8.036543969421773, 7.5757824754423835, 6.781391362187799, 5.910152214748371, 4.941162140668993, 3.654807990534866, 1.8867052902847081, -0.21861116525169957, -2.172618141222936, -3.435799955165832, -3.849579788586166, -3.7854856707198024, -3.8024221726776406, -4.132936667466404, -4.501644205845075, -4.376113607305866, -3.366851578682416, -1.5125323448201538, 0.6515254714562907, 2.246846730480976, 2.361916126667143, 0.38576992663154674, -3.778609193062619, -9.676732225956517, -16.37534599800304, -22.58525673188654, -26.892888337338704, -28.140808851336505, -25.820453099205267, -20.297326042324784, -12.804848841016838, -5.165818640878013, 0.7999216755529045, 3.9867270736550378, 4.388766597837699, 2.882608576557719, 0.5822855065605611, -1.782540187843514, -4.1097106018926866, -6.734221667314154, -10.019002793779867, -14.026889593399675, -18.436464074428596, -22.65553385096454, -26.001358584671394, -27.858427869853543, -27.78801943964495, -25.599965945741452, -21.396282096298783, -15.564671218365339, -8.686685067575176, -1.377441206721784, 5.852921227183587, 12.629449429135809, 18.63984617343457, 23.552696262938262, 27.024118872206785, 28.80684308506648, 28.868670327621853, 27.41287698878433, 24.80887355677179, 21.529316544115304, 18.115052937588434, 15.08665066428221, 12.773506047836689, 11.159951659386484, 9.86639571186302, 8.294395760853957, 5.890855705980029, 2.4515365725427642, -1.6566610416878356, -5.484144035885235, -7.766582119423202, -7.443763399979856, -4.257254546121437, 0.8980571307947176, 6.189441610800852, 9.672714670213919, 10.302135327875973, 8.424490942939311, 5.418726018362793, 2.8225727540230814, 1.5563245004596296, 1.616753651502873
2.023702610178921, 2.2312986200161395, 1.4059169377830163, -0.21964369702663653, -1.9187265553642523, -2.974484640548896, -3.1473313901946813, -2.7562867775311246, -2.2939796475354877, -1.946009244531893, -1.462016054365169, -0.43064744871223026, 1.332999209452688, 3.5800349890874705, 5.722768497089728, 7.163668993712762, 7.633015241879501, 7.2870753334916305, 6.501240779507873, 5.548519217270654, 4.430598468262072, 2.9745549658957033, 1.1024884207933217, -0.9373759466034186, -2.5979776131269103, -3.389147417943584, -3.3128408965300844, -2.933168475339976, -2.9294254665025887, -3.5392626430376954, -4.410991096933068, -4.905986300825999, -4.520755337615142, -3.174322234494272, -1.2949542411092525, 0.2903214871250361, 0.632885233450352, -0.991827756896693, -4.819631180327613, -10.498337358098423, -17.105438753915493, -23.243009593222187, -27.314567131161766, -28.034325649298744, -24.946255818969995, -18.659762942125443, -10.710290493309309, -3.0923558265368465, 2.442939021008987, 5.053417581989375, 5.023775296701231, 3.385592112294654, 1.2283703493125626, -0.847942947656102, -2.871915987970915, -5.2575382660643815, -8.40718809737976, -12.41596218066122, -16.997489948509532, -21.58438174314987, -25.493815072427374, -28.08110484752335, -28.851021921460173, -27.52655053015427, -24.08808282329404, -18.78561026980229, -12.102045477153819, -4.650011974264163, 2.964652612894248, 10.235898208981807, 16.758602190461946, 22.173208123221283, 26.143063875307828, 28.414248497851062, 28.90714158708003, 27.749177852938057, 25.244382762518256, 21.85434821087415, 18.188422172719594, 14.894747688457445, 12.422517290266935, 10.799047917141337, 9.591232910380088, 8.094405195328555, 5.672135441569795, 2.1148203359919644, -2.1337912955096274, -6.000112215574467, -8.102595214234904, -7.3398417460032865, -3.5494164266597683, 2.1490712624605304, 7.681484189755453, 10.999375654323794, 11.156021696097111, 8.71754832206112, 5.264454585210447, 2.4415476768805444, 1.1643959844253176, 1.3251436911316457
1.8577331983345895, 2.08832417236279, 1.1914075455397608, -0.4607327849475756, -1.9986710383541142, -2.6938067150931495, -2.457784332955829, -1.8258502934433176, -1.4286717812252938, -1.4383408217489697, -1.4708642059604013, -0.9396744278306653, 0.4899630482599631, 2.6484811631106635, 4.93178580039551, 6.641405457717313, 7.375536965826946, 7.18771255923842, 6.407445695910484, 5.315518531650628, 3.967518273372386, 2.286123742021095, 0.31361886928160654, -1.6005407967759757, -2.8882009915708524, -3.159306940022853, -2.609422033530755, -1.9896998615935089, -2.0601193847175803, -3.0152349753133905, -4.396052356152233, -5.456155363478589, -5.60716559343904, -4.697814432476474, -3.092022329643096, -1.5721204453574427, -1.0897862992491614, -2.433318334625433, -5.943209319825411, -11.365359265940624, -17.806151628333843, -23.783182956702092, -27.53896761733768, -27.680641130126133, -23.82463238351481, -16.833038889210346, -8.528849617503932, -1.0390478936192586, 3.998037358579425, 6.021937777769502, 5.591459220080649, 3.863391653464966, 1.8833017015329045, 0.11880824715791462, -1.5818692102475964, -3.7026334706845003, -6.678820338463604, -10.635101603970842, -15.323287937373387, -20.210717403518828, -24.62753644246671, -27.910360995258397, -29.51536845589161, -29.09249456527366, -26.524887273249224, -21.943502430524223, -15.715110288842238, -8.386959060413055, -0.5856827150091473, 7.09035331262528, 14.128810018770292, 20.097938529186283, 24.62929004205203, 27.446193712607247, 28.425491399744345, 27.62936138841991, 25.302091180433838, 21.891443519858143, 18.066105729002402, 14.58780928595199, 12.008936587540024, 10.387902512095367, 9.240629793416268, 7.776633456363591, 5.306063086463386, 1.6368865416439795, -2.706913571171612, -6.54302362668259, -8.395886926925797, -7.144104938899205, -2.7348818873339185, 3.4861920711504237, 9.21977465343889, 12.342307569223612, 12.02471422826014, 9.039364081891435, 5.138060895724019, 2.063158153964713, 0.7532494171373976, 1.0322375167172209
1.6767939988300353, 1.991456730016076, 1.0785418585405964, -0.5428143855757127, -1.8603910982985896, -2.1534804340865, -1.5062907572955024, -0.6705704472997536, -0.3913738968400799, -0.7995859385152011, -1.3678491819037886, -1.3463813953629935, -0.26950975157954865, 1.766947613093042, 4.158705332734443, 6.129745685428156, 7.150626503110234, 7.1494870432428845, 6.380910418980651, 5.125039634638113, 3.510829886274756, 1.5881927386496815, -0.46015856862814963, -2.1897460409933407, -3.041671609486535, -2.7607202877511194, -1.750583517118601, -0.9343587407174303, -1.1224054887925563, -2.445517002817074, -4.337834519605051, -5.957663150458238, -6.643423900648487, -6.18283664281435, -4.884375826080815, -3.4864942218351054, -2.927223042984122, -4.030138145451939, -7.218479070469202, -12.333418932855961, -18.524289102845007, -24.24572205005797, -27.60384591017493, -27.126115065643397, -22.523897392601338, -14.91465707866244, -6.3822941468235, 0.8625026815771161, 5.3398988047689295, 6.7869698671347525, 6.017253955916543, 4.276236693342019, 2.5348791721224857, 1.116580956799568, -0.24685919886956992, -2.092127590348487, -4.869822808198543, -8.723658387804571, -13.444805017125612, -18.547638008935678, -23.392793023279836, -27.313279157282633, -29.72542955589412, -30.212447811617047, -28.572790954553053, -24.837451528356716, -19.264918335258592, -12.311514520990508, -4.567182654727772, 3.335171581494884, 10.800496879343878, 17.31060714960219, 22.433758019334284, 25.846245264674234, 27.373284953801946, 27.01369427459323, 24.954283237933232, 21.62666910203469, 17.749590522783187, 14.179979801820178, 11.54995450834974, 9.933926551138084, 8.80369455879759, 7.312742216001232, 4.755511885030866, 0.9818506306985935, -3.405235734908113, -7.1372499843409125, -8.6749331689702, -6.901843741275859, -1.8848810241011966, 4.815262204452464, 10.704565598429609, 13.617724201940153, 12.850629790969561, 9.353131961988415, 5.010885488936308, 1.6545338691417515, 0.2765314664610455, 0.676712361053273
1.4251415351989105, 1.8991341081674205, 1.0481511559813492, -0.47210958416886295, -1.5181040302061797, -1.3897440832179726, -0.3444934843347966, 0.6665269366825726, 0.8072895750983057, -0.0018249138101866813, -1.1016054894207663, -1.601230220084456, -0.9185410559829245, 0.9293069188935624, 3.3611411738035235, 5.550816424267137, 6.852613085529794, 7.056669168587616, 6.319746985515705, 4.908966127546136, 3.032915825986781, 0.8850190788644527, -1.201650468153964, -2.695901492781032, -3.071695385360668, -2.228416760338984, -0.7740322456108089, 0.22351035707326913, -0.0692832250148683, -1.7171322136229301, -4.073820121243314, -6.237698590902736, -7.492479263404236, -7.55763733748677, -6.664742444696673, -5.486549914788652, -4.92854231004187, -5.832972173620495, -8.695491059190514, -13.453150846040721, -19.3091821913666, -24.6738773045749, -27.54455186358485, -26.40425821543788, -21.08732560594001, -12.965720283051205, -4.345871030219215, 2.537703090683573, 6.411866465826557, 7.3210657582108025, 6.303912265441482, 4.647248552478945, 3.2097490836470386, 2.158923160789876, 1.1237120733735269, -0.4589248499226763, -3.0295727625567954, -6.736729660239068, -11.4118043521221, -16.63011093703539, -21.802881156458824, -26.27802719867713, -29.443845241785663, -30.82211857417262, -30.131433663468556, -27.313531768422028, -22.53151815314318, -16.149516693212977, -8.691711766405495, -0.7767098229581926, 6.959704173544551, 13.927127612945775, 19.61909065419626, 23.64540520285213, 25.76619149850577, 25.91133077700195, 24.208248326957936, 21.06939708883639, 17.2527840440781, 13.68699148551524, 11.054703594366913, 9.430573671366577, 8.25507060623318, 6.663696327590126, 3.977383474553719, 0.11055146119443356, -4.2611875545957, -7.811522324677977, -8.973180582285952, -6.662581889420931, -1.0731005825091504, 6.040640991961567, 12.031141999996109, 14.725783731582066, 13.54428819319928, 9.579374864611738, 4.814179762918243, 1.1575590138035092, -0.3191894986249701, 0.20241743012181085
1.0590811258609487, 1.7724888867681114, 1.0704694473127985, -0.27871215808856564, -1.0189868445052552, -0.4737009658458786, 0.9466735858162153, 2.1240245851218758, 2.151961227476185, 0.9935087384519549, -0.5936350523976246, -1.6131436299183683, -1.3814241616230831, 0.17653947325277697, 2.5366091949767586, 4.85913609982133, 6.402940813403514, 6.8170025346009675, 6.141520778560947, 4.612798777663921, 2.512524023010073, 0.18017641928334924, -1.9002390393773272, -3.1217838627974377, -3.009609840914482, -1.6244692345357301, 0.2414696827543039, 1.4136892760974542, 1.0630734836272846, -0.8153558193459733, -3.533579781084639, -6.179081085392727, -8.013440550044585, -8.687603115058039, -8.327805471760673, -7.503595358886705, -7.05732075401212, -7.831197539265466, -10.385192146434806, -14.752402471224313, -20.196459908690535, -25.09828696175238, -27.37700136581867, -25.516055907889513, -19.509355817462676, -10.982366465289994, -2.416701946761998, 3.9981654072862907, 7.244941332389195, 7.677987197327773, 6.520249854230102, 5.043695970321332, 3.9558486485062123, 3.2635172980014158, 2.515927549600168, 1.15700333753669, -1.215679789497731, -4.740558813531886, -9.290053557227298, -14.514405497027003, -19.896438817452985, -24.819540847386026, -28.658702103891294, -30.881705117973798, -31.130211862872635, -29.260803053983768, -25.349479722269955, -19.674633738553467, -12.686506467776754, -4.960493228030199, 2.8656266692906485, 10.158018046427163, 16.343804844823094, 20.959439095794135, 23.688979571811597, 24.385039450335224, 23.11135271795752, 20.25699509108137, 16.60534854316384, 13.127608355818465, 10.524623355603328, 8.858468457317143, 7.55837530272705, 5.785682265872383, 2.929883513514284, -1.012199879361567, -5.303864101137892, -8.592703424322032, -9.322110738006128, -6.47160025763841, -0.36606073837325026, 7.0740317168901585, 13.09559180030676, 15.55326160328256, 13.986917919751322, 9.601534571517691, 4.447953179253066, 0.49930883571565815, -1.0842857669239603, -0.43364040583609875
0.5504442875409786, 1.57593607609897, 1.1048775008625997, -0.014117116361697423, -0.4358397902604874, 0.49879005615758176, 2.2631624075224943, 3.6155660332081494, 3.59656871952109, 2.189388408157344, 0.2020448465351733, -1.3095917817942662, -1.5805791940441238, -0.4296719737736789, 1.7153065120619542, 4.0465498323920555, 5.759351581539986, 6.369243165398774, 5.78643806992189, 4.195007646481669, 1.9326858947049945, -0.5247112563636251, -2.5512262603273395, -3.4788413900186614, -2.8980080527957797, -1.0264114784043208, 1.1925109276943953, 2.523510083366962, 2.1690567519357784, 0.1743501853166478, -2.7697437200981283, -5.788769152000986, -8.16156809830292, -9.484870169564664, -9.76402370822814, -9.430231783917288, -9.225551458438932, -9.965088347840094, -12.258231734313691, -16.22742282396087, -21.195173532530415, -25.522718776172113, -27.084721952466595, -24.420751208083455, -17.73160412202165, -8.89762787702828, -0.5219794178200204, 5.327161848106476, 7.938811526502342, 7.972670852578246, 6.7828303711738345, 5.56214310377411, 4.832341299164129, 4.447570350446633, 3.9115613924944794, 2.7120306340059765, 0.511022281591585, -2.8070779513991, -7.1562207669559355, -12.273970197615178, -17.73497889627281, -22.97966398911301, -27.386682056146498, -30.379829824744153, -31.52818718054696, -30.60530787066537, -27.603610219245407, -22.720750273424905, -16.333319312932115, -8.960891192266025, -1.217245351850308, 6.249221679524082, 12.818537281731501, 17.959496137580945, 21.276602031740733, 22.5394214835314, 21.744235105714992, 19.251217996452173, 15.850883500697712, 12.523474624157444, 9.956253466370073, 8.192571203498378, 6.677829681824166, 4.644557093116828, 1.5873376775236916, -2.4043271471110064, -6.5478743563541535, -9.496212261212335, -9.741917176692665, -6.359481857039765, 0.18903767431982643, 7.847824283069077, 13.808884333750049, 15.98940989822708, 14.049473580411238, 9.286767011987537, 3.7996830019007692, -0.3939705688665874, -2.056543671803941, -1.2549254601961572
-0.11079636516486038, 1.2802334349091264, 1.1046878643556777, 0.25750421244805854, 0.14659303790105632, 1.4233362379927301, 3.4907975271375253, 5.033099943225955, 5.053737915485107, 3.528375542797826, 1.2627139537038974, -0.6784125020814774, -1.4761582894119916, -0.8370419825400016, 0.9429111173169883, 3.136429935051149, 4.916954937291549, 5.6862962913390716, 5.219549778893411, 3.627729045807263, 1.2808987183912734, -1.2290036702197895, -3.1528671643467043, -3.780662767152506, -2.7785273342264984, -0.5071476386984318, 1.9805322426358942, 3.4371909824324134, 3.1217197238588335, 1.1188679146829812, -1.9112960348307513, -5.172377829431751, -7.996637042820589, -9.950265313777637, -10.92036692237814, -11.180201306296377, -11.339238422099726, -12.153546758363019, -14.25736154036632, -17.84406512944831, -22.281838180233667, -25.915583182085776, -26.61353023514037, -23.03916626938886, -15.658070239874569, -6.608288095729424, 1.4466313595542746, 6.64531180953872, 8.634936637777615, 8.362914156071218, 7.242018847266215, 6.315489267106143, 5.898142061944635, 5.719907114776609, 5.284741570966192, 4.159813036604907, 2.0908598457522416, -1.007195126994108, -5.090214837547023, -9.9920865209848, -15.396647706691358, -20.822630068696835, -25.67109311050964, -29.334197098178826, -31.314885504565815, -31.306825932683687, -29.221036257764364, -25.17674088245591, -19.477800562895055, -12.582998318420834, -5.067584671195178, 2.427140287928581, 9.25499310885471, 14.830335740648923, 18.682620761117196, 20.498340404574055, 20.205317715792926, 18.12792642161473, 15.041193832652134, 11.899085179236897, 9.348671370939154, 7.4173990816693305, 5.599097176848597, 3.2384886329668774, -0.03888109726850784, -4.049052463893614, -7.979448484876982, -10.514769433082005, -10.231492332999743, -6.331677626903388, 0.576659571128662, 8.330433366796036, 14.116353607884662, 15.95085233136584, 13.622228160545832, 8.515677170659755, 2.767924069288272, -1.5827079233241927, -3.254708250180949, -2.262308028274298
-0.9152004514675554, 0.8668016959750593, 1.0251761051550718, 0.47150276358336285, 0.6478515501360861, 2.2056022694732236, 4.523187040835546, 6.261304713532519, 6.404567047892666, 4.897509858709436, 2.496065956000072, 0.22440860441804736, -1.0798877716212947, -1.018984936569333, 0.2662081499714311, 2.1737743735367125, 3.902712274399316, 4.772510294703206, 4.429361025103121, 2.8960388893410607, 0.5490783577265389, -1.9320338889766575, -3.7034652190678004, -4.036807853439237, -2.680855619617011, -0.11775183930571938, 2.536556287168174, 4.0698901249838775, 3.8184260722426675, 1.8956986777486093, -1.096065674731504, -4.467500243274274, -7.631665286430116, -10.149023079936763, -11.804099522938746, -12.710673178125425, -13.32621585587666, -14.318106435356317, -16.31351107691499, -19.545314372341405, -23.401278716409102, -26.208730396030884, -25.874977889052225, -21.268030945818005, -13.183043920896326, -4.013138267576338, 3.5939516404439376, 8.081686016144996, 9.499847434536449, 9.035768095973243, 8.062564340120526, 7.408252948064978, 7.188763072870674, 7.064902817297766, 6.594243293438514, 5.450653341462646, 3.4698903071337943, 0.5971290248682348, -3.1657611262488587, -7.75252895796606, -12.967861368732802, -18.42794643707433, -23.576362736610793, -27.788407350536154, -30.50919888047405, -31.35718793943246, -30.165337791940793, -26.976578259979554, -22.022072576530736, -15.696352313212612, -8.527294686712048, -1.1343960013556225, 5.827488281858623, 11.733532809780007, 16.048106770554735, 18.38047143028427, 18.592152195997926, 16.96356738084013, 14.229110308677978, 11.283532814651311, 8.715631925714687, 6.547820757429528, 4.354068796480161, 1.6215745605554546, -1.8809607447260297, -5.880045334303416, -9.545022474567233, -11.609334570568404, -10.760883931231776, -6.361369395033948, 0.8213672439250729, 8.538241839457765, 14.01549626651504, 15.406452619207057, 12.645096029383952, 7.213390613813936, 1.2878589166211285, -3.0986472165258023, -4.67295469486711, -3.4332971049344025
-1.8337924190472557, 0.33147923768949866, 0.8319865737516288, 0.5748159442639602, 1.0062932213313474, 2.777885299151849, 5.280786076366288, 7.200088993587333, 7.52509113379737, 6.157235083524604, 3.7672289623789688, 1.2943014077769306, -0.44642200769174983, -0.9762917590929877, -0.27515345760440785, 1.2148267306438498, 2.7661675455735653, 3.6571687762817193, 3.4244645968959357, 1.9971817104371556, -0.265694636214718, -2.6317457600293945, -4.199460633884634, -4.249674589487407, -2.617602454986807, 0.12033280502476276, 2.8328269315557577, 4.385421179930468, 4.207477276555911, 2.430616035356303, -0.421896548314109, -3.786818564293808, -7.175440062490633, -10.163119447334788, -12.453304252876306, -14.012647404582045, -15.141417673843694, -16.395250787406965, -18.358298496455095, -21.26008462374707, -24.47180800299532, -26.30306773292789, -24.758312353347257, -19.002577256116755, -10.22351067587474, -1.0470542847703153, 5.997616577382306, 9.764099377265866, 10.716252959984985, 10.183081353321352, 9.382582674121798, 8.892478126458192, 8.682577458309304, 8.423590857417757, 7.776836890823901, 6.532653665671007, 4.605555872046753, 1.9611299415299395, -1.4408577428782272, -5.629916923792202, -10.534441968429428, -15.882558741715691, -21.18114074400272, -25.80636026292654, -29.155785403957825, -30.778101526746017, -30.43291931783013, -28.091114379986696, -23.912443246338437, -18.223921487803494, -11.49830999409716, -4.321668162709821, 2.656711357388637, 8.787119235447017, 13.481089571482908, 16.28034364550275, 16.984531968549508, 15.821629634794602, 13.461186503511692, 10.712071236757284, 8.095590415102725, 5.643406343282852, 3.03392931152857, -0.08797472408216278, -3.81117668616093, -7.780105122803927, -11.149891480553606, -12.707282613755758, -11.26967694218344, -6.388491642476503, 0.989022278160721, 8.539314464051234, 13.564731727206203, 14.392211597336562, 11.128118860131202, 5.373874809785263, -0.6446851424378542, -4.92726695554426, -6.273173124939223, -4.721312271775001
-2.8196637068142434, -0.3138570019112687, 0.5073665051849461, 0.5349044135318266, 1.1886155232307027, 3.109635816292988, 5.725653780673533, 7.7873404350974065, 8.318225847401045, 7.17949206684287, 4.936431370356293, 2.408035028834854, 0.3441000879281554, -0.7325423121256645, -0.6535702896370731, 0.317710021613144, 1.5704080831216782, 2.3890862775060393, 2.2329109299197163, 0.943603022016926, -1.1569543918303482, -3.321543134447753, -4.634284061496922, -4.4151354162986545, -2.5861418770468525, 0.2129449409425537, 2.881270103886745, 4.397566066569186, 4.2941180393224325, 2.709340873395003, 0.07140433478705271, -3.192954500939956, -6.701098416305854, -10.057850305481802, -12.908373257598974, -15.093133050286061, -16.760929302154917, -18.338886124128457, -20.329818724882337, -22.909122261455504, -25.391940870765158, -26.079846999633332, -23.14986679722732, -16.163550932519247, -6.746551584492914, 2.303404872726335, 8.709294791167691, 11.821067119862958, 12.459785757723925, 11.946989696119426, 11.248210472763942, 10.716532055542647, 10.273979268612981, 9.686693305825465, 8.750747253924947, 7.358408591302113, 5.4735679610406685, 3.064153458989797, 0.04976243128577012, -3.6816126292703553, -8.173681923529248, -13.273601207906273, -18.571567622717133, -23.465852158183587, -27.319613776333796, -29.61740951155776, -30.05002558031625, -28.522706245551706, -25.128791150740874, -20.12685241658884, -13.92695639725234, -7.0698773756580735, -0.18592819428100488, 6.063509317939282, 11.049622814192578, 14.257927988842477, 15.432154493700697, 14.740883558291902, 12.76896537909096, 10.22037304554344, 7.545410659960847, 4.796533718948401, 1.7688919338017435, -1.7344060894298008, -5.6690002296549284, -9.603291686076792, -12.673218496957075, -13.71160941349835, -11.673321089569281, -6.325743398918712, 1.1802026539335424, 8.447116690829198, 12.878862509199443, 13.01006660497392, 9.15615429834237, 3.07233956250161, -2.9555464166405296, -6.991616219069994, -7.976565238185698, -6.055117614393195
-3.812909082765652, -1.042716320649542, 0.05290395734610668, 0.3439881697256122, 1.1927006980717831, 3.2092847214002203, 5.8666280386344125, 8.012713771167144, 8.738127472555536, 7.879646244291563, 5.892016138143767, 3.450695180210259, 1.2020809140771036, -0.3298850108201274, -0.8579878711251161, -0.4655932621332728, 0.3856794664480949, 1.0352579367358363, 0.906522959635741, -0.2291959645327987, -2.1009989418641535, -3.9854478334656727, -4.997822421225309, -4.526151260065966, -2.5756290192370823, 0.18369115367139668, 2.7226555561863224, 4.159148651117446, 4.130169858147785, 2.7679545919341995, 0.3942409187602328, -2.702297798827288, -6.2437951921556145, -9.873373068551121, -13.20042548235267, -15.964678929305895, -18.175226081570546, -20.117074182733205, -22.171595441713805, -24.406600377456964, -26.047608812261128, -25.416674956875692, -20.95718190184091, -12.72189795310512, -2.781266825835527, 6.008844445437746, 11.768858658446328, 14.366656982152863, 14.839178890537466, 14.340479075882287, 13.55382391260399, 12.703808688581123, 11.783284239997666, 10.717886034491686, 9.437845399765271, 7.899709296191121, 6.0753770050635385, 3.9134002430416213, 1.298145209527296, -1.9428668008021497, -5.948531436816796, -10.682578103210556, -15.835612296155354, -20.852523917250185, -25.079572516259443, -27.943564815230214, -29.068932708570266, -28.3016152543329, -25.67765013536442, -21.39163019098082, -15.786011040171022, -9.343955752123069, -2.662204961527393, 3.599731242240341, 8.785375099506199, 12.336395132272816, 13.948384515808252, 13.726628270293741, 12.15658016567302, 9.82388401971586, 7.105763685510138, 4.081367573082556, 0.6646287411953823, -3.191189411152968, -7.320736467662499, -11.220907137496022, -13.999397410328928, -14.520854318939524, -11.876393316229699, -6.069616557100004, 1.5182692411282956, 8.405938647722106, 12.112318777090449, 11.41345748715237, 6.882771900411251, 0.4684294010647233, -5.484436775361431, -9.145797696189621, -9.662389943590622, -7.3428408058442685
-4.750854734663181, -1.8184491141978767, -0.5111755477666249, 0.018441188873729274, 1.0438430378032382, 3.1171176113825663, 5.752690783937441, 7.916895885381143, 8.798434947258555, 8.232765445183945, 6.5707998119556175, 4.334757052967973, 2.0411543112910824, 0.17461634581908841, -0.8980692175691337, -1.0969083791376142, -0.7167780745789072, -0.3205171255015648, -0.4753255616036884, -1.4559507557363465, -3.050564508992413, -4.594831502964019, -5.27738938668568, -4.577928472963192, -2.5758054906403682, 0.06199664445829481, 2.411826775767885, 3.7445056368648983, 3.793677845062206, 2.6702942137264287, 0.5843314000190382, -2.305159984376379, -5.815314655613241, -9.632556210882735, -13.353215217927032, -16.64335667927311, -19.384966242728797, -21.706716659760637, -23.82798867540262, -25.660143563048365, -26.32142567479762, -24.207119617049607, -18.13247598618616, -8.712223684881717, 1.589756871927985, 10.017972046262335, 15.200777820258061, 17.4462962029276, 17.81617227014635, 17.195130662558647, 16.04829637852305, 14.607207565844261, 13.029149098341795, 11.418163955206781, 9.80743666224321, 8.16999217987856, 6.4452227638071875, 4.543455510372472, 2.3215490607377958, -0.42621379664356446, -3.9046470071329864, -8.181408948133585, -13.05894249998339, -18.055040027944287, -22.52227094509655, -25.83888097529454, -27.562672710482165, -27.48293718556015, -25.58908633980962, -22.023148342250742, -17.06200148583156, -11.121624601091552, -4.749680728396023, 1.4118248534057911, 6.693628196952865, 10.508247402609518, 12.513070033068695, 12.748024496136592, 11.5865881507823, 9.484813198787993, 6.745532266764789, 3.4790757301239204, -0.2819315023713954, -4.442965549823881, -8.730157415145111, -12.576176255633163, -15.056311391046394, -15.053721048096607, -11.788292366499077, -5.512536599543022, 2.1354497101340555, 8.571779202808008, 11.437971105973798, 9.793601047095368, 4.527771888605191, -2.19358280729627, -7.991638990868419, -11.189078879833048, -11.18455554712956, -8.486842208701336
-5.583025610461902, -2.6004217448353577, -1.1491535726420072, -0.4058807169819807, 0.7857568212334559, 2.8915525650026304, 5.456901217145803, 7.577300730836481, 8.563321497130982, 8.271790497499671, 6.963330377011146, 5.0103855285087935, 2.789098271165114, 0.7151605074360059, -0.8059083998120079, -1.5605801320043646, -1.6766252786492866, -1.5887604808809865, -1.8139830668995518, -2.647073705312742, -3.9386045151289264, -5.1118221474435055, -5.461671221418757, -4.572995309147038, -2.5837818953639524, -0.12620472139113545, 2.004749313502602, 3.231792034084894, 3.3661952319034874, 2.4816038417808524, 0.6797159259961988, -1.9898437528301396, -5.422256656745333, -9.351808481821163, -13.387057422500561, -17.14767862901518, -20.3969930003096, -23.08854133665973, -25.24110760734691, -26.574291747588727, -26.10618859679775, -22.38124587181084, -14.688459831504733, -4.229860314479113, 6.250772261274822, 14.264604446685748, 18.974698289913157, 20.968359875579104, 21.171069055360878, 20.20522769413306, 18.44742296029816, 16.246677748118444, 13.951703347342118, 11.814762285936947, 9.928623709085626, 8.247421664170156, 6.6543818998402395, 5.011591831364219, 3.1562859777477814, 0.8750935136145352, -2.070277717573475, -5.830222232186456, -10.32226128161032, -15.162000410456644, -19.73726887386434, -23.39281463098086, -25.61853101379759, -26.143149159005187, -24.916539538136135, -22.044699540072504, -17.7514706930283, -12.384344867409594, -6.428388912974247, -0.48930300103108626, 4.77088159586298, 8.75411899448014, 11.089762286991052, 11.747411707981275, 10.973925506293853, 9.087116918870288, 6.3211900607307205, 2.830003067967768, -1.2297889574443488, -5.62884794078218, -9.997951733491433, -13.719022347480077, -15.842804710132187, -15.267763260834183, -11.335126703624525, -4.553082405387984, 3.1585797845758674, 9.093975837849777, 11.03482594148041, 8.38149496448686, 2.382211306596236, -4.597432117828581, -10.194123657825958, -12.91268638125337, -12.412816894132431, -9.41156189644108
-6.285484672170462, -3.349530314162614, -1.8143765852124916, -0.8813691882499975, 0.46856867653357687, 2.593070582884238, 5.05699846857994, 7.0868364433578, 8.126873668831045, 8.070786294963114, 7.104615107174269, 5.465944890343751, 3.396530632714128, 1.2277657863052927, -0.6317334129406086, -1.8706663450069068, -2.46297838788168, -2.699988262691203, -3.0189060394474323, -3.713316723589562, -4.697521233429965, -5.50216576033116, -5.547830308283079, -4.5242945005958175, -2.6055100287805972, -0.3609783670883176, 1.552349846888248, 2.691184865961747, 2.91497459670108, 2.246397556592939, 0.6953613029304316, -1.7637810108423502, -5.081377687778747, -9.047789556498026, -13.316509214887397, -17.49032637454491, -21.215100723049652, -24.241255801999884, -26.351471792086503, -27.059919404538128, -25.322052592757014, -19.922412031633446, -10.701640014776473, 0.5843924609425482, 11.067203353437119, 18.64772969005226, 22.955274847265496, 24.683003934329577, 24.563754882861215, 23.063062255480965, 20.591776233717532, 17.64267782614873, 14.70263185139757, 12.111107408274956, 9.991950329693523, 8.279413246815377, 6.806300640728427, 5.388739722628648, 3.8486372401061737, 1.9810114995126993, -0.4581629982166783, -3.6762025677516523, -7.699325356774535, -12.26018993330866, -16.81435571313499, -20.69662076776474, -23.331044637904537, -24.375340159785125, -23.737455102979954, -21.50283384887015, -17.865007225954773, -13.115101181977161, -7.669203044142061, -2.0761067779781817, 3.0354334580117635, 7.078174844897435, 9.65917286439296, 10.66538458462081, 10.201905417832846, 8.450992543856875, 5.6012659511326905, 1.8745141425328111, -2.4416010360632847, -6.992679780811343, -11.327641496354193, -14.790959300683783, -16.426134627024336, -15.161379177520814, -10.463659273276251, -3.1045871007879198, 4.6948656439216645, 10.104168107283412, 11.091293233708843, 7.454570947847986, 0.7882171743719704, -6.4157042379995906, -11.850422483973716, -14.180736052646065, -13.291132875415915, -10.096113276393663
-6.866149684023243, -4.031534513865311, -2.4554829445937316, -1.35878338556493, 0.13634370904128057, 2.270641922722869, 4.619887952916863, 6.53461285100871, 7.589664132724693, 7.720044155731883, 7.053203248628374, 5.717241547644262, 3.8395449308441525, 1.6631533305796031, -0.43027300291386933, -2.067672017056545, -3.087943768281117, -3.63382767466106, -4.045343622087559, -4.60325151921866, -5.289264419278407, -5.754149946656683, -5.549146951561502, -4.454186559021953, -2.6500567908244723, -0.6219668209095865, 1.1040347052224968, 2.1828870200445554, 2.4845462153953153, 1.9743806387659173, 0.6050538291212423, -1.6732938079212032, -4.8368741281661425, -8.74649046445938, -13.147305657007404, -17.665048177294, -21.824928805084213, -25.13316475298495, -27.100882791081425, -27.047354488019625, -23.93303091797127, -16.87543913923611, -6.303495406651435, 5.5617452545479455, 15.884950684230695, 23.003165182688672, 26.88814870372209, 28.233021415960245, 27.64063634178378, 25.560544125384133, 22.490477517130326, 18.994452449121884, 15.584009864793297, 12.61862980329509, 10.254886085992736, 8.447079919220101, 7.0154196806831495, 5.745929893676369, 4.444937953464412, 2.917965332572822, 0.9317601650514455, -1.7525924251610077, -5.254400654673194, -9.432676410344197, -13.84207778688524, -17.83981806541311, -20.795174326418522, -22.282211093744483, -22.151635588126364, -20.473238700124146, -17.43620817258023, -13.301875585421483, -8.424440495957153, -3.279858328273324, 1.5631814130816315, 5.547052238779534, 8.254444368190542, 9.474236856495091, 9.167388785377245, 7.408660564986193, 4.384059486550825, 0.40674143101266846, -4.115989286201737, -8.729303185562491, -12.907086139923111, -15.94854070290266, -16.900216908505488, -14.755049705814004, -9.138279374361948, -1.1043329291148722, 6.819028584152154, 11.71199839479845, 11.801212639563976, 7.297141432175294, 0.04420220151879191, -7.434813708909875, -12.874834783266634, -15.010412531018575, -13.881841507537802, -10.592017209850255
-7.3557505553611735, -4.619992235165626, -3.02644315672917, -1.7994711286757947, -0.18324173318870984, 1.9548069814927875, 4.195604617228697, 5.995776774024517, 7.040708426750263, 7.3005154998028425, 6.862900216830578, 5.784267154599514, 4.109426919154804, 1.9934324494202604, -0.24103254013570133, -2.197359189029364, -3.5968532824672352, -4.4271697411089415, -4.917684090773606, -5.3328877981272855, -5.731336220728409, -5.8943017015479, -5.498553196338809, -4.38789235320655, -2.716833771061499, -0.8735631564397411, 0.7206312802280058, 1.7649262071714713, 2.097435328089044, 1.6332254617238546, 0.325632407224241, -1.8277048927080173, -4.789560019498205, -8.509781605889977, -12.891146308118701, -17.646197765588113, -22.184708367744417, -25.71584832389306, -27.43655598934254, -26.498793336962297, -21.95733163592111, -13.343775601423259, -1.6641022201675388, 10.518583630337274, 20.524311467120754, 27.098713483690762, 30.438416647062382, 31.230609907769544, 30.082610262647357, 27.541990332276395, 24.168715857262736, 20.465153081807692, 16.830120853261413, 13.579161217779989, 10.921810211584347, 8.897294049352958, 7.374504883789839, 6.139569280999258, 4.983469920020834, 3.713261832438675, 2.1096994795007293, -0.07750731833543967, -3.038384532814718, -6.754987396283121, -10.905406661632144, -14.907357271127013, -18.099673314829218, -19.96619131255836, -20.274415764432142, -19.06396574651444, -16.53546586055925, -12.954792518269475, -8.639429242260604, -3.9931478044933546, 0.49033430031479774, 4.292373690734581, 6.966497806267775, 8.202970801725117, 7.849183797865767, 5.930871762934903, 2.676489020084607, -1.5173177064591992, -6.177399491123899, -10.79391233063242, -14.752298310707781, -17.25070104138479, -17.31701975415152, -14.059480605006248, -7.336177158355204, 1.475837461142773, 9.560644704806247, 13.987601591494059, 13.307296266156824, 8.081173447513535, 0.2589593349057751, -7.665711707718385, -13.386301726642872, -15.574011385797375, -14.347554041970028, -11.0042091314793
-7.786231476810979, -5.102081548081954, -3.501866756285416, -2.1883161452071622, -0.48404565240070196, 1.6604596087998909, 3.8233891596703886, 5.533459548309068, 6.548878384987477, 6.8624171117092025, 6.550871026356812, 5.6548885588056415, 4.181517550970195, 2.197548972016532, -0.07872429650280814, -2.279955545300219, -4.0294840490816, -5.142680769979162, -5.713521036688223, -5.9837496621791315, -6.101116495395827, -5.989734092572751, -5.4442509600633535, -4.341681929530985, -2.7782517909364906, -1.0453543414977453, 0.49207277103814717, 1.50546050062757, 1.7593649194309775, 1.145964613496013, -0.29494113759921725, -2.4229613880761063, -5.1329532727811555, -8.479639910638028, -12.607502682391896, -17.417029198409022, -22.237934185966633, -25.929623590862263, -27.31844135522437, -25.416973920880526, -19.468406939525938, -9.476975564055502, 3.0268442375839633, 15.267134082460746, 24.786108380634346, 30.66743763058038, 33.26140890124336, 33.317165572184166, 31.587224077115852, 28.78419113876855, 25.473597985962062, 21.96418105499891, 18.4109183789023, 15.015021135271732, 12.046805560090856, 9.69047197551148, 7.932745151831069, 6.604567979682699, 5.4916792584493015, 4.39198234522801, 3.0934178944903477, 1.3465343775822587, -1.084510373958402, -4.289110607571214, -8.080843222892444, -11.975604648099996, -15.319925285433406, -17.51620227177817, -18.221795799343493, -17.41037646623106, -15.28505025684179, -12.14339726016582, -8.30689671181303, -4.135104201655893, -0.05693612872705522, 3.445932690668712, 5.905416629109016, 6.948991627865489, 6.380017987752487, 4.242793661725552, 0.8201961100705244, -3.4695342360248613, -8.183052725028833, -12.811401350439725, -16.612247908421843, -18.571332018345345, -17.62565090606572, -13.048622671925562, -5.0470761580591805, 4.6172828948274915, 12.883848521453553, 16.90959051320962, 15.592934150455845, 9.739621016022431, 1.2890666176414634, -7.301470308334237, -13.590693540299224, -16.06440829582735, -14.84394422875226, -11.428230782031973
-8.165011860065974, -5.485889452460253, -3.892931354239571, -2.5421493391927985, -0.7769278114011592, 1.4016114522315894, 3.5492725763703317, 5.210341929333077, 6.16180491709143, 6.408972676978737, 6.066529835014233, 5.2406455413891715, 3.963502056031969, 2.2150175523985394, 0.04390249966677721, -2.2969648903559636, -4.373611231245354, -5.8061110014326545, -6.504846560710549, -6.660111238134836, -6.509963294821772, -6.132632730513553, -5.4370408494412565, -4.30844130592411, -2.7629437022575516, -1.01572814221847, 0.5499988393095885, 1.491281152803012, 1.4673844105193525, 0.40239235098959664, -1.464139445300872, -3.7328937846046544, -6.158549588811545, -8.90398140514197, -12.446800741543026, -17.016059978801543, -21.948598478305076, -25.724475025860784, -26.730799962096302, -23.848927392617156, -16.58714487482318, -5.452390685507614, 7.578714254395247, 19.629164104000875, 28.478373601979637, 33.46992311818932, 35.086124516952026, 34.22728999063372, 31.894053391261572, 28.997507163015005, 26.071737641996926, 23.148736072722933, 20.035046619127414, 16.730839232390526, 13.535344337302355, 10.804887947590077, 8.703459501420856, 7.162798311155734, 5.99143270438825, 4.977190620615414, 3.9052271184676397, 2.530413065749402, 0.5933029825550351, -2.078247721958329, -5.4304530894524925, -9.107315446021229, -12.510651761389697, -14.991999144630936, -16.08562044197931, -15.652118732929722, -13.856832082153527, -11.030611273030246, -7.540550238581248, -3.7545755896564814, -0.07369595519698681, 3.0499682943320856, 5.15831210621131, 5.886452742194177, 5.072208286606341, 2.811538882741462, -0.5995316852349833, -4.812849903538158, -9.505575830519675, -14.21454702493057, -18.031378942469036, -19.6035333020343, -17.65958236481598, -11.657494534198236, -2.283038328152263, 8.239921218797173, 16.65866606340365, 20.303429740844127, 18.41238131002342, 11.964910226617636, 2.852540377865735, -6.514896145294083, -13.550351025629656, -16.489259424303185, -15.371117263723667, -11.868985990618162
-8.461463160602044, -5.802710325504805, -4.252109121276604, -2.9040726017120053, -1.0703921870860351, 1.2179665287114407, 3.4496955349362426, 5.102005512156941, 5.908215744430275, 5.891120287808166, 5.279192145822642, 4.351846223089368, 3.2517023265936875, 1.8864622214566216, 0.05885823565595316, -2.2203162666130662, -4.549719266250316, -6.351408842379468, -7.285491879167791, -7.422624036211279, -7.055883800542098, -6.411503489747836, -5.512813918178934, -4.2452586133619965, -2.5475020782320743, -0.6098187419418736, 1.065696686764548, 1.833139424322051, 1.238733806461264, -0.6801361142495649, -3.358533552232269, -6.014580777973725, -8.173866735499622, -10.086847113501847, -12.64262075445498, -16.562427106792192, -21.336769906547403, -25.0867730023932, -25.694137384371583, -21.883960243106475, -13.46783700451557, -1.4554460266497236, 11.816984227211112, 23.454234938054604, 31.45505844017198, 35.360607820706576, 35.79395893643575, 33.87489783226148, 30.900328156910568, 27.99180596229388, 25.654430910029987, 23.630397239898343, 21.320923291721705, 18.433032248007652, 15.2173771253178, 12.179174706591947, 9.690954825196824, 7.842120233782856, 6.5112214178968335, 5.494106818071647, 4.569048179286465, 3.4923077102888884, 1.9957962014916957, -0.14793026893311592, -3.0009525110085633, -6.351119639577558, -9.703985546023251, -12.412606845432437, -13.903819990133854, -13.887340392321027, -12.427687856338155, -9.852060347168702, -6.590339836425318, -3.0729503981896396, 0.27834085027853095, 3.0334618818777503, 4.786308959496434, 5.242788860229566, 4.307673805933756, 2.1008018278765954, -1.1306653393058772, -5.153244550857004, -9.778510796290238, -14.607343620689505, -18.588816410508805, -19.984771405229793, -17.19480614388305, -9.815147890800084, 0.9003306829888722, 12.189747666304307, 20.648155259444632, 23.838990077732365, 21.347763754079313, 14.348882955028015, 4.703119299118497, -5.310615121164655, -13.076673775389835, -16.58901295981904, -15.71044870211929, -12.202579220381262
-8.624783002213455, -6.101018299828008, -4.6558659509385, -3.3160072431343903, -1.3364618667779338, 1.2054593942223937, 3.6500273440029876, 5.3072210214286955, 5.816042099523299, 5.248043962338019, 4.038978096468837, 2.758526597467556, 1.7654043425784995, 0.943974580635192, -0.20623308769136753, -2.0735986440490404, -4.449939804725774, -6.618184395195067, -7.932903369507484, -8.236213793144808, -7.777872137912679, -6.880281990233831, -5.675360994384914, -4.0682547002211376, -1.964786289495553, 0.38074600244131857, 2.2347974649166726, 2.684149634032178, 1.188564870987555, -2.0162442327589463, -5.940422966468803, -9.311322158965549, -11.318939255619204, -12.242131787245931, -13.421704329817075, -16.225035501040747, -20.486009460617083, -24.054889925426945, -24.270155367948824, -19.64481509469292, -10.280839549409999, 2.3381473958742203, 15.597073712194561, 26.63666384860522, 33.645723021297364, 36.32455526449342, 35.45544924154463, 32.40715129900118, 28.76472127778491, 25.844976973589812, 24.150513234530287, 23.187958172200783, 21.96781627635596, 19.840744070446046, 16.905136219869004, 13.737711407541584, 10.904054507654056, 8.689464832257697, 7.099619313303977, 5.97903580561389, 5.1108649644456206, 4.2503056343197265, 3.127187908735959, 1.4826245426743065, -0.8350255263762992, -3.755145506897325, -6.925017720198679, -9.764848642592995, -11.645562862218618, -12.121741411263546, -11.095464392664189, -8.817257422686744, -5.748110560531845, -2.4015938909794237, 0.7419409070438631, 3.2597688305093357, 4.808860425625535, 5.16559942176175, 4.2599026952328565, 2.1770826773598713, -0.8963384138268282, -4.774759926396705, -9.307178742818031, -14.142586666239694, -18.208893642431516, -19.507221775748484, -16.06723009466623, -7.503505137173574, 4.379861515090387, 16.241428304174725, 24.541582881423086, 27.120062651764304, 23.963309572102443, 16.533659706921355, 6.6797352138133075, -3.6078844809310935, -11.893383273127007, -16.002361271812227, -15.541487255494177, -12.236401692992995
-8.629360294334045, -6.432791210017066, -5.1647948387245615, -3.7732803636603025, -1.4744370844825931, 1.5334818887176722, 4.328881928395455, 5.968313396590297, 5.986318912693128, 4.552540543734696, 2.3770331841295427, 0.40378651370136165, -0.673564430583267, -0.8792960319209543, -1.0029281278631843, -1.9758842478831538, -4.011364687855884, -6.4122851756530235, -8.232778765777187, -8.961013349942053, -8.630122298664698, -7.53275641074006, -5.882234084423911, -3.6578885387158766, -0.8322226223963425, 2.156546046797742, 4.250466207947947, 4.258509775596697, 1.6080011024894854, -3.2226301689629904, -8.792841260381442, -13.268970303662831, -15.379019391404947, -15.32018945221827, -14.867233282960996, -16.14089019408095, -19.512360847891884, -22.712737838489666, -22.554606025025443, -17.272057968337876, -7.194317500541944, 5.776157470546178, 18.812571469516786, 29.122498175276117, 35.058808869310575, 36.46454942044617, 34.297244792277205, 30.166395181465223, 25.887649126875736, 22.919341722050163, 21.781968368539438, 21.845722683056067, 21.82729248161765, 20.72626127277293, 18.39754580310126, 15.372217231164203, 12.335082788763131, 9.76205504754295, 7.83143200299526, 6.492668394728868, 5.568527877338682, 4.822440339258077, 3.9855216822482302, 2.7841556061778596, 1.0065309824175888, -1.3979720171999717, -4.234327347728635, -7.051231715793256, -9.243980168377078, -10.25829940760871, -9.807843097071242, -7.982848672756815, -5.191115856318185, -1.990830895435246, 1.0703291857883424, 3.5431796125906896, 5.095368029018067, 5.497145752009021, 4.626263282485875, 2.5125627086851012, -0.6478148334451799, -4.576108463520842, -9.004529032224983, -13.567104416866503, -17.320517621715705, -18.29896215302874, -14.29481813296897, -4.81042080269104, 7.957053549837782, 20.12557005653337, 28.027723293963575, 29.81235092177388, 25.94513918817553, 18.276076124450288, 8.640019297492717, -1.4289653141124479, -9.899259470654139, -14.540527602457377, -14.664621346535965, -11.841713417280337
-8.506334712457724, -6.828071956773567, -5.771698521303185, -4.18044276161542, -1.2968326751057826, 2.4299592599341477, 5.7048633938428495, 7.306514780723552, 6.709079190094253, 4.206027707918519, 0.7548150342788684, -2.3255902654335716, -3.8853549101027998, -3.647479686957338, -2.547375679203471, -2.1255424769093074, -3.275304244703336, -5.592192328826699, -7.944871136737733, -9.37460397436125, -9.467989542785165, -8.276691076527763, -6.032041666296615, -2.8755920171638323, 1.000079281775009, 4.843640945517154, 7.233425312684409, 6.757555598314772, 2.8740177617593834, -3.719931566875806, -11.20362327225595, -17.17110905541097, -19.760052813084304, -18.93479347885629, -16.82369213913003, -16.33074345452917, -18.5113675605978, -21.163218359127704, -20.65892634249355, -14.9043514997818, -4.357337918557022, 8.738552075424934, 21.396525861791243, 30.904478149679147, 35.762793356483314, 35.956581099918566, 32.625605112277135, 27.581845193705657, 22.77930758519118, 19.728575056118334, 18.961570736094593, 19.821412058817486, 20.891825972264375, 20.914110989825513, 19.463408427768055, 16.902827271458204, 13.91213857668806, 11.091204498080648, 8.79597972006854, 7.131379854368393, 6.0137387980188715, 5.245797987519193, 4.571560657655208, 3.7152034401389122, 2.431642062085667, 0.5822778362091012, -1.782516531510958, -4.374362658675069, -6.696451392769254, -8.178074356014774, -8.383729184727642, -7.1969900808321166, -4.870054256178966, -1.9141339544527354, 1.0857174701132326, 3.612233959573911, 5.253448174072608, 5.6831966896204635, 4.696976070360304, 2.319782309001749, -1.1621288438001671, -5.3133237654696455, -9.663799005912797, -13.708092794328138, -16.637394341411966, -16.813445000442517, -12.119572320739085, -1.9370493478310309, 11.38490798970609, 23.5759096722711, 30.865032740070628, 31.725021575198934, 27.153385128555687, 19.4447279346444, 10.416856941372252, 1.0352487120421672, -7.26186206923197, -12.316406002515226, -13.139380538547217, -11.051394677186586
-8.319205263511906, -7.253062250985753, -6.356593796038422, -4.33692456668269, -0.5620602554685996, 4.119624616748255, 7.980620388861603, 9.584093545719742, 8.41824652247807, 4.863758484145003, -0.015304209427135567, -4.627424816803902, -7.278041425995078, -7.107020018301425, -4.903520234924722, -2.7400892742509004, -2.4041552546372915, -4.134983367453281, -6.8655109145995485, -9.19283791143074, -10.027290265249839, -8.902403493484336, -5.956150530553103, -1.5945519130870836, 3.5827889452443755, 8.397800824618574, 11.094365517266631, 10.158563546657003, 5.151462460314266, -3.079688028979856, -12.493253152320195, -20.195083827819417, -23.653999302575166, -22.44215892078345, -18.90509786157216, -16.663059863278445, -17.511045915796803, -19.491603564293627, -18.685240133198047, -12.65930090752629, -1.887209666527267, 11.141064363711411, 23.31776294909135, 32.01231225247799, 35.86542594335838, 35.009209987357615, 30.754606022057796, 25.054718391296554, 19.899773703808215, 16.753134654424432, 16.124739006589117, 17.415014331320073, 19.253097063639718, 20.284695830855153, 19.849378477392317, 18.06042129625056, 15.45198057971461, 12.62505783117864, 10.056042276691768, 8.018501794166296, 6.574216660439586, 5.616007535030887, 4.931304608165753, 4.260095599804647, 3.3478965370848677, 2.005921114703639, 0.17837502616000717, -2.000782974606568, -4.192126698056212, -5.91084602809552, -6.675471605941515, -6.199982477023367, -4.529061173040927, -2.0320983792853755, 0.7318105282639914, 3.1727279353575426, 4.760438953888088, 5.073459216043376, 3.897856117675923, 1.3240393930090955, -2.325607969022301, -6.631948335987624, -11.013150163131584, -14.650463335113828, -16.590040513129964, -15.556910160052231, -9.914475684097182, 0.8557949694972772, 14.428447317268073, 26.38380994103745, 32.91793776387661, 32.81658727462616, 27.59593908592523, 19.99471813966398, 11.837457482446112, 3.50098960555172, -4.31057639252699, -9.652027416116, -11.234519361990118, -10.03846614466062
-8.097100830954243, -7.572672037854789, -6.679628474168651, -3.97932544199718, 0.9353136964105039, 6.7081006794300215, 11.198452137090745, 12.871078058231122, 11.296103509825468, 6.879170361507947, 0.6207024988691597, -5.799400697866239, -10.16914038326677, -10.80525242226772, -7.966958805638518, -4.0052576278264596, -1.6710723856930048, -2.182829164742644, -4.896016830689555, -8.114952918663999, -9.933045536009871, -9.080681779908021, -5.438346103249707, 0.2501448539029783, 6.798975293022584, 12.524439732859578, 15.426285126519224, 14.056509067595515, 8.183077171616814, -1.2613499777235886, -12.249074839255556, -21.627011413784654, -26.22829412534465, -25.09321732900078, -20.590154239562168, -16.881997566291, -16.450769478363103, -17.72899360439554, -16.69744452882789, -10.617365897811228, 0.1357343082410507, 12.93192195620241, 24.57265385842545, 32.50142964670168, 35.49608214238445, 33.83008778089215, 28.94435164935434, 22.85995923437652, 17.52588701439483, 14.285800207852807, 13.580988978980209, 14.902440911836637, 17.064091560438428, 18.799661335970296, 19.331920012831795, 18.519721966217073, 16.646198238340492, 14.170643575768743, 11.574236754551832, 9.250030852843107, 7.420959837291389, 6.118130766471293, 5.219154440635398, 4.512108681528212, 3.7595851132393965, 2.758370301281112, 1.3959226011637442, -0.30140713762014515, -2.1414462058743906, -3.7816012001992583, -4.809051888258826, -4.884864279629162, -3.9006729356566074, -2.0611304140884377, 0.16222726464387324, 2.1750527917797386, 3.4249121092641897, 3.5461583575109574, 2.458372750791406, 0.2986170565138533, -2.841324149428057, -6.947504801607188, -11.559100512848032, -15.393746441345256, -16.871096443002646, -14.728785649240988, -8.002525258488276, 3.329894647171815, 16.92748266758998, 28.44546182890035, 34.16850499212173, 33.164439958390545, 27.377827964022277, 19.94104012244464, 12.752209449143079, 5.68241621331912, -1.3870971035816615, -6.893508808585924, -9.257959824315922, -9.000026800734533
-7.804717345280206, -7.578196494338716, -6.452505754222827, -2.8897866803357766, 3.2362536942666034, 10.044492379521273, 15.060417519312075, 16.75928599877203, 14.85422757607541, 9.790025709447193, 2.422266104467442, -5.7199750299565695, -12.141811737307775, -14.282022588983455, -11.505546249339366, -6.036114049288837, -1.4373484045099711, -0.10252470501638705, -2.1860013247839554, -5.99694280991403, -8.847140321740861, -8.470887264106487, -4.299159621468352, 2.5961376997817904, 10.334633729632085, 16.70214635854735, 19.58198522889339, 17.77759827349439, 11.398080027564587, 1.4385558913746468, -10.358265675620936, -20.966871164268007, -26.77756396483856, -26.20082450953881, -21.36572772484819, -16.694219992730574, -15.207272555679186, -15.838985938999919, -14.696156449770244, -8.805235473749049, 1.6688042382555284, 14.078655781165336, 25.163842581943133, 32.426524182815854, 34.769700187165014, 32.57140148812172, 27.326584579642613, 21.062825266319813, 15.669094878761241, 12.350612535037465, 11.43287774760747, 12.468587223407908, 14.514328155075976, 16.53784724375958, 17.80108993492551, 17.989093899450395, 17.10932396361608, 15.37302430811598, 13.130481220805796, 10.78629104334705, 8.677869967111848, 6.985131494917162, 5.715228254500503, 4.745495006038319, 3.8889495158699394, 2.9603936981612105, 1.8341526230599214, 0.48764155007720217, -0.9757109055305003, -2.3323664816527874, -3.284806260085214, -3.5561892334665544, -3.0182149083612857, -1.796112869029632, -0.2718708297658862, 1.057172354699137, 1.8108491953266417, 1.8994934431324983, 1.4676134629501947, 0.5400111737233128, -1.3534961253974085, -4.899120710886695, -9.919435399233993, -14.677443723697133, -16.6674587651672, -14.110768507135703, -6.518047298236143, 5.326850356146085, 18.816373894840233, 29.775034607554982, 34.71078516324195, 32.93015945860341, 26.655472155339204, 19.333960134964986, 13.044981376688611, 7.330824453285536, 1.2291388953330327, -4.287364459860445, -7.412951561676997, -8.056103721627453
-7.410840155380133, -7.124226784468659, -5.4999362563483425, -1.0399484667531396, 6.113835806112085, 13.661132121957618, 18.906451213214975, 20.400936258252514, 18.07357927430163, 12.546030794422114, 4.577450478179263, -4.714078260183179, -13.001465454099645, -17.05547249329017, -15.11050744507423, -8.783295968404898, -2.0765012804054113, 1.477490177395239, 0.665792173240169, -3.1706226340933426, -6.796168426646688, -6.970903934411735, -2.544596820194523, 5.198530442813989, 13.718343809232884, 20.32523377187533, 22.910042809276813, 20.661665379611776, 14.150886340454681, 4.4855347719183145, -7.07713820884627, -18.109452334236845, -24.94107279025856, -25.349535902916305, -20.91228559569369, -15.924720753201429, -13.717281881967502, -13.796685588655452, -12.646995708984942, -7.19014223837416, 2.714181203985899, 14.555034750167854, 25.066021811935922, 31.79198791806379, 33.720256009098264, 31.247621604201942, 25.828681297247158, 19.479254586800092, 14.078888133546764, 10.724494200618446, 9.58276590131003, 10.188474305422586, 11.808634220572419, 13.711400459684548, 15.336608672199333, 16.33126545317017, 16.496605634529107, 15.77512853631825, 14.290454117596314, 12.333550895912476, 10.254037825890284, 8.330570545564349, 6.698903597765001, 5.351731601932571, 4.184187830470675, 3.0571156007577116, 1.859977757741292, 0.5614275317690295, -0.7622297324986375, -1.930604235968458, -2.7050498027549024, -2.8792503291213527, -2.3936665104692803, -1.4192845943870744, -0.32928428392458103, 0.49900122245788825, 0.9659923734172857, 1.3361277393225985, 1.8986828545843095, 2.37048693621202, 1.6544116502270974, -1.440470891056723, -6.855516355994898, -12.62295961469451, -15.629884999030667, -13.390654432717675, -5.41555059212311, 6.779244475574284, 20.086410323134658, 30.4530702049956, 34.69191729886297, 32.28340558959787, 25.561262465670527, 18.216121546209127, 12.628387555812768, 8.240179487102946, 3.316306112606853, -1.9735679528109844, -5.768244958976594, -7.243807962199696
-6.978255175318511, -6.291471470627941, -3.9299292713410083, 1.3123264670790864, 9.077735183970097, 16.872773553512417, 21.928680231929846, 22.898048159284937, 19.99063662574828, 14.1940435344096, 6.3097980933990705, -3.1459386533461844, -12.554604478431022, -18.495093637239012, -18.07447789930624, -11.868759203960762, -3.7892891964685558, 1.7890075548431077, 2.5835501318529155, -0.6382614857364128, -4.451088710346669, -4.9572516136987534, -0.4882179286946201, 7.630780935527698, 16.41557143885527, 22.855920336069968, 24.92812960806029, 22.227321517901327, 15.848682257153687, 7.146661283372279, -3.1235228534530983, -13.539025943519036, -20.918327465610528, -22.583377944693854, -19.27396948797539, -14.702855196951665, -12.192419303850091, -11.804473274606133, -10.64196218121745, -5.754917691933965, 3.30683853410312, 14.342994366916853, 24.21257010689114, 30.5131638533203, 32.23176540974704, 29.655864456167137, 24.13358092374599, 17.714090631885536, 12.349315268324924, 9.061637622408368, 7.818995903805811, 8.046071132784219, 9.132416371968615, 10.626925733750966, 12.220330275974105, 13.654213851187988, 14.654736997512126, 14.971374282708965, 14.493507575098313, 13.317837189343555, 11.694614808860747, 9.905029239701785, 8.158058393421323, 6.546857104860161, 5.058277021185491, 3.6151509193988436, 2.1335497580390963, 0.5819938605472992, -0.9689328984896768, -2.3251166345379923, -3.2061795426244055, -3.362648105573057, -2.7386870930992586, -1.5750793119519577, -0.32939154934696924, 0.6224597919539857, 1.313522891753054, 2.1422787014161084, 3.294188265507017, 4.122788577659909, 3.285871748681614, -0.17446741796871088, -5.772132526214273, -11.562161490894264, -14.742764206109396, -12.69489858974278, -4.631645278472967, 7.677590383523161, 20.717442556400982, 30.51142464688125, 34.162143975917346, 31.23096818465997, 24.058709914418902, 16.546506427872995, 11.434364492026214, 8.256858359495917, 4.681781761071653, -0.050416465541485836, -4.309822154279551, -6.556798786071616
-6.584250524556922, -5.352810287139898, -2.1335246555533303, 3.6774830942933043, 11.518769752697363, 18.975561356259195, 23.39650811466433, 23.566219297745118, 20.007273678846893, 14.189999009546701, 7.101323888074639, -1.3605915915186064, -10.688395117552627, -17.925682234937366, -19.418803706127505, -14.483602546501611, -6.353633921489874, 0.3071581929760706, 2.460837716501621, 0.3110291960046156, -2.8993960670650964, -3.18167133341735, 1.3317166293592322, 9.400706460566239, 17.939537031584067, 23.857176120685033, 25.25857553504642, 22.08977310369628, 15.96268097872676, 8.610570343950066, 0.4460290530786193, -8.28646602034437, -15.463331468851175, -18.366379788289294, -16.782315634796454, -13.39384901567609, -11.103065493848108, -10.361503116708642, -9.043405391365809, -4.6423891743816865, 3.443176892328926, 13.441807296370397, 22.533672975581172, 28.419728659021498, 29.985721314173922, 27.31817380494479, 21.691635093230573, 15.26824546384818, 10.087772097469452, 7.0652044096697475, 5.936080849480544, 5.968683844291363, 6.598019317109194, 7.580513313126907, 8.845420636928765, 10.299349195000529, 11.720740970721941, 12.79805139146303, 13.270092315195551, 13.046090109197646, 12.216510890731907, 10.973484762932202, 9.513918584034636, 7.974344188239102, 6.407431711156663, 4.792504106066164, 3.0706646623336495, 1.1988812802807103, -0.7807138965777837, -2.6738891337327035, -4.12273500792386, -4.719203097292088, -4.240760966017744, -2.85761738599547, -1.0939660690778101, 0.5180855513508038, 1.811332705126337, 2.9051552454957643, 3.619622737700654, 3.09129538406103, 0.33416176440905127, -4.565352969457533, -10.085751921530846, -14.353004304118723, -15.767881621637489, -12.66603577954644, -4.234536310595825, 8.015150908193863, 20.62931119156628, 29.809383992127366, 32.86713012576366, 29.39448434488943, 21.79068972870938, 14.143053611455755, 9.426056244185435, 7.3161814365127285, 5.160510629568782, 1.3597759673493963, -2.9964524166205555, -5.912047316983675
-6.054755366012458, -4.437079226100507, -0.5187457101206508, 5.518811893007097, 12.839605012277538, 19.299838643598928, 22.599481380670145, 21.78719897671899, 17.716036779433747, 12.260326536180113, 6.587552369574187, 0.1431898501672981, -7.699146939465254, -15.03730850837501, -18.211261525570137, -15.472044555863915, -8.880156282475332, -2.615829672906417, 0.13769420790171227, -0.7983649767486595, -2.708621497019029, -2.1462104480707165, 2.511528958488557, 10.135184119507553, 17.86778068871518, 22.82275620464464, 23.350288436468382, 19.743088212364203, 14.018287711363806, 8.21372053430919, 2.5736827894165804, -3.6510761126694544, -9.67983995388424, -13.313912825101266, -13.611969559955847, -11.978826558526883, -10.4744600538754, -9.63449688665911, -8.080850841332401, -3.995330193489381, 3.1202426871959723, 11.895977787214987, 19.962135522638576, 25.187643407116358, 26.358315539248515, 23.453893207958846, 17.817519780996598, 11.710929642426182, 7.090023942398506, 4.62697379694128, 3.827210781924266, 3.8586369846967394, 4.197231426433349, 4.730579586539584, 5.54674992079547, 6.699384020431633, 8.08159478812034, 9.439169821140668, 10.486261064785845, 11.030254190213272, 11.023737902937235, 10.535516890598668, 9.686020364389384, 8.588600832771311, 7.312510917019736, 5.868458820304738, 4.215530947477281, 2.293128001391426, 0.08754576591075212, -2.2686336415698998, -4.416123710076574, -5.817208222493356, -6.002622620337043, -4.896663553875295, -2.9331343933656537, -0.8023205545500008, 0.9236880183031518, 1.8191295461688324, 1.262997692523894, -1.6037797524711417, -7.068402160074691, -13.761273566794396, -18.984931622468398, -20.815992707767805, -19.018605640727873, -13.558095016679122, -4.210932753075898, 7.856194672555771, 19.706218980333507, 27.923500873939716, 30.053488578746567, 25.901092709334357, 18.11037555656674, 10.769630229774544, 6.670273809881729, 5.500153751132327, 4.649034547999257, 2.071886619346376, -1.8277106737907747, -5.083691966917315
-4.975731634628895, -3.352279960977513, 0.6309966564298493, 6.175968894350931, 12.173619112550575, 16.86720047938512, 18.5859560643448, 16.876506026014848, 12.850684976621773, 8.40023263377385, 4.604935761062867, 0.7262434476232604, -4.5125401874469, -10.40928275985729, -14.168511546128874, -13.683198619925104, -9.714351195672593, -5.1992454208817485, -2.74232170048907, -2.686997436882674, -3.127120701670541, -1.619428419912881, 2.8951729506744583, 9.38697481115529, 15.481470442335873, 18.839884564474982, 18.331800798957918, 14.625089785044329, 9.796801369332535, 5.753059211075651, 2.607386442401396, -0.8475939369534465, -4.8868736354606135, -8.212598767552588, -9.71507222838039, -9.720261148738166, -9.265952435877244, -8.673235324701183, -7.118547643271277, -3.4888159434460104, 2.4506072238387753, 9.605262516973083, 16.061269841429834, 19.98090689954328, 20.298086960706883, 17.16559074789591, 12.038277562264469, 6.983451338844069, 3.5048131918931733, 1.8884280624841272, 1.517299601756289, 1.6313981208494202, 1.820840519243948, 2.053767278148212, 2.4719110570141742, 3.1928914005325977, 4.205658410043422, 5.364630463340256, 6.458577351638119, 7.3013822889783935, 7.78852019799396, 7.900800187371938, 7.675080037614364, 7.1679629098635065, 6.425556797631678, 5.462361853666141, 4.250751348480034, 2.7277351128337157, 0.8355064238085328, -1.3886161239216932, -3.6980911273762453, -5.60131885459911, -6.525793720107712, -6.154473463205469, -4.683359419963752, -2.7589712819238765, -1.1920655094040864, -0.7980707750137146, -2.435908305725607, -6.820372933799681, -13.73968711824419, -21.173656923386865, -25.88266716921676, -25.84733398019909, -21.493899097774488, -13.999042006407553, -4.025927342533737, 7.247859575018975, 17.434288982206905, 23.739657956279615, 24.332532174588195, 19.64499915022029, 12.520408504102516, 6.464902729564399, 3.469874155912093, 3.0809354106942695, 3.1601489223986032, 1.8430016909996534, -0.9881921141056969, -3.8904469036075904
-3.4491136959414828, -2.2668803234267654, 0.6554993479110032, 4.456429583019234, 8.116086653471012, 10.490077750975741, 10.741941989856219, 8.924605103416438, 6.0249893958867045, 3.342340019822318, 1.518878233401978, -0.04760216532944284, -2.475011926366184, -5.7965655336057, -8.543494285144721, -9.178357375156041, -7.643195376283386, -5.3648165299929556, -3.8579966928864953, -3.417927374459329, -3.040265518892871, -1.4276929550125954, 1.8776418782333275, 6.074360895997634, 9.585250592441806, 11.007878302698177, 9.91331093559732, 7.07946238786417, 4.007303654379183, 1.8909989811596715, 0.7046232455363444, -0.5359749202247602, -2.4023567957594687, -4.407645491708924, -5.819678839878541, -6.487839729036282, -6.691208962174028, -6.4760021554089375, -5.385704952318614, -2.867232438712675, 1.0910091690150345, 5.681374003551615, 9.577227943791728, 11.551115459111276, 11.035154057464563, 8.418798417385077, 4.897908784120146, 1.8150289374436563, -0.06624381048473964, -0.7805354247761223, -0.8253700529169874, -0.6837117355454887, -0.5775389177188124, -0.4961306552343771, -0.3324300635724236, 0.006005847045617788, 0.5422101449268512, 1.2215177098675507, 1.939085032054051, 2.5843258828237037, 3.076066004917174, 3.3741489923032124, 3.4721209372723596, 3.3824360094884787, 3.121271053133604, 2.6949736842144896, 2.088870378228341, 1.2621504622827353, 0.16052227151834006, -1.235576471785139, -2.8268449714396398, -4.32957217283752, -5.329719706482759, -5.496309554901539, -4.824477099234033, -3.703287627501102, -2.7745569529133243, -2.759652980750789, -4.356867035409279, -8.047405026519522, -13.586324175414212, -19.393223060215597, -22.912163746452414, -22.408941287653636, -18.140154711993098, -11.355185332840827, -3.1492950739508596, 5.212759905657956, 11.935212506603303, 15.256251242568206, 14.438299987527387, 10.46347809840404, 5.602553743527485, 1.9686568754534368, 0.4334102922961867, 0.5128949761534292, 0.9255443941895055, 0.5361514481499543, -0.908387960803617, -2.689853454903737
-2.4927168431087092, -2.072449077241062, -1.07499252071036, 0.13731652618924378, 1.1701375264908667, 1.6762917566898385, 1.4809304774293215, 0.7060032455394223, -0.2772286306354329, -1.0619017733311782, -1.4809486035902126, -1.7663969055994877, -2.3287034070530517, -3.265957824781351, -4.181519847389477, -4.5590157061740735, -4.27239952801337, -3.6798907610041605, -3.2275633531381733, -3.018247760189307, -2.7684386893704884, -2.120995804731666, -0.9976861213407483, 0.2863118182729785, 1.2141447093160846, 1.3983774337748076, 0.8134711576876098, -0.2019916468946532, -1.153425149904661, -1.6975701155946523, -1.8861766024975268, -2.075310398661525, -2.5085229623054293, -3.093074661657928, -3.605243975161913, -3.940799877061712, -4.112074456844745, -4.087451479033606, -3.718639837536988, -2.859798413885219, -1.561609122072527, -0.14355728021692762, 0.9355988166128053, 1.307151919025882, 0.8723446512173372, -0.1449891058739643, -1.3111000405382773, -2.222755348747002, -2.706477462885083, -2.8333904919400714, -2.784092651778195, -2.705374357612541, -2.6538658075123065, -2.618107543966345, -2.5622436675000744, -2.455948986575862, -2.2879921829273564, -2.0692675909462515, -1.8272190263041381, -1.5945472456215928, -1.3986389174960805, -1.2565541446982365, -1.1754250484048576, -1.1555665559949202, -1.1943202900061567, -1.2900142962082601, -1.4459566494284182, -1.6736793189022785, -1.991978019347919, -2.4149393352803328, -2.9249749454447698, -3.44378285113339, -3.8361550285878026, -3.9732930546346674, -3.825482315999807, -3.5081351823275786, -3.2459394732601163, -3.301863122128489, -3.922655204111417, -5.2751298915434575, -7.2870994249110685, -9.407573659882823, -10.665276506627617, -10.317962987944563, -8.402214574396552, -5.490912249495278, -2.2236126731359787, 0.7618414401227047, 2.8244025631437215, 3.5163405935857908, 2.831965103139121, 1.2989876192253966, -0.2891100658067805, -1.3406191548667987, -1.699038829398893, -1.5740488055652728, -1.3534502863211857, -1.3714750482713907, -1.7344545463208736, -2.2620637503057996
